-61.4045448532138	70.69827297931627
67.70101459670049	-127.65009751921359
-0.19492644452176833	-131.03667789950524
142.93176260143025	-36.562276273453804
34.658952020193134	-101.02090283755693
-29.368725075373195	-106.87951171835451
136.26833497800206	-49.0176201562649
-80.16969308649797	-99.36458704121286
23.656251212275002	-82.07313161777736
93.44441126001324	-70.52623030249669
3.689963366014771	-143.48894289158636
-121.96304221360198	-72.93305925371175
-71.88854378673186	-121.6737326506766
77.90645129267824	-72.33338697999416
-83.25661050826358	-67.59388283073729
-8.604392583358225	-11.337701333784661
-50.47820862121281	-114.06572040085632
-87.64287709394789	-74.98471880603434
-12.976637511752234	11.054058660777216
88.85582048915686	-58.34355940612633
-45.91084891732222	-123.06866994946591
78.910185618103	-64.54779370092315
58.621546791911925	-135.12172666808235
71.73770308606481	-74.30897388497024
41.05427704895148	-97.26072287899473
-24.58982586864879	-130.54054174909746
-13.593227878465443	-119.40233213417976
-4.563827593380364	-106.00758289378923
-43.565781818376166	-108.73455959656519
50.61841859379549	-139.60482975691022
-83.45018704233497	-74.06279425750951
-5.161687501731179	-140.75866203529395
-35.096058399107534	-92.01233945479092
-13.514240252537705	-103.73843364164878
18.249123241783778	-127.96621098069112
42.47362069716323	-122.84944645467644
8.173645085272025	-141.17482584085627
-95.57659361757233	-85.51997236218716
9.745116151482469	-83.48813175924582
-41.44004842828303	33.92506403487945
-62.11502085330566	-118.77359203493245
-12.744817728037837	-135.44030101115368
111.24603066678868	-40.82378226705775
12.878760595202866	-149.13132706385858
-109.61519779980868	-76.9534014118363
1.0750884559467901	-85.77772537107207
94.0446353052628	-9.097330282177396
-11.894682924923828	-85.37224035860059
99.4071567619853	-43.068352219673166
-12.679893606020457	-7.962930755741358
-71.62894732809217	-64.33316011454457
-99.3554788889404	-77.32853816398818
31.555148285376617	-145.30996411806112
71.62328235872462	-128.0012030267709
-88.56300494803794	-104.22542027377484
93.81399463823604	26.38493610361606
-83.1250585494128	-95.27377357440363
-5.378856361052104	-102.6148699365763
-42.46426857135113	-124.79889514828665
75.21061904738939	-128.5866094678553
-62.99111253857495	-122.35897776732449
-0.22610133331478693	10.056287610087198
-57.80183932668473	-114.01885857527151
-2.7250974976912974	54.87290172037585
-18.564284122525756	-137.21236853224158
-48.56584901072737	-141.81332039160543
-55.14557813070063	-110.3930704463264
-68.58290658030076	-66.98218041069542
-34.98617266925532	-114.94978968660843
133.67868661029618	-56.54205119972501
-32.85224154635129	-107.08795171793685
102.39503645296189	7.338684854649132
2.4258181200993874	-127.37618040093184
-23.11866986162357	-3.54833258121439
83.72093612206541	-31.012242645431755
-56.72314419461912	-30.526328144055018
102.07185537000908	-51.32974090302284
-49.12694054215043	-92.37972551495766
108.63213619257542	-70.85273402950192
-53.838050221514216	-138.27414366478035
-19.087136980324395	-134.5451762250635
6.3338847265608	-81.10965008589436
125.15432300620297	-67.72801280244748
31.876619134697656	-123.72099053831937
96.61775555957162	-73.05042518672649
97.79703890586111	-39.19556890693457
92.89897202967948	25.274219042068854
18.942574819297	-135.91721010058777
-22.024804891122113	-107.2553551140797
-41.88109568185265	-137.7583359007163
29.559327081924827	-135.2664064659033
17.675987602489528	-131.70147192420632
87.24323374486866	-120.76587759628755
8.857465339190414	-137.84429984782693
-78.8816868832698	-110.13885351160535
133.34474072189624	-15.349218423412553
16.31067867792577	-70.85348098961062
50.47320985223902	-126.64344026846314
90.79678560457191	-105.14682505469897
10.208427924664566	-75.88234041800845
-90.55788530228345	-97.20363977034292
107.36183690864479	4.786342117306681
31.377526670396747	-94.01790337658393
-8.844836644214523	-125.43562427362171
-12.015417852504907	-113.15962991114687
75.85238876742164	-91.85292615650687
-80.07462705012503	-95.17420684986081
-25.30240782385146	10.44888659632754
-61.76671232547003	48.055778146628946
-52.11752325453511	-116.01595329997153
-40.3370932189655	-140.03382382377617
-60.04184382376985	-126.59306918898076
-69.25517963300452	-129.0100397260305
-15.736661858150741	-148.26214006386405
-72.12663055890488	52.230669170723175
-8.62831577175191	-110.75351408518372
122.63772692315062	-47.832054436120615
-83.67023253176733	70.4978733770619
-93.19213722938365	-96.94219526614394
33.67461880927015	-137.70688998069878
-72.3509947420649	-122.34530330348304
95.58845105811271	-37.3788637122697
-42.99859445410113	19.0374096137004
21.66988767981239	64.31998486504621
-9.29291166725633	-135.9710741108054
6.029819649806522	-135.598486889433
-42.3027859498928	20.18500685319907
-60.56007714901312	-87.89580103481062
-87.08568679899639	-29.629005597471867
0.7662936461688439	-142.94823420310243
110.79845966941524	-36.50114757454581
79.4842271523878	-48.52737634206658
-24.634103723585643	-131.40456852415576
121.34795694146923	50.15049038150006
-91.50172443865331	-84.36598768127921
-105.51246551068657	-89.6351807840485
28.739431841214294	-117.5695200551288
-56.453806031056494	-123.80271029429024
-68.840470533084	-112.20226202942344
-69.99704383985846	-123.56832210923105
3.620671290225905	-85.40363028624331
-7.410386598017828	-133.3086337862539
-13.168444128118821	-139.45725053316337
8.93381926330149	-95.71134322817585
50.222013091889316	-139.45857347008732
-25.26770405957366	-111.18159520977365
-64.71118852020409	-93.8971075096737
-78.4236408021755	-108.88091993293774
48.42163083323988	-77.45036350478944
54.57709945117492	-121.26424958504984
4.063851487035544	-129.5351874436252
64.59538793596786	-27.90495007514831
-17.190678637444037	-122.72123538444929
3.541385894029609	-141.63096065109195
125.02103076014554	-72.6780640236164
-60.82107338463997	-123.51931732674252
32.09068530017618	8.835389370665133
-44.1324804752752	-0.13670990312858458
58.37637618575281	-134.03207628687954
105.88553234512551	-25.063198901163492
-58.483064911329436	-128.3063767349898
126.92530384109396	-59.5233721778617
-5.59481973857062	-75.51113809738553
-32.35761993667913	-54.703351842995005
-22.92099567372006	-133.912768634651
-25.010462895453642	-50.48851807728956
-8.498763492486153	-102.44038497309039
43.578984764073795	-120.38046646625811
-56.520115438204144	-68.01846533243256
-2.944512363428619	6.626650611383921
-91.73315923428818	-104.82515966646599
-69.80951193258973	-72.79094243247384
92.42696989526208	10.283449836800681
-16.006362558341536	16.1136609200166
-10.775282140083112	-104.88152926099792
-22.46647515165987	-121.06885593047691
-11.202136979580384	-120.27626807933143
105.68056293927772	-103.74054767434241
21.654864275159643	-111.90821171540692
40.76701785444653	96.88896503396869
107.62649877126955	-63.486126238878825
25.756852329681287	-82.79173835836595
-100.64061059634977	-82.72013437912227
-19.925294832541162	-106.80844579685618
-45.87815994589981	-107.45346726167689
-48.05005303082358	-25.040988752726697
-101.61279592921115	-61.05135849328771
-78.49643621444467	-72.44824767807364
-27.954510119194993	-114.37703571639994
112.08828810590863	-44.921991911292096
-23.90141819003045	-102.91311483347536
-11.520625196492182	12.00351890892233
3.9077021765088804	-113.08752682579103
108.84405047956213	-14.718930693382008
33.367369415567	-123.3630249054877
-14.823552304742579	-122.09089130326424
-13.676992851426357	-0.7756879003221127
50.14152322160219	-140.9905169281891
-32.901497574803116	-96.11380792387712
42.24005987917077	-135.03767085787598
