8.398465740875224	-136.72855221298616
6.662492173918858	-87.90654732360709
-26.086449330389488	-122.50605913417351
6.309538672535725	-113.76428772063086
102.95011595155897	-100.46034897672229
-33.73752994276237	42.60159724016711
22.155995483430356	-93.54126240107324
-24.305585522070366	29.20753501950978
88.20298266289002	-88.36096943423794
-108.43714961214455	-86.23792133673983
-18.167218417909965	-133.6171692043598
-3.4209211928328727	2.130837106953293
-27.896174436973837	-102.57153934328626
-53.29963878118683	-111.50093077455335
-44.630590285316885	-117.53951635551549
-56.53635718940183	-122.38104803240118
8.526844493470538	-119.90985185656176
-52.887193580109134	-49.67451707821891
-44.587878585205274	-131.7899957696451
-71.67963222859245	-54.59017750352469
-39.84038166232758	-144.3071308922345
14.874806650309536	-148.46793580462872
-66.57349895962986	-113.62551971737312
-20.7761209559744	-104.04533454817737
-46.59175659558776	-79.83506014225698
117.89239911243712	-54.51843505236925
70.14476522381933	-120.62863954453222
-10.705544163429403	-140.55737397918483
-18.875932737152034	-146.2226904029631
-66.56750611125196	-96.7108474797467
-10.139583738127516	-116.15578495976675
-48.77918139889517	-89.43244890765077
-35.18779433189225	4.031555336919398
116.1544614093086	-12.226053858398052
38.61320114315482	-116.83790375346364
68.74312321575565	-109.21555390291041
69.94082600486092	-124.63887073463692
-121.47672353058313	-26.13770339713818
44.99896531647058	-143.0154685341331
96.36368258162828	-12.14318978552124
-108.46755809631863	-52.723434545616406
46.53768925484222	-126.01988753778141
-33.13966477209084	-95.17996749685072
-4.916551742753445	-142.70571619943848
15.927962015292087	18.931865021984848
-62.60131736206895	-107.10573007576414
58.5655800589241	-103.38133262638972
43.771560007255985	-122.20200533579923
1.7166231935872314	40.07084356242192
-65.51068318574747	-75.53013012467486
4.3704539145725985	-130.85044542125192
-37.432027290215196	-99.95785354445675
33.94954277987777	-132.38086808146676
69.4159592488462	-127.99067872604806
-52.474936236796864	-96.99069581915808
-106.1452990286383	-104.48211074481986
99.54050683139178	-38.67687858421501
-51.79912192584905	-82.89636120217533
-63.1560499259918	-119.21085149321391
-54.21552992557766	-61.880199042709116
59.20501074739675	-95.1737483761757
-50.49336979020487	-109.12954565102622
-70.60949555960795	-119.4501753606726
44.6683313886546	-134.33243452081857
-85.61070118355028	-47.13098430163551
-4.347858522955239	-15.894241952152997
-1.388206755360164	-126.49245375117368
-20.572030760334805	-117.96995558261108
-105.99911701662766	-102.47208381646163
84.42789547984384	-82.21526844129934
-21.777041502626105	-141.1361801284676
-68.59524460937317	-107.32151895205888
82.35305357537445	-111.22128021089598
9.38414304319953	-105.36556887481271
5.963775336657936	-140.93480050478803
-120.80866639884168	-64.91445922173675
-114.86683062033633	-88.35638746840067
-56.6142256341672	-136.85830993358996
45.46437427648232	-107.66123156602133
75.28229311987394	-72.22409894298535
56.30112664090931	-137.37416569417897
38.331783153608335	-110.75553203371113
-39.50093836406285	-125.47501319177196
-36.131498197077754	-85.2401417921186
-48.956647018997195	-95.36170049339721
-65.84460172069484	-87.57549936599034
-41.54086011175883	-82.39538896633523
5.068240247865667	-125.00810688945725
88.85730188878043	77.65701277517465
-36.071703851399235	-117.33019571992553
134.21282644446526	-65.62112349797168
123.94204361130627	-28.795719880919567
-90.84581120104117	-84.91078264691198
107.98648202145623	29.911914904679325
124.24214176780345	-55.29150686230243
-26.977937434066106	-8.99717857981685
97.97888840044163	-102.56728559957162
-55.61566311843565	-92.84674686501036
0.48015390257963386	40.088831861270044
-1.5998156441675881	-0.1881360439892031
-3.5965573444203907	-99.55573010457735
-22.609118249223595	-74.04623155877562
20.614356251091014	-138.07825896044335
116.6765730206849	31.09624761781846
5.252418646309832	-121.86820745901782
12.060240121202748	-125.60504427147518
11.346200364094116	-114.86632572954781
29.038274594719166	-128.08846960254414
-110.58553320624588	-41.59171002971214
-26.51877693248292	-5.818991604578069
87.03202149644066	-24.959051221613606
-7.535010349440131	-98.81784944467664
-50.60710754277704	-129.64693354239054
-47.415466358082796	-118.3909999933697
26.721819160059084	-84.77903300068779
117.13081754846215	-88.8954924454227
-57.92442750638201	-47.92455055577404
-55.819236232296575	-104.32011446637202
-101.61024149093136	-81.2513847767141
-44.50674218897601	-126.15688887255143
-9.264232909577734	-100.35310348449443
-41.29521656799516	-85.58041919413554
-69.452640891237	-0.12190872954325013
25.031321416662166	-108.25780805927215
-34.062989947792225	-132.48771547098917
-105.66687358332607	-67.11829592424843
135.09335671891387	-30.47940391646323
-48.47108538359378	-130.33952232733256
-86.22318559608118	-46.867911639298214
75.50161779505832	-123.74712187267372
-78.9452612855371	-119.4447737999543
104.52954910637214	-102.2440760580242
7.381687491732976	-101.52613166912549
18.85175734641253	-134.76692886612693
-72.9812991021684	-125.84735612817164
85.50147913368681	-121.63594791417465
-59.56545506703516	-125.80976324632122
-3.4460708258957493	-4.372800600842218
-61.4914437975554	-89.79885966517358
-64.24655476246384	-66.42427196032438
49.5276703558715	-119.43782907356592
-47.07203161702006	-120.62082407131213
104.93859532065682	-105.9536324129405
51.53460270835289	-49.46232515301499
-34.47756568239102	40.76639085458041
112.76232405992114	-18.73687112582714
-22.930554872981908	-118.62885193095593
82.26911841066298	-108.97799309470811
-77.79821401705165	-43.74624781364066
-84.01523381432035	-86.0852345355847
-75.90728664151708	-19.95946269847367
137.06229713293502	-56.81308432066935
-95.49350354761013	-75.11390228556692
-33.39081325247231	5.198643333800411
-34.05897587332553	-87.4797351738278
-59.16331780834294	-120.40115009633182
-40.5258033523061	-83.81114978948904
21.957767675700886	-126.60571728335711
-108.3371423703608	-77.14120023394004
-22.18688941681822	-146.47571790664333
-52.650581658873364	-117.75938623602272
-24.975893266988827	-134.5076344923307
3.766673289179451	-106.94011673621083
-74.2262058653382	-93.49131943836734
18.12693529940035	-123.84892839629325
-95.89649645617753	-83.0617670768887
-11.841352209846749	-105.09695876697499
80.49022039644463	17.84369678018712
-35.86753724334593	-24.048453853564013
6.968908203096989	-149.55667503170886
-8.654672534833182	-144.4131409223937
-6.617816771266409	-23.327597808012346
47.14814897168091	-104.31631662874042
-47.38154317038114	-11.673271547915236
81.58007376811653	-6.396158527593707
-51.80976247342254	-102.83549601225923
9.135954549122523	-115.59775684072942
-28.229964568793022	7.739635125740103
-66.1483433184696	-132.7837870905269
83.71756556635518	28.469143908597633
-66.32500109951985	-76.33643106201383
58.27615305205822	-136.81010703638452
-52.34264260138048	-120.78157553695071
135.51777485141665	-64.26322732144077
-30.31604780040798	-19.65883399197321
101.65334206824767	-79.45776019245646
9.105228433580479	-99.06574075731884
-0.9284469001243086	-149.35356280515893
-96.19520527250664	-94.55089520301289
-53.30135277675341	-72.77814554016567
-31.39727922643586	-146.3046539219302
24.40330023249198	-147.46336468309005
53.87112782250506	-120.21080169060815
92.95770246496035	-82.39433927237376
-6.7329906549099965	-106.5890000368248
-40.52856927996533	-66.35217253527036
-3.4448131066357845	-138.84878049377375
7.903623849469199	-94.09659012225677
28.423358212350575	-135.6409386083579
90.57374840268929	-6.506775346688326
