101.64557018748751	-105.38088153620268
-9.568205196234732	-99.01026450217815
35.56105712993512	-91.84404010313828
-54.13679424443342	3.0196953020765958
-98.64533706910306	-105.32279368931506
133.7620301681498	35.41781201592264
64.59610154600448	-84.88033016384033
-53.01238045744509	-87.12894825659733
131.8941445500794	-69.64303376231022
-53.751557218856924	-129.47858492347808
-45.68601172894309	-63.24274956144785
-113.68345558579198	-60.851453617906586
-102.05049459745968	-70.43425144967652
115.10960209989199	88.6756456445626
85.83084712581056	-32.485767888376365
-4.665580014889109	-98.54186465320711
140.91510742576213	12.30262977586363
-76.1786372100376	-80.61297804069656
-103.23009802242625	-53.78848940920886
-29.929784285608648	-113.60714671511596
-5.071225613998431	-135.158495938388
11.807502182693971	-80.88355824193631
-44.95704121682369	-76.39925231686776
-23.660112838200646	-145.0482163529542
18.191543331901997	-94.29622421028762
-73.79360962205071	-109.1323790938035
-57.53236996821341	-94.72371812068754
-40.33183996452419	-8.961290732548814
-109.33032748245951	-79.96493284204537
75.88617639646966	-32.83470673343062
-61.38833714309161	-133.78076680258937
-54.344058844067455	-136.79924311647568
-61.89594554232588	-95.96533926616762
15.386932624327398	-131.53166554996065
-48.29206130077776	-53.90363699124765
-85.39580251195378	-83.11603540445321
129.10143095739676	-45.52487783002981
61.61201144562921	-73.83342240347753
-24.81972091128139	-143.2035775759033
41.238116278357275	-112.43529583648353
136.5980270155341	44.1605015297751
50.58851129738393	-87.02832088289543
-3.869963317158376	-148.29961469650897
-64.21263982004538	-126.61830049748603
-56.55255345954588	-84.57789608200193
82.8634045152999	-66.35424058927971
-96.34156769904276	-69.09879359459633
82.14098106344959	-74.73629523033281
34.81947949357747	-111.11748600186381
-38.17536126607483	-137.5256237379228
-69.78385870397742	-129.43899338222084
-119.64580965485335	-58.94441795834815
-8.400158002848233	-135.9822819529086
-79.6379189946254	-125.41144970886585
-79.40506535396472	-114.15256675558862
6.448146824029398	-103.72399491837646
32.34926667336652	-140.8499943254288
109.59149569701526	-84.55935171700916
-6.8820705160736	16.95419409305516
-14.899081137627807	-46.15378550950103
66.32163541319353	-129.78656047729916
17.501269260288744	-120.334300094661
-86.56072503137466	-79.34491984841719
-41.550656737385296	-114.47214330035649
1.3684711408018249	-76.30040400669702
62.09115090046681	-86.69157786309775
-12.917109136645141	13.843273934392046
-2.472598208200568	6.220041403636322
66.61485773884864	-112.90868746095862
-13.783662569621177	-106.06762798999155
82.45062317988675	-109.01162525561672
3.7374677038040347	-111.0020579363335
-45.59353454392193	-107.03562166496839
18.114020817314334	-135.5407803895886
128.60712354743652	-76.99751549287943
-91.9563854956284	-99.32338880683724
48.20767862799525	-130.22016353995247
-79.0749215211311	-114.09031172507197
13.249209173723377	-134.77716210277805
-56.2565978414382	-118.0773912643391
46.19250533291102	-134.68298287493056
47.79345735388797	-129.18922672493315
85.99072323812591	-14.634293533960774
27.86601973076054	-88.22594088419612
15.886529535530302	32.76028926920953
-59.08795146782288	-105.92236523919591
-3.5285762747450637	2.9578098943219366
104.16687607758438	-97.30976465945257
54.234593771443556	-123.59607800324198
-68.11888217999875	-107.5919036800887
-7.908854397687946	-6.100483552157126
-43.039995988821666	-117.44159396985155
78.82564378515686	-85.64228728461254
-20.51881940700063	-100.43525735071071
57.60118869637187	-66.44317110642658
77.30004843894564	-118.93029575407843
30.46738437932595	-109.05736481073136
47.26463527793671	-141.04172525550757
99.99538287059069	35.86937899764799
-9.058365849059108	-27.525629276783512
25.327250668624846	-111.91586542002823
35.99463149777201	62.97764257505078
-6.826201338493926	-133.0207691713375
100.92878879388911	-97.93006665739635
113.83518538135226	-97.19673093201712
17.458920619238686	-95.94964670745648
-20.548152233131116	-116.83298257009021
20.586866859327934	-145.38184040088603
9.109156809435365	-133.84144240676787
-36.9084289190934	32.05761989629469
-15.634662476535084	-69.90314154415876
-91.10838480213499	-92.88189409151212
101.22862418125364	-52.6390388451999
-12.574832428984433	-139.63126741142295
61.85421118810659	-112.60706701721563
-32.276956556751884	-111.74046785052037
79.84485563790811	-33.59349928502958
94.26714225639022	-116.64836830610393
96.62591802681946	-0.027073887676707774
-68.34583075838142	-112.12937914109719
133.23012931661944	-14.732637549798484
-57.64833645118621	-136.0013412529369
26.10485433494526	-132.94610812595008
36.50712548000389	-143.2135775131595
-18.91809746314445	-111.66196707057209
-117.6078927775212	-88.96747132471718
18.75615183857104	-70.66803489462762
88.33470651122487	-114.9328550450781
17.446591666068674	-121.12428128485033
52.39590631177794	59.93756968161322
9.20013105762276	-133.00035660107443
-84.34663570611934	-66.95697163635545
63.01642715834044	8.624007054120128
-8.653168819704309	-147.07038878247184
0.2721379760166059	-110.97716287199547
49.769736364360014	-16.48243198974384
109.7716566718845	-66.07124664053617
112.0581817170025	-77.66833498481299
-46.98626964019276	-129.5537482627682
105.67556635000408	-64.35024722398792
99.91217838832962	-85.93958836404903
-25.318311622084828	-118.45941291015056
20.015832269406975	-79.8478809590711
-19.35476247599374	-82.62228717404433
-45.69893080111433	-82.85335456973003
-19.117032474839885	-143.12914539505218
124.40902449585145	-32.735362542502436
102.58181486043874	-107.23038630770911
-68.35433566039895	-81.54901683567486
-39.45306138838183	-121.44554132745392
-11.848413383635995	-120.42912965522805
90.50399710202375	47.33359889688033
-16.810436163218686	-108.14593047297318
80.04028312831531	-106.57580082483499
86.40221913594202	-66.02572899193548
-84.77165854730933	-114.07013785126206
68.03208798759265	-128.0096606731426
-92.69218133644912	-103.41265535409109
-52.142514184445794	-123.11593944321126
-4.838476250047093	-136.20702034868165
52.95059352858432	-63.64579598484114
-109.06427521115671	-58.09224218320644
-5.508667288701199	-126.8487849010744
-9.143579341981013	17.90037289034155
-68.57606552801093	-88.89088551747473
63.10424975549861	-53.95514580341805
90.45081386894029	-70.18345429195915
51.77611864818554	-117.75487401740845
100.8654227513009	58.01571323965009
48.54384853051623	-141.26815680351964
-15.094160231497106	-115.5046909665135
48.20545511207426	-142.03219470552938
97.30622967083063	-109.18202390354489
135.0020373798958	-28.08636445884559
98.32561685990612	-97.94275100516667
93.59510270123646	-78.30790168872437
39.293371208373564	-118.54436064746255
-75.668172713354	-33.7433847119122
-53.73128026248433	-135.68923765030223
137.1934256447886	20.648775222522474
119.03586360027307	-69.27210068103395
97.5699147370101	-88.25794918153608
-45.19340104378492	52.6748844982864
100.97680212753886	-51.99561355854809
-34.910016022614016	-92.1332012959369
97.1655749460852	6.818287233348005
-10.629789222560747	-32.12302018568453
-46.247707400448576	-94.0248014094093
-5.4848026696277	-145.5118032979568
-17.072981447517943	-103.4870345621839
-100.97543306855438	-91.69278388838883
-37.230626362338185	-140.53485253957666
-49.89333359695013	-117.40843014132776
2.737509516213287	-119.77386622730627
-76.79646155579462	-105.01279280796588
-18.28635245506036	-123.00404960171028
-22.14193034519454	-132.3646890140073
-44.274249513302244	-143.26744938973044
140.24454333577216	28.54660782559563
-64.5529984196265	-112.60168391591418
