6.183220216318681	-125.65781054102237
126.25657706986686	-64.53326454391014
-94.18101169444749	-101.18684846170811
-56.50871066310768	-123.7857558078504
53.65097330212353	-117.4551677476967
-115.8969343716197	-44.28215662512294
-31.833718085947204	84.2725655504667
95.58463787438909	-111.57576420539114
127.02423339211047	-62.2224617873726
-71.89368040495908	-114.01601736811834
-66.90532691846644	-118.5658048182157
2.904968321630975	-89.52272329783705
32.17030535703038	-103.475662034483
67.08262440085278	-105.83397222270169
-37.606954427757955	-92.83751424628531
114.67974220765737	-7.966478631442256
-97.22912050617758	-6.629200865494901
-84.65950667122638	-73.62336938452609
-17.64016500938768	-127.50410763979434
111.37829821921741	5.012162669180907
-22.74824366383353	8.95823598822216
-84.39358059646885	-90.77115994934134
-43.9258416624161	-120.21677671154198
-40.90349131775381	-121.39224999977611
55.921770997406796	-131.06943027301753
55.40835668915635	-108.4666376274961
-32.04606328613927	-115.07064233999108
-21.102242957803824	-134.71314948441253
61.702352339564136	-66.21764167923814
83.84884048076223	-104.92538061124921
-85.1420253607737	-101.66870631977473
45.11898386149789	-138.57929817117906
-43.982204515155004	-127.47933659668544
111.2446589148642	-62.322799627100245
20.429677284427836	-129.2497347629559
-78.23945598046889	-127.32177678754762
-13.917092064408882	-146.22570254320615
44.8353821844474	-141.13234789757595
84.78638010236322	-26.470947794510483
-75.97675654994323	-112.68904778564225
-49.13038317504932	-140.20019254307937
-49.31092466486614	-112.65060030117313
5.342433243666329	-146.05709506392512
-70.64449352112393	34.82811126166477
-8.362431133532734	-4.929679920847618
16.202893401903122	-114.31097360764173
37.33925183726965	-123.1231474947689
-88.37847252380857	-94.09023330446571
-55.83705854072561	-99.59946175571976
-23.388792137804757	-53.58527983145435
110.63850365643134	-98.2208696886927
1.5047916738896239	33.34225001812001
-38.801176909002294	44.524343494337224
3.032122547476532	-102.46045695275839
58.93395768747154	-97.5292121073227
72.2951462746512	-28.91737590126403
-16.159757110964787	-52.88922794806328
-54.36676310349506	-81.49764049418926
27.548509345010906	-127.34152098763563
-12.151445075709296	0.20332793914304356
-38.80259969318189	-100.66361398354776
-16.53270316603694	-122.25426377811131
-64.94608873983833	-115.58850241864091
-25.54801027641812	-124.47035606871951
-61.10370724600157	-128.8422403368223
68.36114807148284	-130.55251373719827
67.04887100022421	-121.61817081371186
76.319132533762	-98.75292468574332
126.08338308343815	-8.25522879233019
63.83986292089905	16.80748028833516
69.89090382225226	-119.63919523561471
-37.45629251750671	-133.72168165060225
-30.02138106325694	-131.17989897145665
15.273989761890586	-123.242125185963
86.4752681127441	-111.18970539132202
-43.87952102642257	-104.71958703584973
78.405107876169	-62.46321872942035
-59.881393097766114	-16.204901522483595
38.899785961707735	-135.74773190992795
-13.184171023104	2.880086423426353
71.92897274382292	-70.32470671169733
13.906758229799827	-136.39189380396763
-60.34212053195323	-128.87891501440748
-95.99154519229816	-104.20046541202416
67.17832401474885	-77.3588198342536
56.853543795281716	-126.46113076332533
61.703980997984225	-48.80775509067014
107.03001640577416	-90.96605038973983
45.73087968231397	-141.97177359503985
44.01957832998536	-96.60465043195713
59.15775268194407	-96.33820876378087
51.71855835008493	-114.96840018832764
-59.318195463880684	-106.34297929730218
24.43754291163103	-94.85564147720612
74.09651039492022	-94.74948482764425
-53.66833546609734	-61.289774196165745
-130.252787638752	-42.31388478351337
-19.56376119319078	-74.10324609888913
25.172658397192684	-145.90304822309224
-11.997128400449677	-132.17566720598703
40.95534125331278	-123.37625415332214
54.797328667095115	-137.8115268354519
-24.009059049135946	-125.2509549785575
85.28436554871399	-95.67324675416799
16.99865369566671	35.978268831594775
-113.52283408522383	-64.05877449835155
21.05053606207147	-99.05595311589083
-9.983325312771404	7.331256182964003
-82.55826520687717	-95.51700826497026
87.02117784173905	-91.24015444800631
21.796626470034916	-147.26309111829192
-8.343996121499218	-2.71763439413754
4.44125210897714	-147.49937980088905
-73.18401459591519	-100.76810296530692
-1.5097180302711324	-0.21283762741512027
-27.440738946286793	4.3680816353922545
3.3079999055487694	16.517473770637007
-1.9336272509738532	-63.132575007897586
-96.43313608963898	-91.59120136347437
55.91108644873934	-138.82389252303378
102.2815240779138	-91.33850613174518
-107.26259977339863	-81.24268441615176
-5.713488238741031	-111.22866361658758
11.209145813713763	-132.35783534553275
99.75666485059978	53.450841469029946
102.7778036689009	-29.697290742035367
62.868752926571254	-135.89333744591394
45.924789856145175	-121.66443209024084
41.524340890233084	-118.21341538620273
-21.42179225298476	21.490658169822552
-36.46101888607533	-89.83363731434315
39.178960626248035	-133.5088151990372
69.52049141147054	-131.75280528897386
48.899464958240394	-115.63278305936198
2.4391430916598598	20.961809523546002
6.775758891682121	-122.40538919501431
63.655798841736804	-131.6361179573435
-21.90238746713529	-119.59392265457448
9.468543895456673	-146.18915396666304
-36.60865316237899	16.878358437915754
-1.912867913082268	-0.5755915823060511
66.00870147490396	-112.23975918170055
22.880973222496543	-137.2403230009351
-57.039342956288806	-85.82295708031891
-120.8756823446664	-33.57375263873243
-38.6728063268381	-82.25577621776831
42.226014354145995	-137.69498503482438
17.492755748004782	-146.80800496598596
5.872436967943261	-138.31375258799378
89.11386096580908	-73.75579312164236
131.51152895687446	-43.70086129818438
77.99710589966928	-60.956614772170305
-24.077379220566957	-121.82815624932587
110.48082038973988	-81.5879811969586
75.3604522546726	-23.454432787645143
-35.33462798666634	-124.94084608964924
-76.70615206063525	-83.13554228159595
53.01075182866357	-135.4926524286742
129.03703905142862	-50.68927841364753
-63.58224487053751	32.03898837691903
98.17223009834457	-104.21541133797108
-67.63932527332177	-70.00838869606095
122.03176983684403	0.5012657185173245
-76.3099913413156	-44.4397170114026
-9.458449077820706	-119.08583436274326
-21.968591258657398	-132.89320195055984
-46.76031173077638	-105.0176095813877
-39.9686356250661	-140.3851300671802
-73.96020928938994	71.75597711589859
-75.79238931810497	38.54904114495207
64.2481846342292	-65.74026336756575
-78.34365639827378	28.148584589254497
88.08318332965476	-87.16330754859085
-28.58280905286541	-119.60599619092264
48.10725059719351	-93.30660613866394
52.97231234630051	-127.40313699495844
-84.51931144720791	-89.03111984642605
-59.61733438938612	-98.18896461730561
-51.83384028998416	-89.67078427751946
70.80300751273282	-8.531551611866464
101.50776823612544	-65.57108630965557
-17.7886058968801	-141.70874673732004
-77.38414715452969	-94.63013127197509
-78.70957349990252	-103.50296089160992
-70.94485211168839	-112.35486849611672
22.741717858439017	-108.57212345854741
33.93959316762879	-69.90214819876161
122.19316232915614	-9.282904354121161
-31.584678720053105	-144.62886052474747
-1.794765043453034	1.7155295436954936
-16.300953419682898	-123.18705007741045
117.1237526644753	25.985174819797628
74.05233233460132	-107.2106016829806
-71.32488458738213	-65.13364153065167
124.0185888823698	-48.21493713565349
51.87155099225368	-135.44177657798957
-5.913808951425901	-123.06859119136254
-58.35335251200697	-94.12154011169373
-2.93943483876984	-15.234092452918329
119.97419542923816	60.812459493779414
