4.212029642223033	1.1166146618409498
-2.35359654680804	-111.81469443211489
100.58668788811538	-98.81245797627417
-2.1371807919022263	-121.5525890964211
-13.771533833483838	-139.18243379041397
-12.344294436674248	-92.42292149246661
61.744167907488	-23.9149041673245
20.57624810216463	-124.71978029192542
65.75459319876198	-127.86568362630722
-55.19465203400687	-96.1886465275906
-148.62408861037187	-8.347527359394718
-27.409825020631303	-125.2746359930693
54.24127610540551	-117.62786437261518
-67.98445761351367	-131.90451457506123
48.16790070342209	-141.8922819885585
2.4679446355545935	-148.71348112899062
-27.41472560338725	-139.71898210751817
58.276166903465075	-116.16211779319858
91.41685974903686	-68.06969294415491
-54.48300043542907	-92.01685626238479
101.4813673683605	-19.292597556664216
-71.0723631097731	-92.46062025617134
53.45117088978158	-50.81638837875662
119.89379025523074	10.408141406023487
84.57827773851766	-17.495783499278915
56.878998266493674	-119.17798538973945
21.284490617000618	-137.98975921711775
25.07585397184686	-96.1258669228426
-16.29720353412228	-117.12783502602777
-64.63993038105438	-120.99680285457484
-29.594533742800817	-108.51529951862813
100.90464230684827	-28.822309518704014
11.300445477507674	-143.83450270657744
-141.06171224315253	-46.351531747263444
124.26259556779783	9.531633065639978
125.99044307777679	-78.67277660357898
109.24591415197628	65.5799446288108
-55.91237355148629	-128.31828401680744
69.03251475269703	-102.12030842954896
-142.2247206798621	5.105198295869038
-73.14838245217182	-113.3178188309472
-1.5336578259499778	-81.54543906974168
-8.608098165050734	1.5525944003962382
-22.224769432606287	-73.18505134684192
48.177806713788776	-105.25926462678507
-56.07391505419729	-28.655616188058968
-41.286000153322334	-91.99152312329676
37.912910811499145	-121.21589203467995
7.825612129490943	-80.31179046960978
117.60340259623082	-38.1902642991589
-21.92508723699978	-97.42696787183786
66.94125821321977	-119.3240051002846
-15.628686766764583	-144.14871723829575
91.99720360644176	-12.169565113422154
-0.7008737133084955	-67.93070567570048
-53.45728846315266	-130.1660335479708
-55.10011725416407	-114.28036825365295
109.38423410195877	-76.96961589076508
-50.69671903995696	-106.60757907659824
40.26815456365742	-118.19079546241743
124.6142843849041	-30.055864910551126
-68.71330133725155	-68.99583899843263
85.14228531272227	-92.42630226617317
36.79268702555797	-21.059997986233338
109.84157761168788	-76.54237177189113
21.09293509735273	-145.76755054241363
-74.88119034659121	-99.82960121821085
-27.36190824728189	-117.0292705037151
-20.690429110536176	-81.93982854320416
-39.503737014478084	65.04758142057946
-46.120911255256615	-126.0757476117249
12.839622460425646	-118.34377242495648
-8.902081688530261	-3.2153821875270108
96.3818850692286	-74.98956525421882
27.09671871184848	-117.12028414359344
-3.9857119563373082	-147.48221623680197
-6.124645552217239	-111.94530726542601
22.059813380714363	-136.12645277244144
41.12780132980329	-105.57519641180633
100.85731640245791	-108.80840855762868
6.301387098994261	-118.2872619644261
58.27264384881246	-10.232861665171491
-60.36895876978161	-126.76663583154347
114.44538971127642	-41.36531565561489
-98.89943041818842	-80.61486627896994
-21.213576942656218	37.177049365966006
90.12638349291241	-106.65005837238917
82.66151332408803	-124.80507608602286
-24.78583389652959	-128.6787163430234
68.83472186372502	-110.05369018415095
-85.81041109769681	-73.48665509218657
82.35840349654981	-109.27312763496431
-34.022551865109094	-135.2017042165266
8.472682055361147	-119.42787146734304
48.75826266274145	-123.0412624246187
88.89761571471068	-120.79404643267375
9.823546345802171	-107.16195591246361
73.01156930070243	-31.371271608299786
-13.772162825168849	-134.48948048804277
132.19473334561175	2.918078268178973
-39.11512853821148	-107.00835361798157
87.26291731951059	-95.2858521172075
40.8528457818431	-142.20834287078412
85.86242449953969	-114.54670483441376
53.18892471964007	-123.3719988896506
25.500695915893612	-110.29693394803994
-41.142765025288796	-132.63038034381017
-71.20124601880326	-131.97629184106654
24.097793043840923	-147.19205143482475
-23.775664367855274	-107.09403257511897
58.456413078922935	-25.330660749894662
41.84558045650724	-121.38965568553667
-107.83688289081314	6.98148875899972
35.43549148936807	-90.62410334251776
-65.30067875160275	-92.00667819427747
-90.96698367342134	-68.81378094274235
59.485444029800576	-83.04051391246252
76.82568262421539	-35.57564185304732
-56.34324406285188	-88.86675166077025
44.995234143535725	-136.35169555968815
113.45456438625202	-8.628491532410795
-4.855361222429052	-123.67742688488791
107.46412961783116	-70.94418782860971
12.246703066840004	-118.84177947205436
115.63077572292073	-51.89364386437215
27.23338737252207	-120.3669528717827
90.72599098470516	-114.04842324012232
-98.60680384148965	-105.374947201136
-0.629939456224647	-0.1817789784032733
120.20030623582338	-51.828735916935756
-17.91247232143962	-148.47101593044886
69.57742482415512	-109.0735933565356
-55.139664925437465	-85.9423317744571
43.25160345561325	-142.4262500843011
-3.258741170192441	-132.23776831597567
-37.917852438358885	7.956337930972625
-10.07574308103562	-14.012009364028103
-113.36209967991066	-85.70075564483324
3.9514810520316535	-138.92100088176753
6.334065336675803	-104.25556856775586
54.06794607655056	-91.97142903305082
-6.1887442742261385	-110.03433666462143
119.18670994705288	-6.296648265666916
-12.45600029899668	-125.71860135821272
-74.60237070282892	-107.69512330497173
72.47748455358406	-130.30978520803933
-0.04044041874166042	-21.432005080662055
-13.612254966769044	-15.4619943388556
70.63693269384817	-124.37457141720567
50.22036195530109	-137.8172899818216
-16.90348398374113	31.026260047220543
144.75352355821815	4.426159092082668
-79.68254187375028	-120.5010394884451
52.110019631920466	-125.9201564932818
-30.949918170255387	-5.830042284297215
-20.933953797944962	-92.75461612582305
127.73327218731386	-77.29133930030827
39.27514608899653	43.85134956298058
-44.13983531138018	-137.20242591972783
-96.42271567319371	-71.19890397348215
2.6649355345517676	27.32641044719732
-40.43479710395703	-91.95842857192812
1.929813020259112	-32.94986185744484
-0.5361013762444847	26.12305540942267
-77.46929201817998	-79.17899291654973
81.44266323269166	-116.64545609197874
-33.82141606782557	-146.11017654099388
36.192294145557746	-93.34826529446646
74.3879843657936	14.447023982647492
-54.633067828807704	-132.43167078124574
50.659252442836134	-135.3104551980431
-57.053255612844254	-103.72530373505779
-92.49507142090282	-45.45254034609751
89.48368470181184	-120.31922036276413
-41.324355749760635	-138.26842453874866
-16.605675037545456	-125.26536578198375
44.08109148228474	-86.32060828892183
-13.930951732630461	-125.7195709237953
-39.63470722640624	-122.56712640909568
8.061602320805916	-128.8418029378391
-12.080918180784675	-148.88639685940154
-5.282940025143073	-92.83065098415105
51.147662324691595	-120.94991155857382
-20.0428364345583	-63.82497423013482
-84.576416847038	-74.24095049738473
0.5721207318860805	-110.06858128678999
-101.5289696336677	-78.72524499267672
45.40455435366484	-142.49626722414357
-91.16380268313279	-85.3508469454179
-56.741405640908134	35.005120304853186
134.2728383575245	8.61073206088204
-80.76506276613522	-88.5967944665619
-88.1447551071124	-48.35499960324544
-11.128483773878642	-114.6682649797427
122.47836014972619	-38.552552432062804
112.86027002108582	-6.396862665526877
-22.010444843021705	68.58781816377589
72.65919701448148	-105.10724246683871
41.439217175056356	-129.14184433531946
-26.975516852212515	-127.46544131238093
