106.03985821637995	-69.69903294458221
86.89870873719767	-108.1978726181545
87.22102233647088	-116.36766810671224
-71.96520501056625	-77.58235119722264
-63.8704900980237	-131.54237345881293
-14.70861196219475	-6.133600035541312
74.56552238117759	-113.36428605259283
89.25571720896187	-80.77026651315693
-23.420194377704618	-130.86948655239482
11.341437787911266	-125.14771523339792
34.769919311734355	-105.8480682312252
-55.81723771406973	-127.98977101832673
-31.304554823004942	-54.40631596315142
63.48946352675403	-132.8979310786055
11.617063384924199	-128.06722650405297
-78.27111148996947	-78.97565535414653
9.117478305236643	43.58182570605613
20.585966501630686	-121.86441425499342
3.877990821116962	-139.3015881180169
20.144071842749785	-126.42847797247354
122.51416009558666	-78.87647185102418
36.81935796567338	-102.5867444041508
-11.268099170786705	5.0170873748539515
-69.88832698418967	-121.54956125715857
-5.585743053540033	-13.055436030803754
-17.05795274608594	74.15919861937377
122.18029632620085	65.85903909978049
82.63212765682347	-24.009060306637156
-35.298018431878994	-49.5563886241972
-28.003213578223495	-106.82579083295431
-54.30202314899613	-131.49013694079915
-84.94175417419214	-102.04487952882187
63.03049050281747	-113.42052998335336
-10.836143819871873	-118.11157233805153
19.322141384456952	-124.95888084538096
-50.45516240321793	-116.38903404716963
31.87096880454463	-90.97793297528163
116.95385631233447	-85.20490709699718
-77.61452651916112	-84.31435971174378
45.2126496739187	-123.31482017512674
-19.98812789721166	-86.33310724250885
-14.280460965388723	-68.06625807128955
-63.263056503360374	-81.48257078385215
137.14667796773156	-40.388790654893484
-25.240083809828807	-110.66175010588934
74.69788338832142	-81.78020225381405
43.99451151052581	-129.69417804085023
13.420673836662234	-130.4800807973164
35.123858399355306	-138.39556069335825
-44.387531029450095	-77.27022204129794
49.78347722936476	-105.81427818581649
-36.93456891818351	-37.64263417902664
-53.315482743532115	-129.67211198448288
-26.667775505359568	-113.3016294230275
53.96179683690647	-135.16876030700476
-62.96608833212562	-112.5908626185605
-48.68251407107847	-135.85629244331676
56.05201610943202	-85.40635353894575
93.11117296277742	49.50987314870839
-60.26833147366386	-96.35552343049078
7.162460754111986	-120.63204254235774
33.01964986056556	-140.76644137715834
-59.522660358673185	-69.66356377549607
30.836506892724994	-124.46496642600457
27.131905113764304	-114.0764258470158
-68.02895959959986	-82.43386146849703
-29.214308412710785	-91.48736687963287
-30.88212400276254	-84.1774382887601
34.14195915785796	-107.69267522394136
-58.57882356846963	-132.3747451066522
137.15543152392152	-33.35522588619283
-22.778805220243864	-134.75408591854136
-73.3638068327218	-112.58734340094503
-48.11949971914401	-100.95566965776806
-90.47439472632374	-68.54111869080216
53.92950641119116	-129.794935143335
59.631321477848815	-82.22135099527013
3.2175920337570645	-123.81820131170355
-107.65760448824675	44.86641909958137
-74.79616188911027	-55.963647677468664
18.678458989297344	-140.23083936952756
99.17758249276415	-105.23571882333081
-12.672109031743233	-128.36797893876883
-65.17803647335593	-121.28593233039979
16.316392920392495	-90.65986753395728
-92.77023037425872	-60.20798045864004
88.0460875724802	-48.2328024724738
32.19179698540616	-145.19583658226014
-32.063967409563745	-128.31678354230692
53.39807426229497	27.0534686539484
-48.4725007961332	-98.11203942253728
-19.197888904187472	12.094752899510054
106.64014056164713	-92.74519545053819
-47.98852425106209	-141.25829831407046
18.23913251793825	-136.54001765497333
-24.260513821629047	-115.50421494126711
-13.373049082798204	-141.56218774344794
66.79634852344293	-119.7074525182054
12.246879515857156	-130.93058184201178
49.75754496231343	-137.587392221993
-101.7191670760758	-87.2699528947987
-23.576782932354842	-113.73015152408445
88.42167051379677	-120.09223038226533
-15.897876467140906	-134.74490667990668
-61.451893040933314	-105.91067214859167
50.43488719759836	-112.98347603585516
15.716303139372958	-119.15299962982868
11.097918540638336	-122.53511400656217
-16.58739873939717	-120.4944978923841
98.07344647890784	-108.11639216422172
-2.820504225079986	-71.31116234349307
-67.69772917114042	0.21795877330033553
9.315532905894086	-80.61848997192003
94.4712037329571	-19.373898969803307
106.85948451176732	-77.63263480015223
-68.2249979979211	-118.62440213206702
-22.954979665186766	-148.19779978963717
16.939303241558378	-126.19926381042588
95.8672053552646	-106.47827212170263
-2.880182462675045	-69.13078733164618
77.06550317599164	-125.33357103051587
-20.776264583606263	-82.86129309816427
87.48911404999704	-88.56536454768127
-16.938762317334426	-77.25989618410543
32.69632269526853	-130.37296269482823
143.50101546796446	-43.44824765012516
132.6396721661598	-65.73959176803848
35.96972826323521	-127.9885803566057
-14.330922788417752	-115.71636611992956
11.437757090356756	-130.32412799329344
90.7105598794136	-25.085895033581718
-6.315021537015357	-105.08681716958473
38.05133423869288	-61.82741737726281
-20.692366365139673	-111.14194791855232
-59.6638364866891	-97.70625338467217
124.10761628748014	-6.886689567580296
-22.72903913968494	-18.21207817478986
-19.770107726080145	-102.29718129966277
-6.950081024779803	49.37703387783376
-22.641880539376455	-113.77933005513569
55.74740086113962	-95.1802876554073
-10.668318043734118	3.5118755918880296
-8.395768445047706	-0.5453053140118801
27.710112828013198	-82.96047672538646
34.25082757446783	-145.7536512914976
-3.237889346754467	-140.93436910940375
96.69715913360056	-28.40489746042304
52.91230379784419	-35.07096252601113
-18.2119956961422	17.044684378445616
-108.17081009831253	-93.45022300306934
119.3784940605704	-62.34247374889476
-36.20419857051294	-98.22980141419586
38.11933332862688	-36.511671597958426
-16.822175212237624	6.3999950858264825
-59.86530166614819	-112.5806458712892
-45.087009376735345	-5.076303507042092
30.66999080438093	-63.0436440280322
-54.34733833382884	-99.08677706229474
113.68368530734318	-44.361201264712015
-19.594773097604595	-33.98691191039719
63.997821251543286	0.3414403587448632
-21.19891568562325	21.554982713593063
-19.20374026389964	5.965635387500306
66.05428597861606	-133.00227033047187
-3.557188424893856	-94.82294303537793
24.495790446978848	-118.81044339951058
17.384877370759742	25.72055719204471
107.40908199800857	-17.625891122551888
80.60034419301438	-64.19176288018268
-55.580222950260314	-116.8397816951739
-108.35021837289125	-100.43148477439068
49.95286610054862	-127.96411847388313
-21.336641061641597	-136.19335811016796
50.824211257866885	-112.48787610920043
132.28387793994042	-58.4500698236751
128.2085526444044	-67.23961080947977
-59.78520479420915	-133.57480464310163
112.2211193361996	-74.23084751295261
23.050777082965375	-95.22547088254586
49.82469704537604	-27.61485571817386
137.67741625259634	-59.196753228119576
-82.67204266780874	-113.65395193929051
-11.12015117650572	-121.61914121675161
8.565225708223778	-71.96277766620686
-44.2285685022428	-104.38943969898895
-9.130994030479195	-140.30343350346766
-33.980053205692066	-143.5639951045609
-16.576225871379858	-102.24015001395821
-40.21928544056538	-132.9196332589414
-130.66404917088357	-64.96930385360349
-33.413396013197676	-100.39134763916935
68.52867808448899	-71.63974357510409
134.5053901441713	24.410135726010655
76.00076231229313	-95.59609742635591
9.802099478362639	-127.86406643573267
49.779825501246236	2.1300915063197645
107.95092867878977	-93.27756463138964
98.96007383740472	-107.91272792495657
-43.47668640504246	-122.8971192056397
20.240499608962498	-90.71852683804369
