60.481092913074974	-45.22653487831612
-37.30165066402014	-138.28799551021604
33.54820714919912	-139.15089693275442
136.37220326190769	-47.638289399746824
-46.06497429990083	-137.85584502407517
113.99099420383229	-14.399724654551418
-33.39932702999526	-117.67291959068719
50.24246601553225	-99.2491640983563
105.43648357414098	-20.25573891371646
108.82783085228604	-20.706056538310612
14.736654053374252	67.93318102232686
9.888895307497387	-133.73979589969906
-73.03726931023931	-78.2193587239041
98.4024127077655	-107.41067179932676
-84.48281767155163	-26.701020160880173
-35.636814112042146	-113.6416503762678
47.09208526369674	-76.99413527174345
80.94748838936235	-113.97464420732807
-15.567282867208757	9.321659491682384
-15.525439320853556	-123.10502900457301
30.98352364645973	-117.35908726123257
-6.381099320660636	-134.09445655902874
19.231166542368268	-147.15961523429874
118.70714658766964	-85.78279049975691
-49.68840779734938	-119.65046774206002
-42.29487070528718	-97.04505817465942
-89.78595752976473	-113.02477356006946
-70.9313256011836	-105.96199981729929
106.3889591853206	19.406285898745516
140.27733902940147	-40.499500744416615
-127.93693209080591	-55.6010831602243
-40.99399103043674	-106.5758049557177
-38.45876278591269	-72.48794173455651
-72.33017621079092	-62.5445185353124
63.28879282975546	-109.7382905198215
17.975365010960722	-55.360458628235754
-3.0161467043490866	-4.978313945869446
86.9533711443756	-121.97221555677832
36.306720937465315	-104.98774122358907
-65.3067664064086	-129.4477133039254
-87.88434646048232	-101.2652499266571
109.71342698628723	-93.20777643098043
0.4117772978380817	1.9053641078013424
-130.5500649041669	-64.35487565181683
-46.543921780372465	-119.21290627188624
-68.76405212197542	1.0062564530811422
8.02514256710181	-129.83372927910145
25.291079178176084	-145.7570555133799
89.52659687000406	-81.44997924675218
122.14190486184322	-84.41886473458392
98.0041660700392	-113.1800591278546
-77.14281189794764	-111.70651828967137
-56.086432880459505	-65.77319182617731
98.83925552174311	-98.45954290392389
3.1048677622665175	-137.20839466619285
17.154256024987294	-107.41900699134602
-98.43992930104835	-112.71528431613717
30.293611436064975	-119.60772871402123
76.28103899324753	-115.59237519778313
84.2286267299231	-114.24417953175039
-20.49535681605125	-131.2105064046347
25.308560121056935	-115.57566816894233
-49.94997002280703	-93.29959929784653
133.17416653166993	-13.630574973097588
21.03717335466807	-102.18232958391229
75.28600000209791	-113.1657997261567
-25.566953324746983	-136.07205819939068
56.98589874256005	-137.17828884577597
-90.29142995906312	-42.653079383780025
120.89255889590595	17.52838792818015
34.456640145798204	-145.72250479300206
62.96200427632388	-98.62065506378885
-45.19997482480363	-69.11824223578053
124.37250998123315	-81.86198943778697
54.088348616275084	-86.97761438387852
89.42594903118656	-95.39148168332888
-56.54661625594614	-79.3926359134083
-55.69365098485108	-86.19590941090699
80.7907057706537	34.67069714739078
6.907269586275901	-149.58011957290802
-75.85881077479219	-115.22729457179221
-26.99612822555192	-119.70813200255928
93.08710361039216	-117.48050456501177
90.9678828354943	-84.31130675030983
5.56481068137106	-112.08304834505215
84.71108720093719	-121.00869782275856
-8.20603897026225	-79.55568906866647
-1.1183587372095527	0.3533198602355014
45.832299077848994	-112.55512322610771
18.16966325354242	-118.46654189535705
-28.64696247538292	-100.4940530528976
-32.65700112227221	-140.1496409202044
-39.53304648707543	-102.33084078389079
55.550546485301375	-82.52547537205022
-11.295125919010147	-115.28780274689537
-30.425019518509437	-88.79383792291672
-29.737731481385254	-88.81856765551655
-38.52511306903594	-120.18805903745192
-45.35705171760633	-132.41096813368273
24.51616820377706	-117.92509996538513
-16.2280609513814	-135.28523042607574
38.0060820341103	-41.79507364512913
-23.316870539285606	-145.7611230896192
105.551992351389	-53.72470145183275
-33.7051010359566	25.00818132816702
93.66024811684667	-9.264048911016955
86.10306338813693	-89.74371711500049
-0.519143670266464	1.3115182937582737
100.03424515195783	-5.754586652182235
14.017593508648172	-134.98314707266735
101.98960071128975	-100.08241598927705
79.81882558319194	-111.47947060227554
-40.96014899914287	-107.42777443738758
-50.4891462635769	-93.78371676053352
-22.86532408288854	-141.4011332436487
-57.08041745230016	-114.29364480356153
101.32657591256971	-86.486510819048
-139.31853118087216	-35.368283489300836
-18.626415113806964	-62.87885548685434
25.750752788172125	-104.69635707198125
86.2642567989778	-14.794804125592943
7.955602511295282	-32.7193322353398
87.7854031371215	-46.68596531807218
-40.96621633858986	-132.57894804229164
-57.42187022206435	-105.38997271231997
-42.27392388584603	-135.62375112188994
-22.831764838605718	-27.5527856700782
-23.80818605554183	-102.66607832655635
1.8331902823485267	-106.16517334255781
117.57965935518993	-68.34009818907329
26.356317846662872	7.170440937933048
-60.63275531264941	-104.63260444205567
-66.10943124653173	-84.15423746473921
-56.03837433683306	-137.6485289672047
24.774336843537824	-133.8915900431692
61.821677783667134	-75.78415029106114
-67.10943967871431	-73.6854265726722
82.34882715272117	-124.2475766242947
13.235692357444588	-133.0015383489465
-92.72496731823246	-76.73935289232101
-57.15236341102921	-116.95052189756058
-52.30901116330313	-121.49028942828332
-1.5815621624369738	-148.5745667479457
-25.10055806670885	-116.76220475474358
-64.73252891466271	-115.68813689075738
-55.79054295871284	-130.070234100054
94.9784475274248	-113.13678284241666
-73.62959987020474	-106.4946821704975
-29.564932795272895	-121.30338693707483
118.31634492207081	-89.2249456918769
-50.025624940224446	-130.7761799559652
122.86375166141963	-5.075591408398665
133.56661853219032	-66.71134118461468
-7.512036531677334	15.240882297465976
99.84880037763989	-111.03019723587468
19.348792758374238	-70.28262229889764
-14.55274520617077	-98.98563296970777
118.32976621446511	-21.22483336490906
66.82460503679864	-99.95902747422781
27.743134953375012	64.47216814217384
47.01602846288405	-140.05427106649864
91.16742487621207	-101.11934154435669
-83.48237817861944	-49.329581830076826
18.756981216614392	29.93863221112837
-44.74618932576983	-123.61613890759332
-19.752726964488154	-112.32791349897572
43.72002946177653	-110.89140111116794
-126.82097484085007	-37.58586115928061
-57.290038383113775	-43.21401292161907
119.932093675565	-30.987324082217377
-10.05985888379079	-111.3009848923309
-38.45867570260572	-99.3366585391637
-4.015882308463088	-147.200844786692
-27.67725467266016	-145.39609503493259
25.40525086390849	-137.2613836630604
-47.322716384264865	-130.31252492380486
-29.939554056645107	-145.88482184419684
-9.69535985189956	-126.5061599336912
-44.09588478354126	61.47664187863307
-39.62907963807122	-127.44298688292272
-47.13652127011658	33.25326263784299
65.73481156488425	-121.40300165152036
62.10809789286981	-136.51744515522108
109.07986366247573	-90.26014074688148
-14.952866837124239	-76.81963450271309
89.04096427674538	-109.83060105586348
41.966949513350585	-134.71218915481626
-17.59710997704053	-114.57589393861346
23.880417958436187	-147.98926142673452
22.89947491138232	-147.02914918769116
81.60461447718497	-8.372244073480562
123.22533760068323	-79.64095809838071
-55.244052573065936	-122.60008629812334
-26.718386986405736	35.87697209042801
-57.071746423491355	-126.34420531823135
-40.587982282850106	-96.97180953699413
-116.0738218783595	-94.00414240207874
-29.088152760750244	-119.33710004828339
49.12562554150978	-140.1909750830719
47.775837195959085	-133.26249242051102
