74.41611043192206	-119.66439185904399
37.75700240039526	-100.59964142487776
-66.21877726284316	-82.91624758603821
56.76955333765872	-134.03495786935642
-132.08476894187734	-70.28209435514229
-54.94967053609208	-124.62569028831808
52.90230485391751	-92.08450752548687
44.861236985682595	-135.71005509951965
59.35001496295185	-72.52172729327985
55.15245124193116	-106.8231506663985
33.36641149165328	-145.76859854975436
55.22153567149829	-122.68594062618308
-59.393685193707135	-126.33310927519196
-12.415520114886117	-122.90732416138506
50.596895921359966	-135.08492775781386
37.41965777241301	-135.81801173258035
42.48171218309562	-46.64515621279771
-37.683998438172786	-93.19124796932643
-72.43081467147951	-112.04336581829244
0.10073736360880282	-143.9286058744236
91.99911760070336	-102.68015277686521
-13.47225528761754	-145.174571789005
5.559992756429406	4.127498997918214
-64.32313277850265	-126.5152142402811
37.55532698994701	-141.76756066856686
36.10282205417246	-143.03052080146168
-37.07776003697796	-125.22999181629436
48.77680204287064	-128.53648454449387
89.40062202107336	-30.900593904654095
-47.96163563484514	-116.51179648811532
19.631459117157732	-93.97124173665001
32.30770436287013	-107.94655016746647
37.50926058111393	-143.08323957389842
-73.71520414881789	-118.68919428234061
118.93060752258938	-58.935765070554716
42.08737925720401	-67.16207591722814
81.1577981414553	-58.88052731383451
41.004021430572244	-132.59881090033744
-76.2793815114749	-116.21363048583297
108.2107018041297	-83.09055198158923
43.04011146470225	-143.51821038422852
-3.8499527729287126	-149.6483530079724
-109.60344073185038	-98.9766643931131
81.92447334702571	-119.53714973824601
-105.42393172743553	-91.12454637280335
29.49589568988968	-124.2169723507378
-60.80347366166035	-107.02591904281064
-6.822598748143597	-132.23814275960055
-5.034826158839051	-84.14813775435073
-44.10962359606588	-99.10054929658013
45.21861042550483	-100.74039125292607
-12.576485483432316	-106.14882760089243
9.63299838912971	-128.63386291772926
-89.29610809975645	-71.08620996908255
68.60052424540142	-105.23678852579744
-105.98586078321883	-22.755328307554
-29.707933205080597	45.09363354151649
-13.517042254657417	-85.6606272633951
-70.86868417257197	-57.84659610592979
51.50288852258707	-114.48464756273643
90.82198048579593	-55.95973922676657
-77.68969186179588	-97.2857580541816
64.73742522016062	-132.1086803062214
-118.82378798445225	-48.95898880989239
40.91229366585852	-86.0441180416873
-23.452019359540362	-77.27759629657827
-21.74566997867477	-109.278812812008
-28.593275424621226	-114.85641261785499
87.7645463921012	-80.00286247163145
21.69017009002297	-147.9524897325603
121.30723082733662	-73.01154665190114
-28.567788326987323	-118.89586192843731
-32.613664965078854	-145.10575834539745
25.138757608237043	-126.80158324053039
-21.604100145423192	-92.96676285178604
102.5252038233941	-79.83045855931046
-45.42623092940574	-140.87773172988977
-60.88651795325677	-99.8961809051048
33.663254624052605	-130.83336455071304
-20.869156719595797	-88.14996825546288
49.19953833804386	-9.021115340541563
-10.450445644509749	-113.578346041182
123.53676949131908	17.079743539147906
25.261755819033265	-121.40542544323867
85.02665041072	-107.32795925036619
76.63671935562931	-119.76353196579184
77.23766032930948	-4.811210120509342
79.94864491183579	-99.00191164813067
-75.2356086585368	-113.20584047864361
0.6637344556509274	-142.92288134843776
139.82657269251266	-26.0058177045152
-103.45548296793241	-69.8540785198887
71.31161964649287	-91.97920542467642
6.525655388463874	-145.17923243092477
-31.085127981747476	83.90630972890422
14.261562869102404	35.86571605175385
-72.47172840111409	-85.33922404473046
134.6575418128717	-15.893862105896025
-46.34405534853333	-128.7948884607466
-50.700748752260594	-114.82857145775
6.331937031230463	-106.55240442116647
-92.04017928704569	-106.97768093865787
74.26372215984486	-30.278879186582824
67.89297691059944	-42.21898964426595
-65.33794078990734	-73.1557856180595
57.178353710254264	-92.47798539750937
28.735111474327415	-114.56850075949566
95.28066323015155	-109.47154960779861
-46.864726252800494	-135.8534960444702
79.87231428368369	-105.50049282746492
-59.15151579295996	-88.70813089048146
-0.26471347835469455	-102.62366147632807
-4.3389761975110295	-116.20948291306577
-43.347822062413236	-112.60809723417786
-10.074234579263576	-142.00910352633448
-24.804774005706975	73.90312535239313
-42.21873350773224	-117.23615060236732
-39.582043462534564	49.370264245323426
8.69232466323077	-128.40558410380635
8.873042251938806	-134.87317230399123
-35.73347754048516	-133.88454480985072
11.773979843309496	-145.98633876809095
-44.92591769106321	-99.23671561612068
-101.8865585308618	-87.24198487572721
114.95712738983748	-30.88942704306737
-54.26847145133437	-120.74344146461452
-107.2299140438136	-101.4807840345554
58.095759990634484	-34.83717149889077
-6.262115815154028	-78.3000212407425
77.90559884459559	-97.78776235227546
-36.87120860011253	-130.399671444923
-28.957612269726322	-103.19678951858124
29.200111481135306	-113.91096224919603
120.37456800607272	-43.66963387838381
9.269272720345962	-120.87320917241078
-51.42263355660358	-130.7391292359266
98.81182193586989	-32.527762062576606
42.91828337927998	-134.04561047741316
-48.0941838511241	-139.72490128797
11.128174218614749	-102.36786907271205
117.56884885364512	-75.07662448024061
-17.37523551399916	-115.32592638838422
129.33701681255775	-74.98709463541371
140.51747569957695	2.11950101602361
-27.549365895520417	-111.03304471732694
-48.19046935445549	-75.64385636849715
-74.72816645472032	-83.05710564382517
96.84723039396818	-54.069091925272986
74.19516716459141	-100.703618582393
123.56733746781767	-72.25456167422125
-92.12286654971149	-35.848482873202926
42.827662752337126	-141.94387779963398
43.05679852038677	-142.67489855148435
32.48671248348019	-97.04610693272969
-130.16912176473718	-62.71312759195773
-6.2130322253175505	8.65217200736577
80.88369622427973	0.6985164029570828
4.073363831769407	-139.69400194754934
-44.379663718303895	18.8730774909362
79.75545297467053	-113.93734028336976
-9.302490748238577	0.4007077553724765
24.675364545837148	-98.39642536601556
36.613468942004346	-82.674086097681
37.91665344008868	-115.20318819133742
21.04407758115079	-59.81347212585499
79.26477953099928	-103.35730920457809
71.64549798096259	-51.14155635784388
-57.14031494903305	-115.23322776693385
100.8647710287536	-70.08978000498766
22.69450402673089	-148.19325751713097
54.969399814869064	-84.80666540393905
-44.130521198134254	-116.52521948590645
-30.69221804438582	-111.40236602445853
129.50570904582722	-60.12638712772345
-29.976399514428685	-136.64064954416227
86.73937761540502	-120.84240487077236
146.58219654648653	3.3036888180060253
-91.83579705960997	-83.05025856819829
-11.623819924691228	-146.4989184443788
-73.19132828505654	-128.98438740558203
76.80942205025703	11.638613854862664
57.20508608797632	-138.65282988447825
-21.161985843236195	-125.72221777361565
-2.9146097546738883	-121.76805723627903
54.343452269497966	-63.59320419013248
-87.70902757099712	-81.018281192787
-92.11973410687922	-72.51354582320009
-42.02741222459235	-82.7716363572471
78.82854732539631	-97.00694730036298
50.36198577872778	-77.94835296457978
80.28480794749353	-110.4575499727487
-51.87767685052212	52.60326477881034
-28.830723658691237	-126.4773566872236
-15.36313944052192	-132.95773958502895
-41.216769152233006	-104.29039685902349
0.1192400328153878	-106.59535161772887
72.46944613354995	-129.70049168688797
-54.525681739326615	-105.430731005306
-50.57624347741096	-131.06487748021715
117.53378198138556	-21.33415139201517
