-98.8404558093976	-105.29463967937505
41.32486164798252	-98.6440656402096
77.49879242587174	-120.42124363300799
8.661278333824868	-129.69070873906773
-96.58706744128173	-103.3541555241215
76.79385531618426	-92.97671080815634
-16.61884965130626	-108.80863736490294
27.69969159841095	-120.22498169426451
-42.86779655714283	9.975413504163052
1.8282070295217847	-139.32246787592064
47.14409563020926	-29.9290757538973
51.631600049464986	-91.14749251703456
34.143165283999274	-140.62817126766222
-74.90273912379237	-102.90708040669811
-70.83742949589424	-104.35322465050936
122.70084140106374	-12.479975495275493
111.45862894021869	8.341437371345929
64.89133130135774	-132.0387345524013
-94.64415113353445	-85.12434554589927
-49.686394137263626	-101.26926535651707
14.325367419257265	-130.27702081265582
41.62073200430568	-80.90876167209117
39.76366625310566	-124.36525794251776
86.37871556917716	-9.846051698192243
-53.30248365807099	-105.38494131385019
-39.900891593243365	-129.97160944179436
-5.845050339361929	-139.5305602254734
2.945886142242704	-83.90358594614374
87.01833210398532	-81.72124126896628
118.23312988344506	-36.68540657092656
45.43629074206385	-90.18749745340729
-68.61222928686092	-96.93375535353319
25.569552478930234	-115.58488602538638
67.01222665053892	-106.46509656739975
-65.96612206971753	-82.17018699009799
-4.127521692519087	-133.7465109522297
-3.6627307609973756	2.0667210301639356
-25.284621443539294	17.657870810755963
-76.72016299305261	-106.49622238835164
116.6096739412801	-4.1858237197306645
-30.327633067170265	-77.7422025118336
47.454034471556234	-122.28023782437232
-94.71164059041737	-87.20523022673645
92.51805220723682	-102.4225654505592
38.62817525038173	-105.72480988414095
-61.1809051859274	-103.52968294411195
96.85089792539834	-89.7937307650292
-3.8294595893088776	3.281293133454968
-8.016003822145136	-146.52705257354
-3.2704603571346884	11.56404768668779
99.93023471251013	-25.826804406624095
-97.26330417438808	-91.74423016551032
123.68622765360897	-81.26183668275512
40.592451078526345	-135.5577987764431
-38.36885296467288	-33.109546095962955
100.2469222288367	-101.13399829576653
-36.7155068436317	-95.24582260164937
19.683318733013124	-148.70272212976928
-0.6233956836086841	7.953650315805945
-21.177277189554324	-135.70791431003656
94.41135174169673	30.78853595504902
-11.16633007360728	-77.11949343655434
-118.79366352078377	-84.30371360443341
85.23633511196151	-116.90050862282837
47.768707177328935	-109.7001857903577
-13.286702390772332	-100.25755656781692
76.74264582064797	-43.6017389437802
-20.493611349544132	-50.10587382458057
-62.75180675840627	-113.98910196907414
-50.38740275136157	-102.75449329184374
115.8131410835815	-24.29959187368919
-47.09750954928947	-57.256539935773866
116.82422385452297	-32.64136354322076
-53.13859638671195	-124.7854701746952
-45.14891553467728	-129.13643328023915
-56.254128471576685	-111.36535563538241
40.69791237100064	-75.46528647492451
73.68731210669598	-111.92279190908414
-1.4596994207372629	-121.84951102208714
-49.4316983164391	-86.5050341313843
46.551028236819874	-131.945946736149
79.12274793535546	-123.44754932414939
47.62335405740206	-128.19201991724765
-130.603110132176	-58.10105940955074
-115.22166570545326	-88.38916139484516
28.67894626293992	-140.46361187735607
-26.248718030816807	-129.09624297202132
-28.603619037487604	-140.32485676121442
68.51597255001822	-94.72950781959082
-95.77354366602758	-86.70809576177335
-37.936327421577836	-120.49137715232656
-17.169018486385344	53.45666598184889
40.89953115058401	-79.97588713014032
-80.85292708748281	-50.071142210734195
67.07102407025754	-129.74257386781787
83.85608270168535	21.000898659937207
65.02897233559771	-129.85201734271067
99.15121082765727	-96.44118225275004
8.686113045312325	-124.52018073455343
-18.432625196264063	0.3155135509271607
33.80185618851462	-104.31002732110669
3.2805978396562288	-118.17384801567674
-12.7794828390496	46.25633573993899
33.469977133438995	-85.29455359177871
-51.95001610716099	-139.16342515794034
-11.582315003907278	-109.55225657344026
-27.25194767076235	-143.47635907203838
-30.538664567525874	-125.25777643625594
-45.41035584859592	-76.61789873352939
13.807715282386344	-115.84710180423335
45.36002083536613	-102.0936655754779
3.1495652443932105	-149.34218590864197
120.58739194764883	-50.921713256014314
-4.306056786627492	66.39814428583075
-35.560792134525634	-119.56106957880579
11.540817947894217	-120.59388364419641
-32.28792782623852	-136.06749310827055
-51.6626111903971	-137.77352467959244
-0.702125122178735	-89.10012039506675
105.92208513880516	-97.10404278579878
31.320892082115677	-133.16239788293558
-6.678466888780448	57.16973341478901
-41.72270406073611	-108.62519906523796
-14.913208562248233	16.31544401621809
-28.75802143197127	-144.91783628766223
118.84543963674226	-91.34633448396062
72.2448042779384	-121.2131460755529
69.40167789991101	-56.68511277333939
-42.46953558129406	-134.1586807599423
33.530672882047234	-115.17149515658541
72.2416654763692	-109.46672751487728
-107.21872016904062	-30.087727898729227
-18.308537820512818	-135.1880379374347
-81.40643575191092	-65.92315669580958
-41.644008815467544	-90.87855309415863
56.55944013285889	-68.26320837490846
125.2578792197784	17.388088807951778
-38.48764013797567	-115.8461109886133
48.515241851984406	-141.70406083237992
-46.69834351987603	-128.70644473171782
11.024221146135016	-135.15981589734372
-15.706652934951013	5.063606808438286
-9.561000159293448	35.51299956943845
-131.13029287306856	-40.5107547103333
45.56117534856967	-116.608738049243
44.24122530374909	-58.13282706652321
-7.202750631622751	-143.92797218915
103.69293387523821	-76.74504815578864
33.386375813605	-111.36750213679358
-45.30589123395186	-91.4024518667069
-19.025441990022827	-139.02536382077
7.50497483899352	-99.47335497096788
-27.677355678375847	-91.4862085477172
85.09087739620558	-88.13114962768421
49.16014958453171	-126.49852439382389
-61.735022077068756	-118.23081981197242
-22.709644249589793	-132.03226202613342
55.22048633575064	-123.219654347329
69.39070869224744	-72.2822579364687
110.66757634883045	-79.419699321605
-13.795290066776923	-95.15336123282437
-11.310498984618365	65.97322524936733
94.77922419678625	-89.7287787712275
-108.44954613278166	-84.97537413077053
46.44930992726841	-130.73926351352017
-61.289254823757204	-129.56071876296858
-9.077909702641517	-143.05171629402025
-38.40188105664814	-137.12223486576485
6.537176700755182	-0.7287386555944458
19.016385341053013	59.61103965183719
125.17995044838638	-81.50097395316189
47.722291943445406	-133.64524122806935
58.95843312318893	-35.21313590418907
90.78711123477063	-64.46770967892395
-9.998764553299202	-124.78056336270721
-16.150489136457615	-126.89113363718995
50.022009946204875	-119.31850557220746
-81.3678076359664	-78.3855452959407
-51.2870680369124	-76.05750767048589
12.099054549326889	-53.33017974769317
-79.38940199887135	-114.20785861188268
52.02336727201623	-49.18288943147291
-45.77860362571407	-101.45168339145081
-11.298904976707878	41.76656268607491
-67.84166054277237	-92.53222190865353
20.20615535174883	6.981189295710595
-62.13124425235997	-71.13648570331952
-90.2376507161182	-78.05800780747543
6.8465897591680775	-129.17574010458057
11.840614933529537	31.568459590149583
-11.913660056534935	-2.573207499207782
-92.66579347195209	-91.8130781077284
-30.033331656957408	-128.7845184193379
-39.75547214647094	-115.91716791159035
16.155064829146475	-132.37864354324998
-7.270216490693598	-138.02294311101684
28.004683195589788	-85.80331605906507
77.49650679214541	-69.94911642774069
57.36407784975042	-120.02954506535801
-29.854853526001598	39.23070971181328
