0.3524959379421724	-123.50846767214206
-52.84688274492992	-108.40099366356552
-79.57561411367932	-110.31655821114113
13.576407156038025	-113.55684917891722
-41.659228518207435	13.27496892372868
-14.341838047420394	-54.08615008592443
117.27107698970619	-47.37329707354344
-47.00230426855984	-96.10091619594533
16.09486482091171	-128.44417617713572
-46.48704731148139	-102.15273204192063
-37.215379033590416	-134.47790541384273
-52.10255670522631	-103.50642573845896
66.45345257282908	-52.81839265446673
-5.026374263186901	5.343296254429121
62.221538370053885	-20.22144818359373
-130.4453941664894	-3.7568837754584945
26.45959952196901	-145.07134664411626
-66.572705079356	-116.0548964372163
-26.996017905746175	-133.41170114237903
65.05332981761208	-134.84943609030816
97.90425337771683	-103.88244690983987
84.30660466681532	-116.02237634939442
-3.694142601846291	-98.51528785201265
103.71255317550316	-1.783094006870684
-9.004595212452147	-123.62380085058662
-8.226445565556077	-143.44600454635722
93.01175567073814	-32.70654601790135
31.70169561285118	-78.175632479523
-61.03974455508297	-127.45527643534814
-128.66766369897695	-58.92630656467139
-58.25062860200477	-103.06899350697266
62.786461444364754	-96.7978128715625
109.57855715596996	-26.443108373493367
-7.533525852249597	-128.28950131674694
-17.444606053914416	17.781215808994848
134.92378242896478	-56.14276407919521
137.68134872710465	-50.200668671212185
-22.238524013107984	55.354491093426844
125.65387525543149	-4.625885678926381
26.0208223017028	-115.43954029232684
-28.99942142573444	6.628210930729522
-73.6001697266044	-89.36419155260722
87.21127682234923	-102.95711501076167
79.90352070748271	-123.84240621862457
-39.800389165053765	-138.69144122364224
54.46822181243742	-138.20893031830593
-49.05242342316507	-124.26176400824625
142.59760043614554	-38.96854831440076
-16.486867585635665	-119.87765098992188
101.113475604266	-55.96318637636824
-73.29387908708566	-61.660788459246
105.5990470410797	-96.08441816228299
91.47798221961492	5.6143234261002
-65.99728783307611	-89.47027763761771
141.40693835303819	-27.667689943020562
-56.517901392783635	-102.81407720951184
136.30361871260027	-55.44862219608768
67.25000575229821	-118.93268417125333
-127.82830724179175	-38.6330312669545
-28.592678418578654	51.3489598046094
16.126450841555258	-135.81091439953175
20.61192275535961	-140.30436886566815
50.75839656314508	-106.53001459869405
-0.30326071714882796	-116.8541640584818
-66.46321965364494	-133.1564937654305
-64.66619222585432	45.80869773835564
106.73462737884833	-35.47501943870467
-12.72277633427713	-96.43533372493604
-20.02558686171105	-146.2609553590153
-22.390377191816224	34.8720823234228
-63.66201461420069	-86.96145389000337
-18.956222122519197	-116.31751313810824
-13.769530186698596	-74.33525003556483
95.7958278272085	-29.781157222717084
130.65444157413793	60.39193120709115
-102.75116604429579	-81.19692303470391
142.02287429184514	9.930987455466939
69.04868522782499	-128.97848162244247
-19.928510098672028	-146.22804017495872
-94.99141419525934	-85.88470559986627
-9.014313321371816	-139.6543335945749
36.447509274716154	-145.11324298683482
-55.12227447700285	-5.8068193244162005
77.8021058171444	-116.53454744397573
-43.798320231379755	-109.12550591232943
-113.12592624917102	-87.50400354182638
-32.04197934943789	-125.7725842120301
-28.39161471261858	-130.91305846735963
10.008308426245941	-98.60019444748093
-17.717181234564535	-96.42797476423672
-37.8194243866593	-142.58766981851358
-8.68188537482704	10.284422331088315
21.523348845564158	-137.184848469257
40.29556976524624	-137.89645243214713
76.1711099228674	-17.21107613559128
20.923619058463363	-118.65237918344307
-16.495733091091715	-75.03006607778599
110.40583462336632	9.556269473258215
-92.41422886026741	-116.92593614036709
40.743317827061595	-139.92926754456295
40.32301652990063	-134.35678803970825
79.79343389537597	-68.97718276289652
66.09177422917892	-68.6201724529665
-17.35879046616402	-121.56341508054228
-61.39759968538062	-110.9442222530915
-29.540354976624304	-131.4385819636228
-11.425591407139589	-141.9044170450884
85.05999478553156	-61.15603765566908
91.60635376868221	-38.045281490938905
-20.095831329239243	-148.63090355553652
62.894748632526344	-8.287228306819479
-64.74543233782468	-131.34078306779102
9.738857214964915	-141.97387256295002
105.67940403980265	-35.04091241993008
-55.230074024567294	-101.89781528331464
-26.907324221010285	-132.531203799677
-15.60654191138019	-126.22305120506219
22.19548852565091	-93.6147537634442
67.40584487734549	-89.88168603542108
-13.245045488979196	56.09442820197091
41.18510087235536	-73.10384984045386
69.45934138283526	-118.0949921166714
8.867756374332245	-128.8522505006146
97.72162844510932	-110.00688546287452
1.7768831369721867	-111.82243359563284
-48.81397489380923	-107.51926198817185
-8.486208653577897	-122.2991483779494
-31.193642019382583	-134.74570270369605
2.871229828309906	38.75984826626584
36.978936409967005	-135.20904752860773
72.66359067000768	-104.13842736761076
-2.7619544882047595	-148.92763045011492
75.59015383105458	-129.45571920312972
78.72360218706932	-73.58661194346242
-85.81473316435348	-116.69559139986418
-6.51890163584317	0.3471962675648177
57.832440075446755	-125.65773544054416
99.04723894006256	-105.62262257699489
-104.63227268424853	-32.25089026570443
-3.9088797445378733	-94.51198320062458
1.055450288207536	-125.50843244268303
77.03617278555613	-98.71628001104179
69.33418273777343	-130.52724913702903
-10.04032603481104	-103.60514458114193
-61.234105457998886	-128.02852897306713
57.30593600879884	-129.22915412967208
-100.31821290735	-71.72182525833739
-12.332842206827733	-130.9723492410112
-16.94335962706255	-0.25922807211954796
21.02585425782625	-100.45100620614024
73.01520656572583	-36.16144373538508
96.28978794195281	-50.31890866274742
-2.5454899283221284	-139.14642436811673
-45.487764543866035	34.95387016693641
-8.134170756705466	-145.45647919663918
24.10814382474019	-138.55267339386688
101.0891175670416	-110.47383893669071
136.5663919478885	-54.700020092155185
-84.2180061329025	-63.56885685587003
-109.23121722615221	-17.222231854858663
-67.85781089458688	-76.130482425319
-129.9398458387024	-60.39626835392909
91.24654463149531	4.995064332587806
87.70345454897144	-72.05634461380752
97.83017877191786	-29.187133418550516
-89.75035736160766	-102.52865769740649
11.23111726078472	-104.35021625990078
9.4399092884639	-107.05205287005616
-6.243149686018457	6.290809044922312
19.448242958442986	-148.48510286124645
28.85886822445158	-146.0230939116259
24.587696895706326	-105.84397096743263
63.14178231454013	-44.17543209968319
-89.25869552036379	38.3721664568719
-15.442090777039915	-115.10405670479545
67.97762540930226	-119.92826383566269
-16.737097768101943	-112.89920832428498
-6.230740359502821	-34.5993877281651
15.072534766072984	-148.8571742398442
88.33896436371334	-60.295490870666065
-33.40654524397856	-138.74949694816505
-100.40425116139394	-63.65164583912696
-38.92442539163332	30.14692378515597
47.28004915685425	-124.32937933040488
-23.082340583740763	-130.6451585365547
-1.3895484700845464	-111.72588388285601
42.49732040381565	-143.7998756121609
55.16688893567041	-109.80065950039742
-19.9327480728497	-143.333980789445
-58.97376207895402	-93.70872028070421
-1.7182110631758523	-122.34108672820493
101.84565291894629	-99.0757153043523
-88.34221136980464	-101.27180111421335
83.82770166014112	-44.97178121511485
-34.67334525351208	-105.10670233424227
88.42167445181133	-58.992456580315654
-90.07776527524827	-95.13325865089219
-11.060746761532029	16.811402526861013
44.33828387775692	-123.51881431664539
65.75565517641317	-109.96762736619574
