49.46002787631327	-71.19898891465948
-29.37594846684054	2.1076964285841284
-49.921075368506465	-104.8563509536055
-1.2646301057963634	0.38640540213011
27.280685770296405	-72.43315174902739
-24.27784994630559	-106.25175838718552
-10.379125330508167	-104.94353335285416
32.48635010051671	-131.11297575714784
-128.17978806491303	-50.619618568064524
7.903904222741533	-100.8575816585089
101.91348338047425	-75.72588730011009
40.95246689283851	-104.19027704566501
-6.762810756338357	-110.82260917479887
-19.65849857081891	-133.6138867837006
-122.06512901777269	-58.26356385242068
59.48373722412648	-110.19917741382972
-23.22788867808509	25.57165466666814
48.31609083316882	-132.50569616335918
-26.788535809501937	-82.7091169227858
-27.310726220357502	-126.732347618442
-63.875859294803654	-92.71858151060245
78.60556367118184	-64.16230447192187
-16.40562093987478	-146.42341172734797
65.43092616552826	94.90330671039581
40.480249133972436	-144.43439288626377
52.545689220910305	-126.99195980636054
113.51715248907743	-91.00940591185078
74.96791516807544	-62.88212294362371
89.58556974139267	-27.371084168168537
112.45891643241323	-87.56036707475708
57.243328471581	-137.43401440342586
22.36560493221649	-148.13273282999972
-80.3519747788817	-118.2111658413697
-17.329028696127114	-129.81435996782025
124.36994560364457	-82.86145798807989
-25.702046093284075	-134.73035193366675
-7.843357241716424	-125.83726796222503
-28.811866019196643	-123.42306336391097
1.6377719350883548	-128.80688822363163
-136.49983800528793	-38.73550887898726
142.05807918539543	-47.89064651697737
-68.11591525217135	-125.66925377034055
105.5815227454271	-33.986618189176426
4.516061745415501	-138.3121279949685
25.842465153789515	-132.72639676374146
-64.4783196199496	-118.0026913602975
-19.52805443892283	-108.83969221399887
41.42301631366122	-103.64576050599231
-16.899956867405436	-135.48887495786934
74.6510446248392	-112.40476895721463
30.60620634405503	-118.85950863442613
97.32994753586573	-42.02908815970786
-56.709285988516385	-114.58248016583252
-40.98416319390617	-67.04902982700472
-59.1543358744129	-130.58774052232948
-60.3480954705629	-30.772399134626994
-81.31559110375665	-67.9414608836178
-38.59672900322137	-137.21984319244467
121.16434154677707	-64.57315691929121
-6.370888805399739	-98.58790106238523
58.61470481580905	-123.33255798747945
-22.7001028524348	1.4884993658568368
69.63862590798946	-112.50675651334662
77.66739953459485	-118.01565432653713
5.895707613849938	-141.36105446495503
70.57387051534549	-126.83834456376862
-60.51808713106039	-88.29179734445087
95.3128103089057	-79.0983878999528
-14.068661623157945	-79.29819514592214
71.96326964092961	-131.56243520146992
48.32786146446132	-101.93736886163924
59.07977847414682	-132.5425863335925
-44.559009574812755	11.2821604803282
30.4838224877212	-118.27495547807172
87.95105953241989	-109.14383359116175
46.191714232193455	-61.21768395754954
24.34099677807177	-93.46726596428314
39.93936151076934	-132.20908281275118
-105.6166920226918	-65.85355908694092
86.3661705906095	-35.48231076502327
-114.30873612055731	-72.40177119436184
4.721254798921936	-130.86176463076458
-29.776457890335887	-88.16947729468478
70.1343906007148	-126.58695808122879
60.37547432872063	-58.240862043095916
-53.18977776067831	-114.34064066630648
12.302114666005114	-108.08967576092486
-68.57146195089365	-94.7559828628081
48.26207091696245	-60.67216358727491
14.054647012144502	-131.55913849306762
74.25292953720582	-122.4289440595345
8.574799721200261	-133.19250492899326
22.332229736421272	-129.22781842409464
-65.70575168451347	-121.79532814122008
-25.525677133704438	-110.211853462022
-48.516738109086795	-116.41463908470675
-30.197929222064353	-101.46515018061451
-75.90129879878154	-92.40734145259034
50.79161764005452	-117.0998106527988
-40.58080047859058	-33.56535324984667
-70.62129297809871	-95.3635563630746
-79.1006036410854	-63.07870657824765
-56.82111063762628	-102.4137618380633
-24.49292847264794	-143.29474250167485
-1.3630938706193563	3.1528867645040966
39.71498120921632	-112.44389779802813
56.59726990821981	-137.54966455600047
-65.6504741993205	-130.49544878973424
-33.78786371372687	-145.53080510174507
34.15391967614309	-124.24359563303734
104.23308845884237	-104.41458223086065
-67.89851127774554	-93.61529947960412
83.38776328217406	-101.4604003234227
-75.44270143874154	-97.25882214780248
-75.2010470209003	-126.36285829375883
-40.753828982090766	-121.12363535612711
-76.62040404920342	-119.54286529377089
2.2587341619418204	-149.73491787244183
-102.78872302292842	-80.10319843369263
1.2380314879462666	-133.4231658421497
96.18886126872415	-92.80422924518537
-19.734808262594296	-142.12062143977204
-78.97451454400787	-82.33577513110986
38.771818815660794	-138.6716378294823
40.350377419606254	-110.58816742734847
77.60349550305266	-127.7440048127513
-59.05132442569541	20.104552641894518
39.757649253922345	-140.1980352997957
-21.543286492195676	-119.31097823015968
116.35424078918335	-92.96767090953966
-39.537651418698495	-130.84217920248665
7.550712038549682	-138.80627006339293
-29.52791951937901	-111.26064620319127
93.02000372805904	-33.352637859303435
6.379034902432165	-118.70008424317864
48.63442572603557	9.972741134087975
70.46642337282724	-14.512592948203393
38.33375461706389	-142.07392096864118
35.98291727228455	-140.01950661885786
28.24276070226977	-145.4773053601719
-23.643645495165366	-121.9517170739444
-3.543199696212064	-142.5672185446429
-86.6227718464621	-97.65599678249946
-47.92821546321209	-51.45284938377468
10.758765615943094	-126.388223290777
47.85762324664079	-108.09045976911781
40.69609084549466	-117.40266182871282
59.02625452176299	-128.23103336329723
-69.7618975981604	-129.29649479725228
-47.40255568357383	-131.84541620372164
101.89637541860363	-104.20513654424578
-111.53683022366633	-80.72919931239934
-21.12784451170049	-120.77266607768036
93.90014477058098	-81.86207359071797
75.19369198370794	-129.71450746045844
-72.39355028778432	-107.85406364083256
-57.539575103937594	-101.4339665774446
-62.892014210388815	-117.04171531394294
-39.12878763909935	-118.13316132709177
13.812673591908286	-136.3797601302331
-39.15395301713993	-108.82273933522346
14.807533431088325	-12.64617653379066
88.02619335722284	-109.61738093629393
-4.28827664282322	-149.23838106592612
14.535300958973167	-133.17937879606407
-31.646613760401507	-137.57048346420154
96.56574272214169	-43.33765560721544
-4.177476222517537	-94.90684712666041
69.8679729516293	-90.43516104794944
11.460258817232402	-136.64979623141468
-21.529862056588012	-102.20993069746999
-85.89194536426065	-61.45066114208894
-90.40022761536032	-105.53201676500898
31.352304523066515	40.66695303288681
-77.11668171489139	-127.34290451621973
85.09802620342514	-21.33820704897222
-13.713180146954317	-99.88215993571917
-94.5377689937395	-87.56650894723853
21.47133335894234	-100.2361745458532
75.76764082752773	-102.44901787385467
-58.47939493901775	-25.159368348831862
-45.896347966524694	-139.19386059759455
-38.065664844001304	-110.631723858195
-43.814055369162645	-134.25521555157792
89.28170554631701	-120.31204443053826
-68.51502132057776	-107.087307435852
-32.59542912248552	-139.17665799599848
-68.45686969315233	-61.09575187387571
4.061531184573751	-137.18732754904843
58.756645437428396	-132.42926311625638
0.9730816139164651	13.413159801584722
76.51916237105864	-114.58160012695222
-71.85389384940429	-126.85431018198118
-15.937553820221073	-142.63765556042176
-61.40884690752379	-121.03433666237187
-3.634922107146881	-124.93209984796124
95.90577943506712	-87.39317682438167
-87.67131954962124	-107.34646464599122
-88.32151969930042	-91.70279970259342
-47.14439228650041	-95.11731190565214
