32.60903310589826	-114.78911239241516
11.967922241704427	-133.21060993210136
-65.33680707122251	-56.13191912961524
-75.43416026503189	-94.36901875384285
-50.736511910482065	-102.92348140950597
125.76325393273382	-56.81563573957846
44.50716573247928	-112.63012576862073
61.02281276344953	-48.719878223371545
92.53645366128983	-115.01588946911794
20.94107566144338	-142.96397270243693
-88.38658423666006	-61.028729775281086
5.823063396037596	-113.65031824084181
-32.836736608426385	-118.99180970395336
120.14153497834707	-81.74960144735876
23.527330982255418	-91.02325059841462
102.41020642721654	-108.45742344845674
48.30996735672168	-127.29990524923024
-74.51062773096095	-99.31255118505952
147.36862576008252	-23.310164637454633
14.654704128303933	-84.34081988434917
22.297389414764186	-135.82334580458377
-112.24425134587686	-56.38159048502234
-80.86911628650961	-120.78201233157401
-91.02985985887375	-106.35441652066311
-74.62367942705767	-96.3209420267619
-5.6219831453840445	79.90892424403627
-33.310897446455506	-86.27994534158783
91.02040154122494	-57.291416290526776
-55.8827378464747	-81.28235223753478
-70.56353252526574	-3.116426047838309
-79.89411505435267	-110.83836966717338
-58.81305461786105	-103.69824633199624
-60.52276962195873	-48.44928342504422
-96.09026532223034	-107.12720963987914
-69.04568514127953	-97.069244789672
46.80302634678469	-125.45986980255272
11.60907995265476	-145.83379934508315
66.17539592542322	-43.06154328726802
-90.59568687420656	-84.83519514265019
-32.82893936106889	-139.26917313468067
25.476890112274685	-115.5528007754074
-38.34462713476739	-106.9979839969491
-52.843331469382086	-88.03821195513653
22.85650607971913	-110.71206942896059
6.740416011157946	-125.66796033595138
104.47076926029509	-37.12525962892335
-58.12604735466846	-119.90744468127862
-62.52157740051084	-104.59482074024251
-69.9446750207777	-53.220868940973695
-21.0275603403433	-87.50364826314024
78.46090135861509	-127.70853147908093
103.87409332130801	-6.471076918781633
-22.152600098434668	89.39837430893782
-35.03590503370143	-73.85289718115693
129.55567522674696	31.05589906254671
135.73671498289303	-51.01701641266676
121.63827312675784	-84.52851950945573
103.47859973929899	-72.01116659425442
106.114402967305	-94.08209579822059
-30.740925342159123	-129.13350415643666
3.5502060709229766	-115.46651975704756
47.630656352567335	-121.23511175738903
-50.00726263686274	10.614053430936009
-75.42503105742936	-9.697395180661063
124.03884867544679	-46.4487166955679
-87.36610302756081	-96.21846849222702
38.916169582969616	-83.7404189332095
-85.83569682434492	-101.56060266614746
-1.0476700279763942	-144.96224314699788
26.274016429784727	-130.28297320925486
84.9065232117134	-116.92678767823914
-52.692327418971196	-125.5883392736157
-4.851525113308042	94.2275586242714
-63.21049030711741	-97.48674930421952
91.04401380753974	-32.51806151749819
40.61496871254042	-103.57330015730113
115.79256724246292	10.351813122136686
67.65450021400238	-4.055355448848259
-46.13675434404991	-123.79091413824395
-39.95338863564411	-72.80839203055176
32.90986298722632	-145.6909021767956
-50.83885416672637	70.55196150007787
12.140660810364869	-126.32358714070236
21.438433595787785	-130.92321869719441
-67.96130468289316	-117.80255733799594
-49.36100423348071	-130.959436135699
-59.5253046865819	-134.99878848060348
56.28639948911698	-111.35568556329154
113.80758415992374	-38.148037427126866
-27.59076148423431	-84.62845307570244
-23.67300329333268	11.05107064822268
22.561800594907258	-144.6426882485773
4.369808398237293	-139.07277867694174
-1.1129232783496767	-101.61129136604497
109.28013286592648	-94.81531423723945
-0.9390736346608703	-121.59652870165475
-41.956063523013185	-136.1460651461392
-36.489749682742	-132.02250477282757
61.92511532279524	-94.34976078270786
-87.66291001629071	-104.13855324521032
-37.760706068793844	-118.54124392596601
104.28991494228349	-74.30450170563437
-68.80432416742023	-91.68439301828747
123.30452163302317	-12.948183471300169
122.44861663726904	10.615767574694468
56.37379592746333	-137.793554414491
91.9316521573452	-117.87841887115208
116.13558707230624	-23.525357939662136
11.53855888178704	-139.26017196814541
11.132866059131809	-124.79022002246325
-68.50567769438558	-114.38371996868901
-29.161798661848668	-98.92035718127934
-1.8114905416408362	-121.32599824540397
136.5884149859713	-56.98158065820064
68.2802954389409	-62.485871983806256
-30.53595469124476	-132.06377004673635
-33.560726864400536	-118.52032563470279
-106.63530380878927	-82.76968187869119
-75.62316902865204	-115.52633579542403
-57.30679397133083	-123.7993631829711
-5.180571033217777	-46.85598894892431
83.78395085936451	-26.727853751472228
39.488048138293266	-134.68694751119892
107.64349116625282	-71.69140474475527
101.34669486576391	-44.37418082453339
-9.730317510643752	46.24906262847004
-20.895230683827815	-110.14785080889057
-92.78377454692108	-22.47679617425095
-86.40214977460897	-105.91981938876599
-11.519588054106286	-105.00581843323032
45.29542333886954	-111.48521773835233
87.86451856399898	-83.25132024053444
7.922102437392842	-125.6842802855061
-53.453634991188736	-120.27588732048105
-20.478821258765045	-84.07065835016937
-49.596289703670735	-81.24984274316218
-21.915634581148822	18.883000707786795
-27.766009112202774	-138.6579023395473
15.265331046610566	-108.09050982357148
6.6921713426003615	-56.46385414005071
37.51454175171323	-85.2459584440536
-8.028786659061163	-147.09576860962744
-44.69896332661098	-132.78841692287708
62.715707989082425	-134.88956113741372
-61.484637661789336	-61.068474523289005
122.98898102181697	-22.11588336907785
26.843257863095772	-147.51474526824776
18.524381171295026	-90.73767953004221
-112.38770168859612	-59.688753524596365
104.53101921506483	18.075096841204683
6.987427452024234	-93.98679095001602
62.38503651219509	-133.23464017956994
48.946075152244745	-131.34697394822078
103.19459253676804	-105.40497103595473
-24.395532895548367	-97.11717241400525
-39.370416292690955	6.482823922305495
105.37405181334158	34.1776639893234
10.280587521313096	-39.72727366693167
76.42814834312684	-13.85988907725833
-85.54110227407013	-62.04426092685109
89.96301449929244	-104.30148692385875
64.58488877153259	-132.83895031012577
-90.96201287790024	-75.9047453898889
-51.74781515522382	-83.06691991462647
-41.39655884647219	-120.70391332217547
-36.73512912198623	-102.87009250587163
-37.40397459455323	-87.9764995071309
-29.901849163213182	-135.7541641446033
14.687530752764228	-120.66369653938531
-12.481410083940878	-122.49689775473838
10.00349689498417	-148.8390395602476
-34.82438776973372	-135.26730914984188
117.64101083658824	18.13840493867844
-51.19820950586114	-66.62276836743985
-9.096046401401322	-8.799501643516924
77.05769516341337	-127.86164971164628
1.8839569087302657	-111.15598928047118
-94.9480725887439	-105.8124818235419
-23.28369679988799	-121.45075615993979
-17.35910999914643	-128.09320376681765
59.36797632674298	80.98414082037587
112.41030596381835	-66.44806772777015
-5.759036560463245	-131.80064292683267
-70.01951493048526	-110.39672773497718
-33.79558659992124	-71.80117132478921
-22.97912276122594	-111.88830505300363
-11.123616828381104	21.485950968476537
62.40908098247907	-36.09929490549244
61.5758077325447	-92.63902234171583
87.52660152361577	-78.57442394748652
27.947635593466742	-145.2410314565119
-81.46142993995504	-108.0470813643741
140.28410020949215	22.0953950535203
-4.623416252087509	-149.44722173525847
-68.36538391795962	-112.44342717317271
24.20200323830263	-142.25173921425557
60.73088680564781	-120.69129986596805
62.38264384520267	-106.5024919442205
17.939682399821553	-118.5716542294239
-63.697454838950016	-119.46560764948998
