-6.32820737900857	1.350637195883465
102.78858717533825	-71.6064403859745
-43.99741323913621	-126.39001631209734
116.70188695379096	-92.4786480095314
81.46390624374837	-54.931061223431634
87.79305199016616	-56.87904140863325
-70.35075440844793	-127.35445841027352
23.40155282832867	-131.43337085918418
-110.55971675705582	-52.48640720429104
-68.9233099628761	84.16557888534463
-89.33097710061793	-105.74673569108906
-31.874131570024655	-132.17678321873936
-11.398333427755396	11.693552865482301
12.761509655869867	-114.83147635191051
-74.83335817574886	12.170220238412883
107.28964925617916	-97.05948246452222
80.22466233440441	-69.59027360282246
-28.588121886986993	-129.50603229788308
0.09714331198960241	31.092868439479485
116.3496487123816	-64.67059274393183
-30.1182724803614	-135.82030392004995
-108.37627046603501	-48.266325588693796
84.18630852396066	-121.08040563777624
16.331518894971147	-92.02633316780485
68.4687993961396	-42.69725936704121
7.845432185416228	-107.44477820164985
-28.511132131990966	-87.94373548573058
120.69827887202126	-18.339779968661013
33.0943954438911	-117.84251205631354
105.52767300338859	-103.53591382159087
-90.16116684208083	-115.01583158311456
122.76776522258656	-73.69517434618213
117.0000111577846	-67.46830493823394
13.863752799685352	-135.88166187306777
62.58831623777311	-113.09440808263594
-26.561417782166345	-123.51277484996548
-96.87220461451747	-96.92268619515987
-31.208190622045272	-141.6013217345064
137.10956251317978	-60.771505174453736
-46.46396527754264	-117.40474574736771
-20.669736449486816	-133.20749296448219
-20.468309071239595	-123.91094215345933
116.4478359418149	-94.22563818593287
87.39556619529466	-89.86007162762387
82.33007487243938	-49.83760637964103
-54.42562309265152	-71.06687786710376
-112.59698307660071	-90.38914571714167
-72.01003382161022	-116.57451449897177
-38.690456736808805	-102.88529861182288
53.912803821174606	-12.127438597798003
95.21084765085598	-42.59006673515894
-102.3819466715354	-108.18606079409128
-38.22935571629774	5.3948775922239625
84.92779076500068	-58.197237787965115
-10.113073139963255	-85.0582415868095
90.76954692981668	-74.61941268945418
53.392715466533204	-111.0928713935896
-36.575038496097356	-120.44681957322875
-18.78133297347673	-144.32555936537298
93.49296664061612	-82.45886632388658
-3.239096295481072	14.67311797590808
-31.58924297224327	-129.33848259636673
-78.87880903034632	-89.06820611105276
-100.7400282415389	-72.14780289439474
-23.64112956970404	-85.67440357423918
-54.07434770536626	-101.36115230173127
41.36084158907951	-119.5057318803701
106.55338892288422	-40.68306900062868
-60.62957545927604	-125.48673624536933
18.49397455619322	-119.26970766892684
55.657476988386215	-116.78070261167511
125.59174791596361	-0.3071758303630317
67.1263552606433	-37.65192781397703
75.51331988771783	-38.970898177969694
-52.35969045593709	-21.899877799760826
-68.22433124294727	-73.30007254671867
-46.703793722785555	-75.05950048364512
7.059364612265787	-131.5737530504021
51.00278294221025	-85.61575957083892
-92.41849860371254	-62.56021281885444
-21.696972386551984	-107.83123474440302
28.95711847167055	-144.99167466299977
51.13198528127896	-128.7905740583454
-57.19605175934086	-126.70730857718405
-62.01187862152072	-118.44631673122245
47.512804314447834	-114.91400994045044
-67.84277212290066	-123.87195270998315
112.43711864328951	-76.57688841966419
41.83200107189312	-116.20069830744242
-51.626378731763936	-59.22694698685845
-3.7584203043808513	-111.97820203510484
15.809931003526836	-147.33764903056056
36.75254321215332	3.362865067067288
-62.57684266650831	-84.87384949759708
92.12737499687456	-35.513443086510236
-4.342097080494407	-0.19862749881196554
96.21151613908177	-21.818688191570583
-33.095632701949675	-1.5927526631275097
-6.485444334849881	-135.41844284696364
-86.8930856796079	-80.40853772859509
56.53085775685457	-70.87385100089524
-82.63873505330577	-32.371172411902684
118.44872225546958	-82.9028383274192
-32.19620159381966	-117.16157316642668
-90.12252208322363	-68.0671862071907
9.274282753053745	-136.4532632429902
17.143406597441096	-143.0434424947163
-0.4216501082853033	-117.00558743052541
-1.454083981647656	-115.15043184173936
-38.59428750731014	-113.20841747722987
-29.547778499741984	-130.64320426584703
-36.80057714252857	13.136616955376507
0.527165556890699	29.32574552810277
-69.70661370822842	-82.83572591616866
-12.920583459872686	-137.50491057090395
114.88701479045882	-33.5776073444557
-55.77913985952138	-115.7248056796715
59.58940183459173	-81.408076705201
38.405560864931125	-136.03159454929568
0.4654662382110531	-95.17172134912704
-62.72119642510675	-87.75449018344996
36.50020677928505	-42.21391567941804
135.888573995386	-54.185090743648395
-16.787029597291045	-139.63518973140546
-101.39503381528597	21.74543418145068
62.806651264957424	-111.76208801602223
30.47643325427211	-145.29762783159825
-64.21311676377648	-133.51513404819286
29.75340142804822	-134.0421991498151
68.9826910418753	-10.355246092091942
142.40002647692694	-32.65274003960785
-70.23830384757932	-108.11894540266329
43.61696293307936	-88.84757458794591
52.28927729820312	-125.91384318472339
-17.394762524298212	21.5668090570231
144.74998176285038	-22.200869225974888
-70.05954232439564	7.942673212143605
-38.176374265833616	-40.791849436198824
122.53177669491612	-13.373910367641553
-4.904782540935917	-71.66816091026519
82.01163781188137	-16.060120071366814
-60.849506098114546	47.55507545122644
51.128542753580064	-127.4645911794965
124.25440113419731	-82.24558963308161
51.89670476275113	-66.28984647523988
-17.415197761285217	-141.15462086085543
16.85759206476659	-113.03195756090847
75.34482906972315	-128.803398940146
48.108137335660565	-138.62631025955193
122.79059754208275	21.636595084075708
-10.759724863361974	-139.8090212278075
-14.775166445100513	28.526626244499464
4.276965336500965	-130.82755429344266
49.0954113528718	-111.387730654303
-9.115346629266961	-129.1998199441413
76.63538199088316	-32.68518609478371
13.010906772468536	-86.85412249840648
88.17492918362846	-63.68759369863292
106.85924225918494	-101.79438745928047
121.71828540030577	-45.10849441738824
-1.0406274674797038	0.3809953818591215
46.7240627793705	-92.4624755305856
33.89884744174859	-129.62023231991148
30.17491924465989	-123.98574002696307
-12.542699544260488	-9.680275612602715
135.35793358529526	-15.812872695587581
16.322138491772694	-131.3198927621503
-106.91494514251268	-57.293388699498045
40.40781141882705	-109.67062409818065
18.858360111975603	-121.92898282045454
13.04516667511979	-134.04017336528915
-57.27822197388726	-125.24987225833956
95.26525550415282	-108.9453993681217
49.23254127797173	-134.42218252170085
46.86720603032888	-128.20937674275163
-90.83040500696919	36.85493661049249
70.20519653434816	-122.93673761615854
81.0174976014648	15.724188914098866
-70.90097902469853	-58.2917910542473
-70.43027559334978	-99.74197784453567
90.02786519804252	-114.2047910337222
-70.88326629199338	-115.2440964506875
-72.30974479242701	-91.29024288872908
-62.11022330107455	-105.94040360085354
112.68485435514899	-26.345486531187376
42.05746597192159	-129.80674691810324
-30.287522601897557	-97.85728645729716
7.522215906752532	-57.28428847052849
74.35890964739626	-113.54891267973751
-79.69593763768289	-104.54298570374065
-47.86083669568485	-119.95590663209772
-35.35449389249751	-133.31869886499004
75.91545877795473	-126.53514019262843
-28.783068624229642	-115.80475214026292
-34.610279369343104	-144.65520442856297
100.27986108206073	3.730297032467136
-87.2893810542108	-111.79332611817163
-41.665691992147615	-131.8791776090591
55.01177822275319	-116.12496280154522
81.52582310399544	-101.88141688258447
