70.82601976199953	-102.68002757465742
-19.9616795391919	-123.45905987780593
17.24972475563492	-119.4405332812114
-66.1546983306339	-113.96378070162801
45.633991152759485	-117.93454688545117
-40.36566217030434	-137.3566284347712
8.872322681260853	6.343455014774169
16.804302300525357	-132.00494451026597
41.93948267708417	-110.41379566486034
31.115790735441482	-66.3804880774132
86.98405426074883	-116.46355258480261
-65.26656859122443	-128.56873026197982
15.567772679567502	-114.06654852086088
-32.782506095954304	-121.11587835116072
-19.254145613927797	-3.4571097189346207
-87.39073344355323	-111.87990059664389
61.78206041718684	-77.65032617713908
78.0275469009063	-24.950816901047055
-59.17274570032525	-123.21603117212555
118.0951273152461	-0.6183072801602043
61.228666752891954	-11.063952329166138
-111.19585148081387	-83.34470720763451
-45.443920220900885	-88.88230156716425
-62.44125236672939	-101.047562406009
-19.413693342269642	-30.914643322087997
121.43832777820663	-26.02937406974213
-37.03757990733012	-106.97656016032757
42.19668525517969	-64.32893312306214
-5.801359147276587	-105.47364618636622
19.863211576553823	-142.98578620608458
39.84686336416152	-112.68649412907526
-42.21491644256272	-142.47927137773553
44.80127694960893	-142.8653255123231
-49.42644119676662	-82.10097083662751
-17.577084890756698	-68.38447269385415
-66.6523669249475	-125.03088540154148
-48.02823905296405	-133.92190912803903
70.53072581167466	-130.92629953144697
38.441601669882694	-126.58680166397704
-48.96518116224628	-29.773836185616297
-72.77184342691623	-87.24061623419102
-68.43322404821322	-95.23542266838643
-64.49749282911498	-75.51725136214175
58.517670348055105	-88.56729962846465
60.405473285983966	-81.69244830124705
97.76472177072579	23.301792392027778
-23.540848315217872	-124.98885894819314
20.29957780685467	-122.4002011588148
-75.96780464772684	-70.84946235042293
-4.050909919577139	-79.49114163716398
-54.68146912932525	-107.72959701005067
8.973845161661401	-117.30097602130583
-0.2545668975162244	-136.41283335817477
103.20741434112135	-30.503507117078772
30.508961350545242	-90.0199952103096
-19.426876917960264	-88.07383491327376
87.40080284434175	-16.24748262839768
42.701218959651435	-121.04196167422938
-31.625988796758207	-125.9410502598958
-97.65136574231983	-100.90695093150333
98.05427127299228	-113.31308388184364
7.30181429997328	-40.160205647805554
-44.79145160212843	-134.54588694891245
-16.598108950303686	-6.803465324912455
-72.41386711370946	-122.87875909802072
-6.513054180978978	-121.26609320594626
110.24208380570096	-97.16415067796082
-0.19818796401092995	-148.03758596278206
-52.1210691867261	-104.83013670204383
80.88991128736089	-45.68119566734688
-48.3472019729457	-136.52459611379044
22.54657460467479	-61.10017220489343
-6.017157538166262	-0.33312389676336757
-34.25577589164101	-8.09777158526007
-1.7631560532332542	-132.53963954546452
-32.247094140298486	-119.91998525428704
103.58936175591029	-104.4037657426675
-34.41642078527292	19.030299309021448
115.51619101800951	-93.14707986048427
105.85348508183414	-71.57469637407618
35.8975025571085	-107.96839282619172
80.19647768940503	-101.44923111340218
129.90592214433744	45.92190337556818
-62.05044755800483	-77.87534032800089
-18.19057017119518	-133.90902371438764
-50.68214616123477	-128.0536300666928
96.3820803258157	-98.41313250296959
-4.920098213287953	-134.43767363756353
-15.138577914275851	-134.13666221117907
116.60006155782386	-84.09368088443729
-29.66626963105795	-141.18524416351542
-104.40838151389346	-84.64030317725334
86.1378505344313	-109.64131399707911
-79.64827522583612	-68.3446229337311
91.18407919868363	-84.89088289737708
40.594633481045676	-106.06635289727078
105.73203335372936	-83.19591625019886
-5.669422579220447	-124.64181901552358
-52.07821359465502	-35.43753899107476
49.22361408208028	-60.21374083786456
99.36159835431849	-90.98809240097687
90.79063133348826	-7.5759016462657165
66.52597907105444	-70.2419617549369
45.763171552435324	-136.11281838233307
101.17807766825408	-44.01757510314692
-32.133950635745336	-120.62481537555452
-16.94198875626386	-119.43183990578035
-7.802510412142382	-141.28073595281776
69.60648312953458	-127.97194330495596
40.4855279989767	-80.13861383251442
14.300533014920719	-147.32519607659844
119.4533748166737	-3.81471414190095
105.73874333019006	-94.72686435622084
-50.66183243946762	-23.321194204330062
-34.47362610630001	-71.85547851805362
110.99807994149815	-77.23252247183869
75.19195176822618	-126.29708347766457
71.01411344764486	-122.15259496531455
98.85816247413598	-111.95177003733971
17.098974270479157	-144.634685574889
5.189736502736982	-71.23851340875932
-94.16476239748128	40.841925551928774
-99.8074795968999	-106.05677490861805
3.544499509100502	-99.45745872293634
-10.379803509854097	-138.75911086137845
15.131505638726871	-140.73988052590576
18.265595822145706	-136.4406153557944
135.2167248160109	-11.74755723750248
126.94689806811708	4.471836208670624
95.48255836995399	-115.67030103214697
-12.740631448535094	-134.542577395247
-35.41685605086428	-70.0164158145337
-62.614493632883445	-114.53946768182156
-49.38623376723047	-116.00029942885608
68.16229142189555	56.09517938561835
54.857269650654565	-127.66825668979655
34.19390306781588	-95.03003355755283
-3.8154987350394722	-6.185438844639432
118.16812446220091	-89.9539254595775
-105.86225912941558	-36.5323002698071
82.98974839010043	-49.19607486165271
-47.66979300082081	-104.53318817298113
18.968901240139374	-135.0000221828339
-53.65956955628138	-117.50846430521712
-3.9960484514715846	-137.47696114516305
64.04081672369031	-128.28259463792392
69.4882769732416	-99.66389499000896
-5.298995027159367	-127.22899106460186
123.16516651124871	-73.33656169092068
52.115546000759046	-104.52977058912431
-11.536207560006098	-149.17540238610374
-90.67218880106051	-111.11935716181986
-13.134630558141007	18.83451160115811
102.4649551118603	24.57280378037555
107.00258379080226	-72.41535112621237
41.17612033871952	-101.97987577634716
99.20975575272371	15.72820286231895
39.93055716503789	-116.74606895623995
135.0954380751421	-57.92452950595437
-4.428262693419522	35.09767415419154
-33.15009830517355	-44.948034731492015
-70.92709273903992	-131.23302435197198
-24.252545473939463	52.9614551247905
-18.795570397629163	-138.46277250026262
98.3100632461451	-54.54702706653157
-9.942077580369212	-116.31717194615536
-20.468259828479272	-107.01479457046021
-9.846774557779195	-147.5222045830086
5.8532974383710785	-133.55072813263226
3.38560107909174	-78.57011258640851
-12.78533112565102	-132.94559844250898
64.87943391447997	-34.505901780416096
26.192824526721832	-109.43031840958615
115.84189537804177	1.358998911642572
-23.145141894738458	31.79798350870388
94.6057000171078	-109.2125756634191
18.74975296090075	12.420230830178872
37.51152726754172	-127.94147207677342
-31.722323950658108	-65.4157494104293
-88.59169809576335	-72.34867269491495
37.911539845576456	-137.07396715305632
22.975194194691415	-50.56996415592024
101.84457528348078	-38.973038149246655
-77.79129310691329	-119.73483300091965
59.03798486390128	-11.996623582195195
125.94006594720021	-43.74318266003325
-10.137765590226863	-124.08966028991331
107.81146985373672	-47.29647667985613
-26.594798755522067	-9.477181475796089
-13.668236252244952	81.20508475595383
1.0287436300509734	-108.98249690742642
-21.361318475921497	-143.5734737831672
-31.3018951970524	-103.02591848378434
-52.893589218878596	20.31895131233827
-19.547734007788165	-123.85424541202867
75.11720555896075	-129.3381402005899
54.82229529787317	-128.21296307459986
15.321921063462	-99.11953573438736
-92.50773641604454	-63.783412939965416
61.53627126277854	-129.67127677618123
