-17.150609141449227	-6.634416745906208
-48.15412655126365	-142.03596290437002
-49.502049759656835	-129.22182691463388
-33.67062048969081	-143.82879434475976
23.053051253988027	-110.81064193714386
137.72447614097368	-38.90152321211531
17.087684731849848	-133.13493509136688
109.53761223112491	-99.0336142947041
-37.080756247332396	-77.38167191871734
32.45207302553572	-134.49513050711195
-84.04814614542049	-95.64846319738601
139.8940445284673	-2.0940699105499654
27.66898351282003	-112.07981272805091
112.76534950976406	0.16201055635509337
11.12583071273906	-126.0885833454029
-3.8203912876525727	-26.456714685408706
-94.22767456992993	-84.5820155119302
80.47256156895426	-58.07726205407394
105.71914756870082	-53.75333729288506
55.41691303305456	-112.45324711304406
-76.37382973934402	-100.62128709494183
-70.5733282606817	-88.80470779486122
-37.47315482185149	-65.6351089473272
126.76586605151537	24.059034038195726
21.310207593578326	-115.24123497499019
-25.733455200052582	-142.96670846124616
113.49893201595555	-29.06268565790391
-6.3671200523952125	-111.14692628617554
-77.17805729071807	-110.92740101121697
-5.607152533207956	-81.90380762160024
45.65850604109326	-142.39608688243922
-28.92726009085067	48.442024530546995
103.99897434449204	-11.489102668177766
91.80954878248174	-47.471237104364434
-6.731454787334509	-128.991939614917
134.86032773419672	-56.16221234618515
68.87648475118567	-106.61896136307132
-39.29615110131636	-127.37092011271707
9.882897933764252	-128.37976338558983
-0.2462425901102756	-79.97920715545332
-62.74363847247144	-111.6166891044936
-23.946876942800735	-102.070991725069
72.84973997891275	-96.93826760224621
80.48447069022276	-125.65311910089811
-54.91227585528284	-85.82544872922372
10.925166135927327	-124.72326462078232
28.282822451778664	-108.21810895383842
132.9670390356702	-67.07070617175187
-89.39865527225233	-112.12206655903567
-2.2477741111468386	5.428549186445532
-88.08541276716446	-71.34640904829642
70.36886666798374	-62.00987046308673
-60.594876154000296	-81.29411403462466
-48.654175403095756	-106.00682469254878
96.0365357111345	-66.84240128053737
-89.90753063114086	-110.30488842956655
-61.521274443432574	-112.29121974250627
-25.36983034161138	-120.49836480907663
-43.17435277100383	-123.73688417418121
-10.716800732690265	-110.19904066513688
-19.103850204687625	-120.3495209891401
-93.47323782212531	-115.84071707293576
120.58066467295295	-86.87186401305425
49.58464368876371	-138.40035305894926
78.56144823124842	-8.321418182493545
23.246090905720322	-106.82074013996036
17.93657345727512	-144.88676833882354
16.32432031945908	-98.05562133709348
-98.02826430147631	-112.82685198419756
-40.56346509100873	-85.92317104691122
75.42849073328883	-70.13426372432976
72.31627424811317	-67.4724999864353
93.41475512063627	-105.01476193456887
-42.076494410032495	-114.99958010120824
-39.77607326200533	-136.56620587620978
77.42138794749692	38.9845386828492
-39.831233619403314	-125.21885546771568
30.27697279704921	-94.52582284134347
7.723984839721126	-81.65676287748607
-68.18520387783894	-88.3576000918974
-28.62511994612882	-126.41693164103486
-75.1673887123381	-123.88905675510556
-89.80324034482558	-102.0882482558013
50.57681889256743	-134.7917100720673
-59.84712293673161	-110.28378273299849
-6.217231583984599	37.19834662109479
-13.135272425347809	18.317866771012277
50.576531189240704	-139.87604191163797
-52.684575286496305	-112.46343263568002
113.77982372237422	-88.33780716283178
-140.0082635657897	17.405816845556256
92.85063299966616	-63.315781885420776
-15.540937446807527	-99.44203919699196
-79.86701207257089	-111.54248210138383
15.664828727713388	-97.91869442443297
-17.78286911083521	-112.41345992853219
-48.590845692261915	4.7223684945554085
-37.17991257160204	-112.5634607142115
-20.94910736979387	-79.89604120350043
-29.51728141824449	-79.97476450785602
15.432622948006667	-144.6107001956747
106.65402056503369	-105.0654780868715
-18.027787121108535	-123.22722401670754
-29.137991133421956	-37.363007668882325
-46.73974275025402	-66.53146612484284
-62.68730235286814	-111.33982709256453
77.7517941232389	-124.5023801706888
-20.682836892522978	-97.29553567849462
-5.732402593037442	-123.2003222470368
18.931093062851815	-10.110199309227673
-58.03332126137045	-91.4322510594109
-5.539085999449861	-139.08751665760877
53.65512300753647	-116.94521116242463
99.56935563732834	-101.42058479740811
49.87830969914063	-130.6914602287419
-26.18335540917483	9.520926030826976
36.663106969962755	-127.7131774000689
0.004507080655319575	-140.1674267241531
52.83762055485275	-112.04108211072591
-38.51985285838677	-135.95241510390434
-4.845601315354311	-6.675547682825987
11.031315744357624	-123.90265776369395
91.09302749266125	-110.67458271997552
-42.61261017718931	10.014278103860462
-41.6271273104144	-73.16995018296846
40.468003644253834	-126.3479722101454
53.34373730099962	-137.61847883376896
-42.93222486888694	-131.97941571026107
-95.96241408151334	-84.260774319835
-53.035276829997265	-134.14416951780638
-15.19147858947569	-123.22374667086817
127.1716062817431	23.652670035641236
-13.875563663757811	-130.8769072403672
113.53394383055729	-90.75211082193667
-10.287182590217903	-103.25854710284588
47.08189842637919	-44.22234124318174
-21.965011903778848	19.310714707652558
-55.822883473825165	-92.52695200062473
61.79942389482435	-134.8212131152522
-44.96422520786818	-123.28105324983927
-5.699394667162469	-103.55696358035898
-21.381757914231876	-127.84125057639154
-77.98148999837994	-111.74085200685117
55.70086811064137	-125.38883069830256
60.858739385312425	-10.745367091939123
-82.6326062816574	-120.44877799541814
31.37685742277509	-136.91711747322012
-117.89551396447666	-84.01258756464021
63.3900138647197	-73.43723594789846
-30.742486976074805	68.3487240397988
-63.09092734637069	-97.41611321390728
-41.72960123194268	-130.83029470416975
52.38201518129343	-25.25650749310696
-27.735072774369513	-142.97597551756752
-18.975474415144483	-87.44583852076417
-17.831005534974864	-92.93295213647743
111.79997135940918	-91.54127961244143
-59.73464095249599	-64.7102517451399
69.39584664183577	-1.7064402718858727
-73.15880033597001	-59.64932269288736
82.07680788317553	39.254970020833944
-49.61083582481993	-102.34484934480263
-22.70076877319069	-135.67572949251104
119.55709608711264	-81.99749513154862
44.51919524219124	-141.02403141989913
59.148609235526315	-119.99797330534861
95.57745762529103	14.917347375746395
-22.186241791417046	-93.88746535042867
12.366008150516734	-78.57284134806295
-42.99647396472504	-73.95530891990974
-147.71509537205787	-21.654570285566624
72.39102765962828	-131.29480836620678
5.92435933376774	-143.66048575268343
-50.63758787033364	-125.00106877851941
42.017305686658936	-129.49598200960276
-104.20393995381703	-96.80684249823153
-31.44266792129368	-145.08976264628782
-28.324943255422234	31.7248309759167
113.43992317242596	18.43267850618058
74.70778438117165	-54.20026814545036
18.675621854215446	-108.54654350570237
0.22169045713524846	-87.78912808921906
22.347792933176542	-120.24782736027977
-63.696174718508246	-131.3864040969608
-6.430463593882176	-89.26366867074677
41.44375094887488	-140.68363478411675
-1.5770990327690868	-0.20539393058289077
104.56029557909984	-1.2205564793931336
56.310186641492024	14.770475224674975
30.79940159570156	-111.45893901083191
-17.86240268118679	47.133261042294684
38.90271046176733	-143.89988230535084
-68.5993716491113	-128.01062984271204
-67.04522485419189	-112.36782911180137
129.1089177112862	-58.387312881556674
-31.546642511768713	47.78657100730997
-16.04369332660885	89.93238619901456
-33.57855026106734	-141.39280042443778
9.162389035582649	-117.32255068133829
56.40134797810123	-84.15066712385442
