20.800467015549096	-135.84558553676973
83.50576964296195	-116.84786448472525
111.75633590574671	-94.92156556393802
29.615271232139996	-124.89044712285572
102.54841170501642	-72.31061376278649
-44.882596193368016	-76.74977946704968
-24.443304606634346	-131.40507023275998
42.335759181996956	-138.89815820678396
-59.36210058902864	-125.43007138277719
-19.307186857204183	-145.94287233466895
-25.816826300204664	-112.817499062076
22.943863762946105	-140.15398279169432
12.551793140074123	-126.98922802153628
5.571796007591648	-116.26070457767278
36.51200844248472	-92.98513878903147
43.81630976816979	-141.2560878879512
-61.37526361376853	-88.61066167280158
22.03982584365353	-45.20680663214328
38.717324562163014	-14.277338676043515
96.35361511598288	-46.77958275492789
-99.28196414114585	-96.61109750700165
93.65129975374943	-72.79210519194474
85.99827490733081	-114.64990268696917
-2.087768024990643	1.7272626804032574
-46.531375121262215	-109.77629731969276
53.03161477255577	-63.389531246436455
57.2141631709832	-120.38648233941944
118.33017938037851	28.31104231148356
12.367442291010079	-122.37837143507876
54.254926367535234	-106.52552149010526
-27.10368182564502	-121.43872234784202
-28.954058087838213	102.92356044940098
53.92572382745362	-130.35608894426963
145.58876846244237	-32.21078819985079
-13.031319041790765	-134.87257007076587
116.13711390273834	-83.35850953779769
-16.88076000893107	-140.67425929325503
17.28448640167344	-124.17868984032657
63.21253442487806	30.867987046960152
111.26771646615784	-71.85269076168822
22.497725552444912	-79.58315211356215
-115.77059379109683	8.855276900912367
9.897906534048184	-103.33358163429487
79.77401157073552	-124.5170630755041
50.16768294100425	-83.36656120632404
-1.3243705179204246	-98.08029778795901
30.44052423335657	-83.94699488715345
68.93304286686535	-131.33911521684064
-98.40829014290202	-113.15093389173448
-33.47011635083077	-82.48455051267422
117.11681419934406	-81.74464863762314
-16.04655592309488	-135.81423779915096
-37.859220700677945	-121.53817867348171
63.516812679547286	-18.645231571829523
100.7185866506276	-58.091839684780616
-57.31635360177807	-110.91354882456356
22.1189709917786	-114.22312237609208
-104.1663633588821	-101.50807028988073
14.440552597891129	-101.81481127815229
56.22997983971184	-76.2932838830752
104.05324940662173	-76.26578243454297
-68.54236281493075	-125.95934699895729
116.29581478133744	-88.50862986854133
-13.427279695280252	0.1108263453744168
88.5438200026083	-86.08703122564026
-18.737145228923627	5.5365662769676804
12.36084960030129	-116.87121291961898
-69.3696732365084	-121.38681727638341
-39.757404277405485	-144.43016989381758
-17.731857973191516	-73.51661546134915
57.53957281571752	-125.11504334221118
58.18006573683959	-109.2399559902075
98.90717689308597	-80.70048528752207
-42.62158419425499	-106.93296791188224
24.917904027840965	-126.19391870932289
-62.86042367534377	36.75399398543059
-40.29565801573001	-117.19753111613717
20.064026704461646	-142.5739702836136
32.4326771840433	-145.2141508840352
22.320705523254972	-113.16024885815412
-19.16616817553137	-75.3812987098186
-51.632270186768295	-127.2480305834205
-5.331724838940817	-126.48000553308943
95.96014046834468	-39.31185288911612
-15.744769546989597	-105.06104117675791
70.53348510787188	-130.74873467736475
80.92300538459878	-19.39651373724934
-72.10968068503098	-124.07539007690558
-19.30286003762678	-96.83168271643534
-117.76371317352387	-65.52739880101755
112.74210441995368	-74.47685753702781
54.39007444109018	-88.50808699828107
-109.93950182424886	-25.964644840129225
121.70748510337215	-47.21361914092545
31.503384875592417	-131.1528012821498
-11.485657393866202	-71.05723947675558
57.66294634183928	-134.11760728394887
-22.65073917847016	22.600408776296906
33.344168377006774	-144.05751442155773
-6.972271796358651	-89.0283100292018
43.316614186690536	-68.62148501334345
43.957179793588395	-141.7243003828028
0.37530194994440325	-117.32383521655254
74.7095787487578	-125.16238375590532
-128.86905033200586	-42.17579540761229
137.68084841671836	18.52266917031872
-79.76970326864868	-84.88716959809297
-72.10271509715417	-41.93471023380137
-6.700221133734626	-145.17633995501924
-23.535533673394845	13.515231607981505
91.12017013963703	-95.14399052317896
-61.012680836071766	-88.61261062207076
-83.15692051675812	-118.45034642484407
-34.86102957908849	-58.55508731134501
53.61643787671958	-64.38259967750889
77.59343453339548	-84.6641737348914
-42.83498833656321	-110.31399408793655
-41.24993459600153	-106.9510817203026
-105.77066444342418	-78.19200124306343
40.837919091149615	-119.94427054378085
-58.07101798624426	-117.9444453094087
56.94062348476322	-130.04993820055736
136.17675526762642	-31.728132489167027
61.46056192882915	-92.59166273927497
-0.6482766554367153	-117.96386957440177
-38.67389673808185	-60.34362009718722
-5.245277034929006	-148.09657142755478
88.27431294664159	-15.103329209308834
52.488347576730774	-87.3122401882353
-60.5879049177854	-111.75920308365858
65.16880072888365	-124.12260755106628
117.15437974765165	-89.86463283029705
126.95658262566896	-76.25583615952364
28.26486065069103	-130.54411308034148
88.71060604043623	32.08941436004888
-95.0138499983882	-45.90223625676905
122.12391827273403	-79.85552675949835
-27.664870273118588	-108.63000141691093
-35.33578119025064	-137.46699922433868
-49.43506943405129	-106.70260174324201
-18.418641291236344	35.96271660605703
110.64927507845294	-79.55991531015891
-42.08026144254153	-59.275181875678925
-37.47007374059318	-105.18582967203388
16.525192005433574	-147.50970630909734
-66.91987788495057	-114.66881069268123
-114.30769824314899	-87.31655262632377
4.860558891619522	-55.20314885423968
58.88228679492213	-33.48352513303937
18.33782394783696	-84.63283242741834
-13.957159661675682	-20.579057669169792
87.71657147679906	-121.67623986410094
33.56774473554579	-112.05406737808225
58.233123336947976	-110.27478639906438
61.474649305167404	-130.34811217808576
-53.57558029690911	-70.75497582174235
33.765935705946816	-143.71562070002108
-66.47621456764385	-77.85305684364293
-24.098558573270534	10.681927578154399
-10.937438098358939	-137.0654009000075
-78.86418160901037	-126.19762705851132
-38.175673289836745	-137.7104541735724
137.71525235586267	-43.96529495988012
-33.4256783463323	-112.87680507196397
-40.392699977050135	-134.3024867959386
-76.13325179844506	-100.36159631373965
-54.692706359826005	-16.153099474743005
91.8233685089223	29.7510157672708
55.09645580530958	-126.44191406317373
-90.31761137991525	-20.406643129190673
87.33647512683513	75.02519738611493
19.289701862167956	-103.1175427149054
27.783718874442528	-47.79399826922199
-91.59954974657944	-76.96667351866179
-57.84114965035911	-83.36001185425113
44.627310576173876	-134.50418990347208
119.35664598266408	-84.23423658528394
-25.57043368446365	-126.47078019211608
85.08780538232277	-121.56236415315672
48.86577933681995	-135.0807714544223
11.345798982261703	-140.59100631307555
-86.21893956010103	-100.79547542245456
-77.7611736438624	-113.41970581626637
-29.825639599858334	-141.4614767647166
-94.53938320703787	-79.12192211627358
-75.14591976567817	-113.94787333189933
-87.86769414365233	-110.69937949427907
-19.733944296264998	-117.29853513864288
-4.632081893166684	-71.32418793612509
-35.210243802007696	-127.50012114340919
39.18029172371385	-142.53015636586932
-40.84898122230946	-129.73683620625448
8.580340564628266	-124.70028879903039
-116.50687824193828	-75.09941135841319
64.25105159263804	14.845102258810325
121.9082439408652	-74.28095107645431
76.39473765594097	-105.46326067733472
100.9061725774954	-88.67448988817013
-101.09924088977205	-96.77317349889475
98.51457627647198	7.369435419565199
