-80.9987867043795	-90.53538623043343
49.08267468091533	-117.62844608493477
-5.66354040169153	-0.8021912844367763
19.485838238761165	5.9796310694046335
-6.067742584156241	-135.70927337713323
71.11925071409338	-75.72673904372958
-34.73089593365829	-133.8592122573286
85.51553604494562	-109.28415186253454
-64.32784415931248	-81.93066401748584
-74.32358691124242	-87.12578370699924
-34.43653982316825	-128.19027791656123
136.26518731668182	-62.59920209912818
107.44540018654376	-75.16700321086455
-20.59766715468408	-103.4399283470487
76.93298236141584	-61.49220748119497
137.00390955237444	7.251377989954111
48.235631383771015	-108.43066388279661
-91.59971214544065	-106.9937923983387
-43.403507077290165	-130.70590579909788
32.74504493855012	-46.73378911607501
3.6483655815095037	-144.3239886097681
142.53459486443575	-30.660734096217983
39.82635436872575	-143.78385685326714
0.8549519138272457	12.536390558102065
74.51887081224928	-17.94113316436671
-18.497747338491696	-128.95890323134523
63.94063169563733	-128.54039495364813
76.47924008286331	-117.70536763718181
90.41888327409366	88.80579134528884
14.131749821802416	-146.74017766073976
-42.35252241631686	-94.47177664407631
3.2038559740494983	12.502945987015815
46.17108300541798	-115.3423427504992
94.26937890314332	-54.98560559416766
77.79710619503088	-111.10317157433934
143.6646324987039	-12.246751435821663
19.36501859999689	-141.10010206937233
-3.5049293566146194	-126.12052093873899
-28.306595759541473	-135.09550376175065
48.48245976683297	-52.55301785617128
70.88968350724336	-130.22965527983496
94.59375261013871	-109.12503444697317
-79.67521811073676	-105.3120570560475
26.994021540519135	-126.45727551032559
30.71876538512127	-113.00982547554266
-65.28407827486132	-112.44069998397909
-71.26685870797533	-75.35150681808403
-23.01356581172795	8.16345127814181
-33.94342393605336	-138.73482436540803
6.950014564555916	-127.61909389488962
-49.9669222930786	-97.82625296181321
45.75736605992714	-78.22101491014591
99.69564562714675	-56.18247280607823
52.949158718441396	-126.53885025293846
38.302172142331685	-2.0389473154236066
25.367278648377223	-112.86107018042713
32.12898381463413	-128.40454495186003
126.16737502488985	-76.8329800873845
-48.15848432534033	-112.42025080973613
71.66314762313426	-91.60026773781503
-29.845433849765673	-121.05051556648188
84.65203306974549	-122.17427986419497
140.85792157509997	4.844970706658648
-49.32740579638895	6.921807242699343
26.022707537787717	-111.77687133059534
75.61250102644627	-128.85224183691182
-101.0051065165046	-90.41851923562778
-66.03358410441999	-69.91733230469544
-13.819974166977035	-148.4941802967496
52.12281999319506	-56.48662590101712
33.729904495559225	-113.83549344422944
-92.79133068902519	-86.61369808225508
-102.57904210803194	-55.17949631932224
54.874500367167165	-132.7289231589615
-0.08683596906117895	0.1149768068384338
-10.585332576010224	-120.43288472289626
107.21576403618248	-77.38879077715704
79.72030439728024	63.555561349874324
-100.75830179170606	-102.04080802800483
101.10833193075997	-109.76817081282897
66.37041602617695	14.431183056724207
-11.202107702434061	-129.32392296790388
67.9736210023754	-5.029575053325591
-63.104420270191035	-131.47161221600504
-40.61457375004536	-139.84973555426023
28.01665627003075	-140.41876903883843
-81.59219565932172	-96.2130450865361
-23.963012642528913	-123.26267808239234
-64.15418383860339	-99.30637480704313
97.53958580442952	-77.55020386954816
107.02358286414335	33.36695050463381
-25.98202300802923	-147.5370927816353
-93.93421016762821	-44.604187406104806
-6.097165915437236	-137.19234594436887
-30.373940176502817	21.701067889500102
6.4715711104283455	-118.62447090749146
89.06643282564481	-58.8926949573216
28.291228265776425	-146.82133599460641
78.04622413827546	-60.46517645289299
101.87422349623354	-82.84290383033591
2.5307277703909983	-120.86010917950216
76.5189155931848	-79.78849955347151
-56.09799097673385	-133.9751973014864
-95.95266777841323	-44.73790888861336
-0.6281565104517184	-112.90116303794869
-10.275320017443718	-149.400035606288
-21.42480847357864	-66.47154141391796
21.924732047382566	-137.0290014695285
39.906246348252516	-106.62001910696242
70.4052570606888	-72.02638354150575
-16.927021355620987	-76.50414540802561
-27.04053459067888	-93.47433482153303
-1.5510255034495435	-136.96048995253605
12.572157479270306	-101.16832408382955
66.0080961674609	-52.52709652620045
-43.33535500965502	-116.33000000505827
-50.6073568009204	-118.48465923250856
-79.67955655497826	46.690125929535235
-46.64530436716999	-93.00696388681922
-38.89326663883405	79.67724448814393
130.791035775666	-20.558922532962804
-72.38027778803038	-123.22733657036562
6.055070227313199	-94.67597632155096
14.556927831209373	-91.559775075357
24.243554396910728	-75.0226609038639
-18.23211028417755	-61.86799687677076
9.710841648462027	-143.1700036178345
-96.00598490374185	-43.30034904856361
18.94254837971414	-134.73257560309696
-2.1095264044043978	-109.54518322441801
65.86182898004243	-125.85079592210808
-9.846040930788966	-138.462505327244
77.68762493217723	-118.1545785486476
31.448101595545058	-120.08335926665087
-37.21667151952388	-105.72408580864918
-23.039824275331124	-112.69555416919195
69.40457444257743	-128.60580779975297
65.47862048646903	-124.48511225284712
136.8702091494541	37.10456734585807
-14.677547512766584	-106.36776252279368
91.86359952230767	-118.2466677797948
51.204532311121554	-107.00089239952344
15.161748003775037	-99.23127269018049
117.08221951152025	-52.65688939998182
-99.87953462215383	-94.55259476872746
0.6495404001668306	-128.85411386804654
111.23691335099973	-44.75057737633709
-85.26208358298128	21.928106831240598
-90.41149327209855	-101.9385409328773
95.98313158974454	27.980150597396864
25.51123170579959	-103.87623099065036
-3.5799945431543936	-84.02544755058359
71.10682424196617	-103.708455501064
-77.46817521137848	-119.01604781651386
-42.501233711368386	-118.22175317868765
-20.087492991876648	-91.55991999042273
-51.91714817124949	-129.61307626516714
-99.27979650604199	-45.71837274035128
81.84713527036119	-100.10952027120875
-15.351582457392972	-68.80230190710759
90.80242350444082	-119.13179767700971
75.09181601484691	-122.56351334239163
119.06011831011072	-3.059422446329086
-5.883682461497615	-12.162003198389792
-28.025597629420172	26.920556962264573
42.01593009029033	-81.13702940188156
-37.635671223491535	-120.78056154650017
-39.71275568498146	-122.86045236576922
84.30606358973459	-46.51297101159516
54.27946667325092	-134.3042986921439
-26.583078025966714	-131.02532299714002
54.09243352581627	-110.92640002471812
43.074257828661715	-141.16161425588928
114.50303878837494	-84.48755941423885
-26.332095433071935	-136.60614553413157
135.2603127787126	-64.04663683280756
3.447101123794477	-111.06214453058851
-2.7238317064728648	-0.5623628028260184
65.2029895435875	-104.23641763718432
96.14674020683006	-107.4034589938005
92.2994889277803	-98.88637664383305
126.71218565534575	-49.35987659131314
-11.58508585759073	-89.13233666597998
56.55328035665623	-84.74349973877786
11.665288723184759	-79.06965612512842
-22.762272290819215	-78.81329133201803
-35.96621920925774	-131.77254430014227
-39.048013491681004	-83.84591620366389
-4.831632383762425	-138.48316370719462
-81.28152735041274	-106.88096142958106
63.766837971252045	28.771292462123956
116.28131143186708	-89.77754628339683
-34.1928915341743	-140.0527890814473
117.62942256186139	-85.7685407409139
20.086146357018897	-102.1024165932717
102.65084193573205	-86.45537313027761
42.32565094736017	-55.56420153306272
-6.8331260306712505	-113.10277630712442
-27.01948163871587	-140.4976001123229
90.46660548512314	-104.94494864981415
