-32.83240488297845	-74.14271098120732
12.532581722484522	-126.40245179572614
-72.95396004438871	-128.7270216999754
-44.99995229657437	-131.10723190553284
0.8316064695152988	-106.2847703183043
112.67660511249869	-97.00830821145581
-26.988159802018533	-136.80251842161832
-1.1702001308171075	-137.04141509384786
-6.989358624587842	-10.191756234924705
79.95215248865145	-54.51918251356078
-24.3139905049699	-139.34254035682406
120.00717226112602	-82.69293839908836
-2.5717242176201967	-139.37703951590228
30.587456999223544	-112.28612199934712
71.84242388768651	-78.75645025269944
-7.00797568970564	-130.07849937287233
33.22622721772431	-78.94760392476884
-27.948868134018532	-107.5046391655773
34.685342709130914	-133.4800788782983
124.45472639782983	-66.71198221767499
-67.15178182900232	-125.87903603305462
35.70763104946661	-135.02012032445964
25.068248160276266	-90.99254341673267
-13.270992770826238	-118.03699926696845
80.9384186025197	-53.99266346167331
-29.95274831590664	-113.97213523293757
43.92423875527794	-85.80382953625822
-23.91874415193235	-2.460662392113068
72.53758867300502	-126.3150621118101
-49.74241595296439	-131.7119803297264
100.16882895830335	-110.86986001143953
-14.342404605352629	73.44818877473617
3.908370204863238	-128.3117680918918
-85.01058676320065	-119.61979243966012
-105.84949030166034	-82.70715228497555
-6.818154866890058	-102.59620441250134
-29.03301069282666	-132.07512385056327
15.673706292365988	-137.30980700393732
-5.930999294158791	-70.22932898382717
-55.991238908661146	-102.40568067617382
-58.74558166772417	-116.62104176295652
-25.186811053088746	-96.58619839836354
-44.94378134097574	-127.11458672278862
30.269774231985505	-110.70411939736614
2.589873256705909	-134.37789952389653
71.89294502397708	-75.6948271695493
-71.97846747067834	-120.13138574201628
-15.300334614205184	-4.713502234442833
132.78579036659377	-40.78211830010423
11.641433660695826	-124.07988195467172
-12.855280074842357	-141.89781984416626
31.559174833188617	-146.59269495290022
23.185646213310488	-110.67107303329054
-66.67834159877528	-119.14919450983645
-70.12044145282752	-132.21136880096597
13.618853948671072	-118.63820201072171
135.329751774258	-64.39111768102505
55.483382772971744	-101.74763710861255
-110.52187352109317	-94.67115964381537
-30.4050790927622	-131.08107053555815
15.499256251408363	-131.72375815726204
-38.905081538975764	-109.55227032374648
-0.6534498232641437	-96.30102602060113
-96.93244999579977	-88.970071069658
-60.599948232729695	-102.49117911382474
-88.35318402765331	-110.12291447873888
-104.63444054692596	-22.30731244993854
67.96332574843603	-53.49066012180016
-31.954682628713854	-125.96681343432326
109.14497682495337	-99.70988819308636
4.313005110191434	-131.4811982960797
-72.66140220220824	-114.50222239588975
-10.093288611897059	-2.746387645557731
81.57684276081018	-44.349762010479985
32.714878828649	-139.56699722686147
-44.71124574682922	14.653495058681466
5.808615813840728	-103.87733852556978
-62.78357504941048	-119.85942423990805
-15.618598257743605	-142.1395539486989
20.09393079922497	-121.03695453070426
-13.167861796905378	-98.23573752524419
-36.02254264989642	-136.18017804221626
126.8377916186895	-76.86569525513244
-9.90772501630725	-147.180108730913
32.073075845605565	-126.35507772404281
9.519661389508425	-124.92490994770371
-103.56793504281765	-65.58993403809853
9.919379933117211	-88.40804871229547
-75.27049340751438	-104.56445584271493
98.95309375123611	-61.06086255938503
101.623782783631	-2.7374343501704583
119.33633872695782	-58.4727856491727
85.30697501376943	-119.30554648521252
111.59156135742	-96.886571915372
14.90630335825572	-148.48901097680823
-18.59358328961825	-54.09399481553678
21.64037884095962	-145.03418898762794
63.10885021423346	-134.51583335628857
-1.6298524492340019	-145.00451999779824
-59.13195223646443	-114.69747185154107
-72.48840236721216	-78.27107616740011
30.89536135693387	-93.578059190796
30.592305538801618	-107.29001219847441
-15.971041862382291	-131.4145282431182
-87.46877902298544	-84.78658814864488
16.339011697942528	-129.77624660422012
6.534425123024655	-117.72387455921418
63.25194645891607	-95.10051030899206
95.11179566355287	-76.22277071573501
-36.94168792647063	-145.10366309659673
57.83160116771132	-136.01094493534967
-55.97212566766873	-54.13437555698197
-0.3695312428549977	12.255288617228533
97.83708240933053	14.937639035475964
-108.26998795403684	-67.24810626632319
-17.131387352299704	-130.36131101766597
32.842284455003146	-139.5463740326055
-0.15719851150885583	-134.91651310835417
-7.6844853496857235	-22.16302682234341
21.14510219470844	-65.97792380236935
-33.27786176814845	-124.04932996791294
22.408605780802297	-110.07625234253683
134.56128217988385	-59.88223882592509
-29.136748566959266	-130.95423829273122
93.41382069205628	53.305191165712785
8.96028313861612	-141.76780383336393
-63.57658066385433	-72.49724147979101
60.262403171568415	-135.84814086469592
43.18715473675117	-33.07046339149027
-6.893800791183016	-127.55987166647962
119.9125480363724	-63.07670157267599
-55.24488301371812	-103.56521052681161
3.244523773910476	-135.1098211035269
-15.641688958601497	-147.84607690187775
8.893246389691205	-112.0314447299238
-104.07221678703424	-98.15588329588664
-56.53161076353491	-58.62318240429996
21.70521876960749	-141.25997473115197
61.438753757707936	-107.0281197520647
-48.29530312690383	-106.76986546459143
-79.13778269673726	-87.51711618569907
-59.37302708890592	12.56892047419031
27.80308639064256	-141.55677685178696
-29.296861563511065	-104.49659603570562
-19.838472397036984	-78.61574155530292
-76.21041758229835	-109.6707667089429
49.15655708180534	-141.39947424737602
-42.33290586319707	-142.61709775424413
91.81387199787405	-108.97157134745373
-39.72833562345654	-83.59125788973668
48.9645110148443	-126.10176927081355
-55.126383299978606	-67.11982857464798
-83.2666737699555	-60.60771221271609
-54.104605268208644	-122.25532745446444
7.778551113748711	-133.16827063639303
128.02385906958392	59.58299574245365
52.38815555585181	-108.21633314607307
-26.997943516804167	27.98352467858867
117.45292366294572	-41.69877633429307
-74.23077008121285	-23.58322658882967
106.79244317429414	-91.31806948673149
-35.29032322531896	13.469799126348047
-130.36448660536016	30.625576168616607
2.6442717999806433	-22.04038240375067
-18.17409391526785	1.9987336314013375
47.925991687185466	-68.11170512095188
101.50292487283464	-92.67336171166922
74.04741332019584	-101.87652529586987
-69.05033688689383	14.346227584840513
85.96020226352863	-93.52916500650187
106.61909675747265	-104.57700012764809
-79.19604358094259	-107.4248020165966
-7.566308322988245	-117.74543828339144
77.4817072778757	-111.10432894032546
83.75739872625768	-50.07635161266883
-19.79543172865819	-75.33161777107492
4.967493208623046	-110.19718395293238
-39.26451615915748	-104.72788205305875
-26.748496076620178	-124.1567474376494
-16.95031657770895	-80.23481749939387
-17.136039784257846	-121.66252154748882
-8.551496031821364	-146.97515693151826
73.28382765505886	-124.34525246945577
-97.98894159964132	-28.139795438982894
-7.727704731326089	-122.80222601943946
-47.506056781062064	-105.69597310343134
35.604557720662775	-131.50060489896165
-51.16262094190038	-114.34320789157213
80.11180729898254	-126.4989562086194
-40.97638008369871	-130.63212973514467
0.2501625182929596	-122.99514255997964
-2.3659983475611	-111.6931364425195
40.114482552038936	-116.71392288828083
96.53935526761815	17.269109398381786
-8.310146333701914	-133.0029861429702
63.100214572803196	-116.52338678597393
-15.52515326978109	-109.2760007300703
-36.29241603793874	-112.16897396571508
-48.26675196805054	-121.7521360975344
75.07204143499624	-129.743124184023
