69.38107650931838	-128.13562032625896
-1.598432794466302	-114.59669449939933
-2.7990460497269445	-115.2940231776226
-32.788016689360326	-115.37948324734533
-120.95941230190836	-84.28634615124831
126.51758769601426	-13.027402532196353
-106.2597805253346	-89.71685800511132
21.582331970863603	-146.74636672294787
-34.901977570688544	-92.15682181625284
79.84220757405002	-12.73426086506807
-107.05852839444609	-70.95403457606271
-84.51381836390495	-84.83305244274507
121.82814693956017	-37.417494828608575
-111.24027854184939	-67.34647723029347
3.9933950904689355	-128.2339001731419
25.507484947228253	-143.73955051619683
5.893377061640339	-142.28514734344802
43.55121263038042	-79.02861197895821
-92.82940763478254	-86.47548450289452
12.866059885711772	-132.23863700165234
-14.603340815964053	-122.7122138265198
-12.258318363207561	-130.57679757894513
-3.2151782918572382	-143.85893077291635
115.33928284952398	-48.362445500412036
72.81656089857853	-80.8453698086136
60.82443856462993	-7.029447035033976
2.2909102192207276	-115.11986386867397
39.267044556754506	-109.52920417899463
65.29000296391406	74.65386564330753
-6.538226946931637	-131.8530969118631
64.39765856186187	-96.10119200252987
66.33877907568761	-33.85771328222162
125.29478035977938	-77.578877041937
-12.97264359931087	-98.46902914641495
28.57976010428534	-96.12379427939463
-15.039432748197369	-131.58812512848965
114.03480651856819	-93.00812674838859
-9.60069532290461	-106.12394455878584
97.25721876047008	8.722599924843035
-9.159692001914639	-135.42836886738274
-36.29324344660439	-125.23579408618642
-104.47354052592883	-96.40690650553567
-27.592732335207938	-128.3020523000193
-51.5679326846754	-135.8728882447041
77.84279090584563	-103.34158875043299
42.287372334239336	-85.14649481200131
-14.800447091408879	-122.39934925553948
41.519635615149824	-142.52795207077625
97.14835508117082	21.814019142022744
-27.367427234991197	-106.95649149976434
-3.743287860173962	3.136437024644988
-64.70899187382243	-113.53205333477433
-23.211117906708232	-142.08031631887556
59.65218636541114	-123.65945542348183
45.298256503507254	-135.32863507842592
-62.01623094163539	-122.3068816615178
-13.763667564758114	-132.96634284388563
-49.359032834771966	-33.796178687920076
27.251169268484958	-143.30427271419694
-44.01137627228025	20.30959351935461
-56.24336423072338	-122.5207640057797
-101.00982085199755	-92.08608244620126
24.644771931590782	-142.72267922615927
1.248118753085745	0.8832263029041478
-59.01426381594653	-109.68285462297358
15.507161706634458	-97.80923872632856
-43.53828067931723	-136.0231886912267
25.67803655778813	-139.71250212064916
22.640140826325947	-147.52275585995727
56.39514052152548	-79.9651920323551
26.91262103255594	-146.51160211560475
-86.01428931480459	-122.55908041735385
-82.48059186815769	-107.54263679523582
-63.313576100916094	-110.91802155013806
-106.03416650274139	-69.47365313984594
87.41206626047887	-77.56287977823624
-118.44869863330312	-77.7791269637316
39.25890362521438	-111.47895234031095
-60.38319149003452	-86.46881545777453
59.36494890391665	-135.62965652314418
42.23086269049617	-121.81631560701958
8.957268816834661	-127.05680043142011
-52.37273084516865	-62.07164347241914
57.16006475895321	-106.40249694038347
12.696338609264068	76.18923758857538
98.60289664421265	-14.947799793315813
-74.50826408945791	-99.22426560943266
-76.4576411756858	-90.0759309457336
-23.911749788082894	-75.01370054463544
-92.20204500919188	-2.2624416672254792
-52.82068186121502	-96.61356776346089
8.26073615718275	-132.41437931818245
90.62352981948885	-67.6974375144703
91.69714227676549	-118.2804067672463
57.16932757203668	-4.042836011249387
38.39367136014778	-75.20219187125113
-87.77207927506187	-102.95225586293539
8.813342229879245	-120.82854294807802
0.36292045779810406	-120.24193984573638
8.957483783120436	-94.41203018400742
-44.856902774558264	-135.83537528494972
-11.181721501981807	-119.7743851360891
-19.532356557942737	-113.58407023181276
104.63318864967711	-44.141373848724015
-58.939840415900676	-108.98731166649681
28.27313996174616	-145.92788711816124
85.40067920038484	-95.4105533402764
-55.716011000934884	-122.89552180748505
17.399308773484137	-44.52534237431979
28.308485827612614	-88.04662479110561
48.35054696414114	-141.5324729389269
19.44829351006465	-68.63287077193381
-114.46372056156169	-73.55391178391842
42.542614415613066	-85.46127714543009
7.625026661719101	-137.89348788677802
22.763893593846614	-137.0515293488477
-77.22048275205422	-122.94989628380601
79.37018914182961	-115.0574604187276
-72.54424524432221	-114.61181344059673
-51.398136381759564	-113.00407404972401
109.69907762569838	-98.13644703464382
62.30953388957099	-87.10480000005181
-16.300610732094743	-16.734725754823156
82.7415534660543	-18.112454173648377
-62.57762774953658	-94.27098567487879
-17.40611446351363	-119.37007122716652
-111.2508721562349	-55.75745572474947
4.177627560797042	32.50606748512532
-38.060187445422436	-114.00560549374032
-89.64648391830299	-48.58393492062352
31.340279481255255	-36.325968546637675
51.07106876767877	-137.57818835575688
-0.5790727257575387	0.5002396341435472
54.760080590251675	-108.52720321467197
-90.52331734901779	-91.70942359550219
69.41708485749325	-131.6985967553548
-29.733540546365425	24.411251025593263
18.387637924178605	30.436454778663393
-18.1723650968443	-92.9828866494452
79.98855687297237	-102.97302552901148
-33.48969761922259	17.46167695110058
68.57431712186907	-118.91976036440963
98.12010666188662	-48.28618624993097
-90.37619407129144	-94.58226798569723
46.692325733548216	-58.08433136985634
130.719411600472	30.173738956804186
-36.485837904935686	-131.13166158324984
-57.062144294020015	-126.95026427678663
-60.81632085182394	-117.7237140793175
-60.096046372053365	18.225433035583578
67.73623281806798	-113.09473274913121
4.190610790397854	-125.07922564430113
123.95287134850835	-75.81708009418341
107.7472388578427	-104.35488123551106
16.937889128817403	-139.77677150157078
-33.674542374239586	-114.04063422547898
0.5705496162455135	-149.99831349911327
-56.32954810712234	-110.63043502157576
-100.70504853246453	-89.27296801606337
-100.5975636260022	-109.17227670180348
114.39845891089317	-84.28289105959605
92.68711276390582	-52.44003193135311
-37.163301048038	-25.77703919633638
-87.86492254486251	-55.453613964184925
-30.07264025336835	-124.94463107341019
-23.06167078605892	-114.17288389780457
43.41707124269015	-131.43152125168425
51.80441786544008	-131.27355111286874
-5.134939650400778	-146.4838997450319
31.735940836772045	-142.04445707968713
75.22582546724773	-115.73836533531284
-37.67633156820948	25.941213512335125
-10.158268352273618	-133.160123360842
-14.486042234390784	28.374159384435053
-62.8047907460339	-31.021597036053347
81.08777297136866	-104.41579332831382
-9.900652690433729	-108.00896502989546
-96.83837552186988	-96.71316808905493
-58.45170715931118	-69.3801249560737
60.25683573065164	-135.4552538183863
43.938683430107886	-127.96470977223575
-37.991476171731264	14.91511395036886
-65.9524834421461	-95.8908997699128
39.94999278293878	-112.10498141829879
28.42198360046819	-99.59287017613819
-76.47677885217625	-104.1268145768022
0.6504255398935128	-70.31608327725846
-1.3113368932496883	-136.5006215070867
33.70678816970276	-98.57268169005566
-63.297458582529984	-105.91085790164198
102.78230253564553	-109.11825873421212
83.43552872637184	-70.41257453965669
-87.88340316195097	-93.22492412351842
-65.50892899480749	-84.7916014193212
-70.11955855155692	-109.22293735270075
103.54046882042304	-93.76469821943098
-105.58019829472822	-29.536084107861118
-114.53336882021159	-91.92312262843268
114.15465142480123	-74.44569670731032
-15.033265998213748	15.841682168147853
