-66.52164935876628	-39.170594179009406
50.04886161767295	-135.99676266331616
87.19721361508253	-104.75957698075909
14.062576536636627	-89.57281525071396
-9.599169475283187	-0.4463240097609841
93.18796418352649	8.264194048551142
-18.165249410225424	-99.47266665488455
77.20994514825647	4.064382294013758
-61.25320186957618	-127.20919138945602
20.895442813455784	-148.3478697302689
24.430268465927437	-144.37264293031015
-17.267748609464512	-128.55232482769762
30.913246114977074	-33.07344009907591
-11.246712266140777	-149.1638648014079
-33.02947236627943	-135.29584308160346
59.52812615578445	-113.66080672871497
112.39085838978069	-90.62594823110508
79.43073441102798	-47.521691692729284
113.53272179355429	-50.15595154837909
-31.304553985251786	-97.9348314011149
49.42757098291177	-88.44086976273239
21.286331320158066	-0.4315588242351896
29.632379047594718	-128.08165204934426
-68.54743063866628	-41.275880847163535
109.07153583646854	-90.51404138771224
-61.27729028321642	-70.29680494557665
59.473987469826326	-101.60161986793008
41.238827177368236	-141.7093719292725
-57.3313697086059	16.858969214674556
81.03909073535937	-111.05342994972706
-41.30306927879069	-88.19061276705676
126.49638536134445	-25.730865024143885
69.66202032070892	-96.12512959813881
-62.03602737571492	-95.73263396780558
-68.41042880532792	-97.04620304806394
-13.626893735431619	-110.23300383801573
34.869667574816745	-142.33218037774037
95.23970704859008	-115.52872814693829
-52.07246322041058	-122.43957995854355
-60.51875590430933	-77.72286024730073
93.95783411463806	-105.43813889720043
-19.97097437644424	-93.27298661251385
-38.57264748011957	-126.00001700258768
24.62013375266221	-98.49525754720061
15.712985958322724	-139.03499374187885
48.391308728634364	-141.57992808541547
27.355928686002567	-105.70407844070682
-84.77117358062314	-91.14532097493274
128.07279849747442	-29.785009773268705
50.39445988301228	-40.38088768533705
-79.28937899310647	-114.36103441821201
-1.6455946740235488	-115.54080475997877
50.31823701036014	-130.35422297286976
70.00687082206426	-4.155399843239408
67.2402592780022	-132.69406752680413
37.82680010805396	-128.20556156043764
20.10280290866449	-144.66244093385
101.82024954128097	-8.848674018104363
89.01575565273565	-30.90206164811479
96.05946816078364	-40.14537700316783
-123.53879573201695	-67.84637046483222
92.99491963984009	58.32583746863115
-92.92180434502585	-91.86008668475287
29.848343748340206	-146.01665053443162
143.45972680878518	24.09044240548914
5.83714227654796	11.912074072059642
-34.2835570357866	-124.9486973342556
108.97641269755509	-15.048234163726846
5.370371898518367	-94.38349304751513
2.2243560108279214	-112.65628546424969
-83.54661769097179	-88.97583265990012
-18.16374351542694	-123.0265023896972
14.424991436086852	-102.17501605195338
50.153982877935036	-122.43961105855715
26.56987544252699	-103.65513360005596
-50.01956579124451	-49.29597285900044
80.83006992563668	-122.05286959634302
-56.52587191095124	-27.44542468087715
-23.15956836918851	-130.21856503937795
-18.70785243150026	-140.80565649914507
119.93970494187847	6.479243748379723
-25.00438119435389	15.456380330222135
48.57075196331483	-136.32350292253253
-73.48641073616187	-101.25097539635347
-37.28190192979484	13.587614387338814
127.83353014341866	-0.8755087518379937
101.88407310487487	-79.12697478528962
56.87486218219031	-119.5362572435444
71.2875740599515	0.7026279818463195
-46.25543426385784	-142.49974551295338
-3.30968427618904	-120.43189761205237
-10.596032525322075	-132.59566138604893
-66.94892415296886	-127.72482714945465
-46.445949387733094	-113.45601817022748
117.62517415654615	-0.3985282503920101
-63.07268404216002	-106.77201474734785
2.0911510678994922	-65.55615594335234
114.59335600747899	-80.6519799165668
72.371984194945	-83.04475876349613
88.87530450415542	99.99129804171838
79.59508039913342	-114.86224666887799
118.69041895919362	-22.293489522376014
-69.86541669946223	-115.96106300070028
-71.14792804618945	-111.56802647159488
141.2412171856556	-0.04244281993581169
120.74847079569076	14.813293409423233
18.841446774172546	-148.7859750013992
103.91031517249108	-107.78258475992916
-96.41883576067919	-94.22096079941522
-2.7203597235171424	11.170861018760853
61.669591030312155	-135.91485494942577
34.71907996423282	-78.01768607125106
104.29915751789558	-68.03594559410091
-38.725662517936	-135.03189262698353
-35.39892097702298	-131.43730413788847
-93.56959203056303	-103.29429683419822
-96.87908591275291	-85.86345499278286
-9.555506084813247	-139.79046320098345
72.97889252013483	-123.94904951524155
121.80889620590972	7.219749412183023
94.70870263587396	-112.2862411843497
27.00221707275106	-132.9314583419011
-52.67369979613675	-78.48767069919143
-62.87171304540405	-79.77044014762616
85.1864225295324	-122.75664213998051
86.39524309442845	-103.79913237208028
-7.634003958755472	-0.9330546362791532
-34.650221855624565	-53.943820514894654
108.06816159068198	-102.75821668707235
43.949487572421866	-104.10384547792859
38.49101610535925	-93.88987532805592
107.7601975898406	-95.17383232322804
99.49859145768785	5.398687930543824
22.568496386859803	-121.15109425360791
19.889904786078077	67.70532595089642
105.73431034672404	-90.11700542007782
2.940642566878107	-97.98395803673299
26.866368850631893	-131.7236084190897
-97.09476052550521	-82.1516260350172
-35.80650965335939	-104.3474037439376
1.5618275285663152	-112.53709708621774
90.77624956433552	-105.35566405671347
30.03736472692921	-115.17894844877245
-9.63067613093381	-135.93991212024062
11.838902300666069	22.718566040679136
-57.01600685188596	-107.98758405286335
-23.347651024848272	-119.9469024719412
-9.144414193634242	-82.37359320758269
112.0750868203038	-0.7553240449622315
116.4682104359136	-21.202015099024763
-56.70074920405343	-102.11179029940926
96.79100238058017	-74.410522434194
91.58213318170219	-90.67664621396942
-90.05634235112251	-102.88986704305678
-77.68473907139324	-97.26540284895032
-41.80987859970821	-131.31799049294514
19.491170770296716	-132.08729867501177
93.9239999440211	-54.8736373864242
-15.013666240503511	19.318657788043538
112.28643769730083	-54.42970508176236
-51.82743366107243	-79.46545144575248
62.20063215221214	-90.30900825804993
104.17440535794545	12.059170654210421
-109.545533873642	-47.62153406851035
140.42416604625285	-0.4889373941174465
-46.21694537810847	-90.9768401362395
20.412445840061338	-108.907743649948
-36.01830841489191	-113.13138102570059
69.66981137670959	-44.28456314424357
51.58758070683971	-140.33111877020713
6.96816081599059	-144.7491856311389
89.41399311904273	-89.16469089638626
30.24153172208529	-146.81977349155557
-1.4887471956398144	-81.33824088780422
93.69050126481041	-106.07343625250597
-86.51760297786657	-115.13663505561108
109.55316681095294	11.653861223306645
94.34644203168051	-25.129969655804853
-8.043754255259008	-4.736553496685515
-17.70820953336263	-6.7276792451498
-93.19802395914289	50.20917091821342
80.04215070498384	-115.67189737097647
46.3395911817985	4.999485190981857
-13.89749470814223	5.754813560404577
-25.103034803365542	-48.98796093307699
44.20847725769151	-129.00132338467662
100.0630221405075	-59.369687170854874
0.9240742816810801	-140.67345376409043
78.49611987983754	-127.62631527213469
39.52008104372249	-117.23512700231369
-11.862561248118583	-105.23483676379063
100.8814738827049	-88.06657663512676
-20.698444568175642	-108.66416312392424
41.7764184073397	-143.34736148930327
-31.496129717478247	5.336455866172371
-49.31887327481269	-122.2654457451025
91.34527485541994	-37.52818794496661
102.7046732261767	33.280201731285054
36.806157410022635	-6.399380079507416
0.12367944200249723	-0.6544191014847436
