-40.58903185321574	-9.838419584426854
92.95679409389207	-44.014041545438616
-24.700820925140544	-121.8410990775257
78.41782945475131	-104.5112723322072
16.564243080115254	-122.55898547248923
8.030702077148462	-21.437068472670948
-40.36553026292781	-109.23600842605933
10.535021288290402	-95.56291502900434
-2.755090589973468	-147.45310860041897
-55.32732130172645	-124.31224592776627
120.84321709841035	-74.26972399426343
33.05380755050245	-45.411830060658076
11.225498032693134	-100.93953860375242
70.27541876918727	-52.84639487168392
-59.294449006469534	-121.26691242960206
-104.34764417781581	-105.48243373056671
129.00910190755818	-60.935594029262504
-74.72278114180793	-119.34588315330548
-34.03138208659419	-108.31542727211877
117.7423583241221	-30.121093414440445
-96.9146574078429	-71.51375312388066
1.925456974652607	-149.53863100115078
54.80348601543379	26.79791593176175
90.84900199063127	-70.28509067251711
-0.8105293173540897	-137.20908730543675
-124.33428651656321	-49.116406545480885
-5.610580730288632	-124.61101385434658
90.51590962120027	-104.86239496815881
-51.85035360974665	-106.85177832620005
17.063972156799142	-144.40445903797635
-50.2999392588272	-120.40866425558936
54.768772478529414	-112.73315213031245
132.2455391381271	41.55035411549338
-36.3652630897919	0.17180938015031155
16.182019794967808	-53.10806448182204
97.03275568234923	-20.002886477163987
-58.24263444652845	-135.8351326051948
-4.999436711090395	-147.33876873246146
-0.6882575856612118	19.553064901859138
-104.90889725315861	-81.29075525660465
57.626111671235165	-119.28386889719035
27.998252477648194	-144.32787450297744
-40.88212051975675	-127.39056586971387
3.089860694393918	-149.79145307360528
107.73308352894506	-60.234138468735516
-58.59018719117171	-127.62620282280812
84.27417453092168	-122.31054488174263
-46.502034375151574	-25.99099140373752
-87.01982590676366	-85.44074512818791
-30.387392298213417	-115.83414237227286
86.55354135867452	-113.9209664283477
104.61774979910467	21.881081495117456
-43.752340487255694	-121.48742672124021
90.6809621719174	13.081911273994432
132.66486855525181	-68.68813923098016
85.35505023368773	-114.14907364377288
-119.66809886183204	-76.08871380607101
-7.635669418990171	1.3545743385306557
51.16795548184373	-119.17909388829301
71.17155299563282	-46.54609128688107
40.472145220049526	-122.91502571767809
82.6580405101723	-25.295363968999634
97.91141984973488	-113.28561519293513
-6.082837913822954	11.510112542989079
-69.21778273447505	-107.86331596225043
-1.7174879145884376	-49.28704872501935
4.655237160264492	-107.57554890793205
48.96140520478223	-115.74569449557046
-28.897678115858824	-129.82787917343384
26.471448900981905	-121.38447817921565
46.215642770917526	-140.20360366914045
-75.75881287997733	-112.81935913346582
-117.38396896962185	-86.72185582462282
-65.44864823318689	-87.35732853933027
-73.78947979263789	-91.09702126366311
31.438067916163867	-81.31011855381483
-106.68276451547608	-33.16403850526239
83.44379862116132	-121.92478482420704
-75.90327780974575	-111.29966117798321
-104.90191247365419	-94.22391881604415
-67.02405916584692	-92.91646723126675
77.55670100659943	-90.3717814435207
-85.1916796790459	-119.74063799037611
-2.092099632861749	10.257883404893656
-80.08815700454991	-19.432659723857196
94.82741174502301	-80.87853953582787
-15.763112522170744	-80.3083687213786
-9.28006018696568	-104.05612585483107
-122.55572315920367	-70.74427430559096
122.92208022915949	-56.39241313799246
-43.59808727501491	-133.52425895578168
-87.22418329366356	-88.96270455132851
-106.66052035288725	-75.13331125063446
-47.23623570254379	-119.18806035679151
129.42783477176428	30.78083623451617
95.9744518947907	-26.262124466627316
86.83524493003345	-105.36606625869156
63.95124238407819	-131.62059202425775
-33.302595323063215	-89.21549550614428
61.32838060225144	-116.69183080876233
-49.64549081495755	-135.27348180628502
71.98846181990103	-87.78700052947467
111.47904859877602	-26.26189675341214
122.56047451111915	-76.74656383435743
29.411527142446932	-135.74152940252483
-44.43426760528047	-135.7551048158723
25.556320715857897	-142.6063974853075
58.42930869315711	25.637769255479125
-90.35327216235818	-93.89729702268382
-14.220251175936452	-134.37008319468234
-113.96433024189722	-59.147387461563206
77.35543096463235	-99.22733124933025
49.91397755538908	-49.83335638348888
-44.12908076625154	-124.03342840756264
-7.36647873238417	-76.18838150046004
-8.593071626594107	37.69162709572859
1.378654097202765	-116.1593771950802
-24.437353590830295	-141.2091641106671
-33.48738059985964	25.127127361878383
2.2339031823779147	-129.71388418382293
21.530283059032453	-113.13654309658088
-13.315731605513955	-112.01567703391366
60.41413769298738	-20.67353989408373
18.206271934629722	-99.8879903215655
130.23576737605543	-57.5050013295149
-58.83994171119466	-108.05345954021215
15.463356187625484	-119.76706388169404
123.3500867232374	-35.24311142693381
-1.803587830938668	-118.2623791627267
-50.81958674633213	-110.25160745946233
6.2743342467219945	6.499343172755987
-10.81472721970994	-142.6957523837016
90.78512487387248	-63.258775015911645
-114.74963850803438	-69.96081467222776
-97.40449366979149	-65.96223738023114
-64.68966612761544	-102.42105089123555
97.17424785941968	57.760794762882746
102.47499799220195	-92.12647243127704
-39.56769561638047	-125.79436407786528
-85.35408302053442	-72.87407295120227
-22.324317996050215	-126.54174506095472
78.93007299938601	-110.06848068375719
16.383498717616746	-112.81262569166023
-16.612628073371983	-139.64275903058206
10.08315355513634	-89.71470016047027
83.32987250097244	-44.95901698567984
12.90930351443452	-129.67429462601936
20.49155101466753	-112.0451957256249
-128.17917482881865	-67.67945339537249
-20.333085370930906	-48.78691382310031
-3.2335576282653453	-145.56382279570667
-107.983994602164	-91.25365427318758
16.35278759288492	-134.80872179805993
30.680088770850634	-104.97177577831906
6.749089980573011	9.318417746791475
-109.87586097772233	-65.24365839834047
3.459963975770477	-99.88048853120834
14.58618787238779	-141.59116507820877
5.485773822280404	-117.73050976111047
-78.95462483052435	-112.9138179340545
-86.24209556423256	-104.6470101643361
-86.55932431068418	48.09841874052249
-1.5916955320220512	-127.97963470255232
85.73860939068311	-93.97552734318309
128.37011042322362	-65.94929050414592
40.4961860605856	-127.49773440278442
58.867262761117445	-105.77193277159837
-72.10664287600801	-123.35617009742475
84.8252229877029	56.43803018826285
35.59774144031237	-130.19634471507675
54.052170153332135	-136.87617658709385
68.63378073118426	-101.47800204879454
37.906610671961076	-123.16950346347488
91.57037712872142	-107.32029162200838
-12.753888790880081	32.03917286279527
121.09081649962053	-25.99562798122367
-106.05384064674143	-83.08572393936298
-94.78452045198829	-70.56090940700591
52.40932753687271	-140.46824059200125
35.27382922214919	-81.5628365671856
26.005611955727236	56.20534754972801
-104.44286962839351	-95.20536950530014
-36.331261787434066	-101.413345798264
-19.758823485491103	-77.75919816408094
19.772424749513817	-145.15667352405256
-6.271721511973312	-147.47828342716102
-117.61137439622928	-67.55232645723991
10.46218325889329	-120.8816465791677
81.97370116730382	-82.0567189476841
-69.73155992176672	-115.99180242745675
-62.630379210365064	-42.151630146398105
111.94033729842269	6.174244934095219
-57.989247642679246	-71.86220534207122
-39.03281994572887	-92.85632196329112
14.801851562331985	-146.95030695470393
-13.757271758995167	-69.94091180543242
-2.2688856526153476	-138.85530338814584
-7.677429375316899	-95.88609285190662
52.60452780448394	-121.90041318095696
-121.03501258141783	-66.04714543353964
