-17.616801231566583	-110.55505793768411
106.10524237685168	-100.07871311053364
-21.949538287082728	-104.10365700815575
-0.08720679145321414	-128.25463447754083
-87.6582166168018	-104.29379980934267
-81.82687825383775	-118.43428151559577
83.34635438809234	-124.06031123443921
115.52929621566902	-19.545629430659513
44.43255701305506	-128.83973666482947
118.28074639787707	8.015273594101526
-80.01153908995882	-109.59267481875203
11.520687330833548	-131.33402441466984
-74.53508038252066	-129.5529692090843
-18.548804028149803	-117.98284869113293
124.15475531291271	-81.46532079343905
-43.14698777630532	-140.8197806494857
-42.039330687911765	2.619038463504188
99.38605872724914	-38.265437696223565
-11.693153633911955	-84.5130043579176
-9.998030460579104	17.66208660506302
-5.51973231424676	-5.163666949990732
141.52932319733472	-3.600118614821596
87.80909858621933	0.14500608317727995
-56.90231207605337	19.004934094436052
-32.190965530412655	-17.82867627121966
29.697665998994466	-139.29619847797952
-29.155319658845396	-121.0741546160557
-83.11272146871472	-107.51348459662812
-102.06086276400917	-88.51866533274433
-4.153511851452068	-142.18395493501532
25.7087463923343	-136.92168249338425
-5.449812800147759	-144.40797460700338
5.609231538561664	-92.46718700714803
-104.91716480067349	-88.06940434933821
-55.28578631639676	-124.21450675546927
-30.577789400897473	-138.36005453066414
146.29895796201683	-22.740658233992033
85.74224756877045	-54.40232512976628
51.234528169705875	-135.3654574291654
-70.38144377373266	-110.7389722854291
93.018129083602	-44.592385246074116
-1.225652934730211	62.64431969236362
-4.431554296525313	2.5055278105472474
-70.60898395599153	-103.6359965361508
-91.4536901798269	-81.63013075196272
-53.56993754945686	59.012455245037586
-43.46747940076796	-118.81112054313911
17.350151330237104	-90.91365471156492
133.46100902438525	-57.79978494397604
14.50231215105718	-133.5971180692807
-38.85014641083068	-120.67793725567782
-3.9578410240410884	-132.3723268988009
-95.24209776561233	-99.43946573701241
97.0748789692984	-96.97663671631797
45.2946456577292	-94.99753750306797
131.80845971725088	-65.00237908861635
130.76118733222103	-29.439344023969635
72.78169033684034	-79.26026677612205
19.261468477555834	-146.2790821712266
-23.163569915100744	-117.13435638717881
-117.05423396271274	-77.08697229645645
-56.88751340087551	-118.03052521259292
-91.1725043822277	-98.31765488456111
-1.1794697007029793	-149.65616810089352
85.54455216333443	-94.40594351126778
101.5468569473825	-62.33694202167215
8.460611715415336	-148.90863793403307
-111.2031171860949	-12.251875274245279
51.26807825934628	-133.04309173481101
-45.227201297904706	-127.95450943105722
-71.30341696248132	-90.96589780226017
-38.413500490398036	-123.55889880882353
-87.0011470349689	-97.15350093929919
85.65633464848574	-116.82158555519919
114.89300733227307	-58.788777204722166
13.692962317053544	-139.47277618415703
144.01009872598684	9.271304408997205
-85.27473543505805	-94.90910454063324
47.62281156456948	-127.35557342051517
-2.9008239879582636	-132.68854264544177
41.54763079199704	-144.09152848015552
-32.4150356511162	-137.76137432883044
106.84163114141349	-31.37031740819482
18.37000910753747	-141.62024562880723
18.464293587328257	-69.25943834999326
71.8932634916989	-114.45301524843876
6.31769735843316	-131.37195820533032
91.38968028745893	6.788640026633476
50.10648124222324	-83.45866925902342
-4.783253160147069	4.605020522925627
32.26731932474435	-127.64145883284874
136.88611756832128	56.81000210058917
21.704915791758776	-83.47651621300803
-1.0211193344757403	-145.4035005729131
-35.58599558334205	22.69947738164884
15.919931453048099	-120.05061673218016
2.265629600577146	26.96509473094913
86.8581098338979	-88.23355317873798
78.04949347378574	-61.266630195896404
-78.10086416666766	-34.415191483907876
53.557937885963725	-89.29639485330529
67.95374441776119	-114.64217350182444
-74.45234594155136	-84.82498824659811
46.09820038536362	-142.73850520214043
-8.262543518293754	-106.60960133197167
23.38750295234095	-147.83771949961871
-27.007984212622336	-133.82353312465412
-94.55989898919742	-51.54992428164543
-30.903808307845683	29.649182959185417
67.94279277741634	-91.68941068751961
-34.095900524138344	-126.42395673159301
3.1116852805111077	15.016180847037035
65.38941181223161	-74.87267053056416
-38.374599487713105	-24.549386818065567
98.7260176817434	25.960366517436366
3.010046173598557	-119.51512938871828
-30.625058356121638	-80.17247866044399
81.71640768841415	-114.23908231104159
-67.71906355417681	-108.9997897371401
123.46710712272396	-80.32918965582252
3.3627782994631827	-95.70539791073386
-96.18599598208517	-86.53137464262522
80.48914130083465	-125.73136166643638
1.194223586838428	-114.62437338833878
-51.33705532648944	-120.16596819590342
-51.744746647959474	-67.35148561064763
-8.256401613717863	-102.41147140581744
39.81652601424483	-135.66837645244576
-12.143176799018006	-100.30376549568585
-59.802680589484986	-117.34719864971011
-52.919162159062	-128.6725819883111
-44.796783463252126	-106.82248815082508
-45.21390470873831	-78.98631122951637
-17.092596522391204	27.431696569853653
28.10893471124506	-125.183105713396
8.16311044828995	-91.24245060866573
-24.543541324351768	-132.33969524204966
33.930292990720915	36.64023634653244
94.83035583608101	-70.29994311084127
-68.83318054663533	-8.60663269771397
-44.34081326290851	-116.34072796104729
-76.23126154355732	-117.23011325832417
6.8343838406915545	-145.31644711076285
102.13786987684934	-24.008448145676383
96.2998903845665	-100.62595945503689
12.788568159646523	-149.21468094390784
71.21683817669243	-83.81754206569418
-62.886071751847574	-95.05668074409157
-50.35580417144935	-137.61371493987312
-94.61341629877414	-100.30333735205896
-55.68171330396873	-123.59826383954027
-16.068898328956685	-138.94364571861678
61.22237169099476	-135.37749076130225
-1.8594112791115944	-54.21499581152628
-13.719873372901532	38.13869411552256
-68.5116021952064	-77.05081183246871
99.53702388858173	20.89206749806033
-52.59610760877617	-117.95223674201235
76.633642452311	-100.29604540570428
-58.741490117898145	-122.87633196604473
-106.40150783959277	-98.12439595032941
3.5169759176889173	-90.28137377639568
35.866506680671364	-9.37021316445857
-17.65559804441271	-93.5719063733352
116.00299368027979	-39.200724253930474
63.36949876996404	-111.12146142079419
52.983828978606844	-116.32598782187183
136.72771650179723	-43.1562415726933
123.13633046637695	-80.79729705516253
-81.44691434668215	-83.10961097171166
-35.991883518162666	-109.69306335483694
-0.774826351760549	1.2599106133310194
34.32053477207951	-143.47933029758101
-60.404608836930414	-129.41084813269057
-32.078821296733615	14.55789717078439
-67.92271721604972	-114.98267680130839
-30.22185940851346	-144.47969027040776
-23.10714204827674	-119.82014346283506
92.17279910911506	-73.52909544544713
73.91908246246884	-102.0328504003406
20.421726478610125	-109.04992237794417
-107.78852107638036	-89.62153877740771
64.65599855092498	-104.34211661503096
-70.36166843118136	-104.75589646399231
45.51192523392221	-30.932908333314693
75.04822722390509	-91.00748334636934
11.60792139081592	-115.63668553233761
131.75315368801043	6.936462571080145
6.396381460842533	-100.61303688438782
13.704309447005802	-92.86150295064814
60.87224586962027	-105.05463568213452
121.2185219928527	-86.15961215398194
-73.03445952235819	-44.382965754863115
67.73432720719269	-18.75025422627502
-38.26351332396822	-27.29882621379177
-37.16917731083691	-104.98639421916464
-55.38854351139755	-133.7866585811238
135.15172402600484	28.340959084120804
-37.12521135829747	30.54052174138855
97.38592695663574	-101.63348820780242
