76.44692306131424	-32.84855237506876
111.36924575372484	-72.82588513543693
54.19737219892626	-130.40553291276416
46.24374710929272	-126.81204190238444
0.9300870259402746	-138.6501317897784
-93.44984412863504	-109.80399868319327
-108.31714569561979	-46.10392845475502
-37.73742055537263	-82.77324346239482
-54.7445221270241	-127.81121663244377
54.67424327730015	-138.6775872157999
100.06415646744168	-104.77915227411127
-7.132611743812772	-93.09816471020952
83.73764551567116	-116.44111430936755
-26.300523613382264	-139.46148204093882
-32.44605388007576	31.379554831917474
-2.0739121182925313	-46.34869298903589
10.895565396090058	-111.0870437851806
-25.88683186940987	-26.014706135141818
117.40694948995585	-86.6223353051308
-12.854309224848366	6.928154018092248
35.513008708735036	-96.76545131878264
-63.46359623106157	-133.3968055969464
-3.086586018258786	-101.0794237150739
113.17109753560784	-75.60470008190246
-57.32602162964133	-3.097546888713998
80.71544195357426	-92.19749112254941
-38.36312060972619	-70.05297388778855
-5.3983658576336655	-113.57623245595053
-7.324413582779043	-45.41538058433806
-58.37200615131691	-120.92199112724839
-109.57222015003643	-87.66684241338818
-34.281226533515294	-144.1968090869512
-12.194233224453452	-136.90315136946356
49.285637137750726	-124.4004695727942
-4.413099808717074	-42.494489495740666
-35.56554203042909	-144.7665365387724
68.72340241760732	-119.5181699234443
-42.27377853935499	-115.66406688547802
-19.19208500366437	-132.6744009319539
-16.769890231581897	-14.135648153973799
-31.57206088091762	-112.07220708936065
69.29660948984422	-114.28158209545991
-28.719665893355543	-127.20321761829432
26.204064175287446	-134.35219055494167
-16.711906533070685	-148.6669796393678
-8.951568959396491	-120.78224487529322
-100.62054696733698	-69.12490537216298
55.39691495753357	-118.67995374049428
25.52289498486844	12.038367868538566
-30.552407525881307	-128.38032067137772
-19.35030656027204	-124.00436069130218
-103.07372695032586	-101.39088540223993
-89.17736134994013	-117.59318963666477
84.10204089530191	-109.11784873623994
79.71902556558041	27.828935728608826
102.35509219059493	-106.66296333403857
74.83294070259832	-78.36810569648145
49.7606129001971	-80.21619901457814
-12.15497855530749	4.728136015424473
4.131387536967382	-148.25422630681732
50.61080028487208	-116.80587569423244
33.329377017869724	-141.08566311662085
-80.26117891599277	-94.69506520421007
-81.52256343849145	-76.91924280922028
90.96263892085533	-56.19951899993977
63.64775181594821	-25.370093648255853
102.68952070672393	-35.39382435989726
10.09573048237628	-145.25642311352783
-93.28866768630499	-114.38851953403314
-17.224817775095303	-96.64949001395482
-4.517653563898784	-147.7763092765238
-4.646378075349409	-109.33202271075065
-64.4651190559238	30.645071708021465
31.9946946343205	-1.920382264661493
-65.05255085090407	-131.93417588451865
79.52351479307697	-71.93036917384815
-6.673755630568402	2.254756687123818
12.193805932604205	5.54095600734071
-5.425910573007953	-135.93857743284767
-28.591693476344705	-142.9252987454852
97.62061175735751	-113.05433176611909
-78.49121166507544	-94.89455009727511
16.338842388407368	24.68414533325542
129.2447279695575	-39.324872551638066
38.42378823456603	-101.7759877938327
-49.642221261897326	-102.66641862619846
-4.275077514515155	-51.64617978109649
26.787540272117326	-102.89618994246383
-104.38661487899473	-79.62223520030891
65.09818303711617	-99.74810079956993
148.6245933569322	-20.05068797426423
-8.577082718420565	-0.27939929253934304
-83.28515187826967	-81.05019260600798
114.60345948961634	-84.90241406212267
35.50718402616614	-129.10093061454137
-55.820667391687955	-102.81540403708875
-52.89041881015926	-107.79188473304028
-42.95879607086564	-140.78635735758724
-109.27181978979814	-98.77182739096064
-8.57097753014978	-137.32230299716437
74.73904987135201	-109.35689984521905
-74.81519579434244	-91.37742580505332
-23.52974119485476	-134.40390249293384
92.99705554736046	-116.32307962864951
13.889376863107575	-107.29307328498705
21.96764961927174	-148.36754619424127
75.840676618323	-116.59361771609129
13.061441626779681	-112.81417625672871
-1.2048070600864664	-74.80938701110148
94.83250963112664	-115.80323379624957
94.51303587822092	-100.0244196321033
-31.896744824512766	-128.6594464275157
-11.593193862478058	67.0889713317442
-55.05851026712502	-122.4990262458936
-110.14620408117528	-88.60344140652299
-13.429018359597489	5.990890278120771
-85.34175718644063	-50.28172981108441
-53.31260826318406	-110.7785184805705
-12.470371266251611	13.440157466175807
-42.28406846419841	-121.45591015244193
-4.265410125656438	-8.018474286680588
82.96300946405417	-120.63320866003279
-69.17514321328208	-126.58121958916888
43.59097981961318	-116.41219095892974
103.73723774954514	-18.43156049523487
-31.421176319657604	-130.54165425360048
4.631926128918661	-121.70580018325006
81.52701760018932	-65.02767097056751
45.87922197453754	-126.18785018122128
14.343564910979477	-137.04866702967905
-56.38728971449677	-84.22245321959156
90.60074141123594	-70.69663481450768
-3.5257866455498177	-106.09479885905206
128.8311159367872	-74.71210037901614
-28.29657763483362	-133.60553371951818
-93.83556526266503	-99.07403591569411
-59.57171243028952	-113.28089139077856
-13.402470977892007	-12.869187174804726
67.39847017575299	-34.33809290220207
67.827486890429	-118.05680782431229
102.75022363501901	-73.53315610041531
-110.26858575388212	-78.21037628335525
124.2623953247393	31.070905865895
79.15729742292231	-123.4352858090046
-16.99339012185237	-118.10753315683968
60.731414910617765	-135.84587774485934
113.10274558740923	-93.36876099240347
17.89078082854459	-142.75106850182436
104.24554556083088	27.073772690246543
-18.640515620545003	28.38786733463732
87.94803683013461	-105.67534999984375
63.43382050748767	-34.020594611877655
-110.00286159349648	-92.57408553880192
-99.81840864533109	-98.94487388430753
44.0391878414233	-92.84567598333432
109.56628975438157	-36.90060723837127
-3.9146477295359543	-119.5403049756702
-10.75697992366808	-146.96640789344232
32.268918642385444	-130.79002647712048
-26.32805005394307	120.59276147948158
-33.572108548014164	-10.309856295436534
50.8844958120839	-140.99583113645878
5.023888014768584	-71.52328251093986
-61.44025648820807	-126.93607960245274
5.682786498863807	-122.82986873784893
-22.145674306578247	-111.61137862362264
-84.29448287277987	-64.38196478733056
-12.598327545792516	-107.05115295037736
42.89491287794542	-139.3190648848759
-69.68577596167586	-110.008489044879
93.61377714624157	-70.09807224577031
-19.086481120744782	11.300599279648608
-0.7618136360125025	-110.01416752396248
11.593341863110703	-57.260701247839265
127.48290764905947	-69.39288548315201
-2.3706088629055917	1.3597909810517947
-14.573159818601805	-147.51878809611736
-49.929626067559376	-131.94716397667108
91.29989898185218	-59.87922299417677
111.3467162133606	-71.24870632361488
-55.980092667339676	-106.73179927725151
-41.84682789440238	-120.56682963309393
38.90354346413034	-96.59541845529083
-84.25011608941823	-77.87727721187869
-7.699648766974914	-136.99096849624314
13.552387564532458	-136.2550299742558
-9.69189209845836	-6.773675409973419
-16.21435390838913	19.225602896475472
-12.14021408123897	-105.784204710449
22.143598138746807	-112.81895339584023
-88.07406881828355	-110.2599586467052
-29.714201511200937	9.370487799048455
5.973334782016567	-135.8257747215297
-8.39093951276111	8.363949110862412
70.38354582757444	-106.83312409804442
42.74056650915614	-119.62881968047638
-15.109238464212384	-135.69931984975696
-52.7147123571363	-137.06072675924207
-67.05543081742616	-123.32976982952772
-26.41623666645827	1.308188130294543
