-38.65766853107174	-7.21569205251686
112.29700486007225	-98.0380195604703
-68.76022652188024	-50.29774596126122
78.19428242171156	62.13310158226573
-54.35760448878508	46.35975381254403
-1.8262667601361549	-113.018508824484
-67.08803297277784	-66.7478493502962
20.739024594191235	-121.53081307137859
-65.08666775632526	-120.57081862265363
-52.14987695832112	-101.23771765300104
-25.125026182040806	52.64617820938676
52.97788423690705	-72.79420280144772
-80.69058590453818	-48.583669640117094
96.38657784933754	-113.64342843775437
-6.37502669531362	-140.68905679971922
10.558205888225498	-125.27003744503696
59.85095390135543	-49.28210599093731
-48.36664984091013	-121.49092372377397
-58.881642707232565	-2.419629267797857
-20.3738742516131	-7.2999443127498935
21.23936035373327	-134.36009327401825
-20.34136262683635	-125.86472139098615
59.07195970156294	-136.90058043052127
84.40270139765587	-96.77626923873694
-105.52004763349326	-69.89277300301278
24.59103556017479	-133.44438991086713
-119.89349297694528	-84.55891950811164
-20.84424526811045	-109.02584388830871
114.46792302516498	-95.88115667641914
62.48305116320392	-116.19574985318
-29.49309559606599	-132.01302593872575
-70.00145337336163	-3.347596109025737
120.95451170211321	-65.31645632664987
-39.66219870329732	-132.45173837176407
-34.25001805103014	-139.37994957100474
118.16548453217801	-89.12089855609092
12.149080653320857	-143.29831075068347
-47.04512303625799	-138.00652191495436
-28.00542040208145	-123.21210256662152
46.28635600532378	-77.71217560550407
-29.3483908283054	-110.47250070577772
24.605729553621533	-136.37783927263476
85.41939784774469	-114.7085772263984
92.14366904299649	-72.98522277585823
-4.814872855647147	-147.57408702756348
-41.41361658810574	-121.07163797132948
19.240098555161985	-147.51450601148235
-20.789769834385098	-135.8016424770318
12.811630581876582	-144.36722285734578
73.34947192085663	-54.112723605125844
14.3020654819194	-122.62466483604369
-6.365926204315598	-114.91942322719407
9.801439678909997	-142.6742313119168
19.131038439085483	-120.86951684427522
-1.974930735096338	-4.2723039449787406
-66.19112510000564	-126.44753080840474
-36.74454373942725	-59.65041064887013
-85.39541133899024	-104.3001284188385
-72.46954413616254	-102.89678393167151
84.64083640644044	-122.98320029418792
33.33121937487255	-83.07503607353021
10.51174424017085	-6.3017047523651435
-9.223201305946718	-3.8681009901255012
61.466608512157165	-120.33742619311069
-13.258105452523617	-126.1717889599957
48.594483914234246	-107.6172778503291
99.00386594932877	60.4389830912924
101.84631945241365	-87.88341807618293
35.74448843034833	-130.89220621732957
61.24559032269208	-132.6884265517598
48.5968585199011	-72.6041286124639
21.95289854344872	-139.95086916633673
118.00648287217457	7.6101590311443665
-58.59327752848439	-109.08151268498172
106.39712443485065	20.03547857963936
19.87947855811152	-105.71032485135645
94.36475257996955	-35.550355427676685
-37.864426883496094	-109.02457307573108
-46.6874827662577	-97.23024765382445
-77.3947879225321	-70.92020169429607
64.18063199587111	-61.051929459838526
-24.882047661404766	-129.0467505279057
43.85754580424373	-136.04660811222007
-98.45374622163084	-28.459066744974123
-38.26810765302778	-125.06506606494209
-119.64006976221826	-52.04370208066176
9.062593160718423	-123.34177093746831
26.263544337944708	-96.3400147603184
-29.64255972853281	-142.4651803300522
45.08466895200388	-140.36370043674273
14.330780171217574	-91.64481257340739
-24.466972659940364	-108.39504874859817
-8.731555653348433	-145.55204410816583
-45.250093542408074	-123.22691759300604
-75.45646133798893	-96.15814435342995
112.93579747388016	-78.22252434558573
74.56455404153684	-22.479598810778647
-79.58894326176278	43.17293324630301
-43.20255870385205	-115.01239563895287
54.61889332985156	-138.54711958937352
20.57257906073141	-123.09563634010287
71.59143805736315	-112.1603433685945
-15.0507710269248	49.52656779592308
-107.62724506606551	-80.75560406648641
-25.134152997678296	-110.78158521780334
120.84537240946399	-19.160283622012145
-97.11410941322738	-72.71355451266405
-86.39422151357897	-100.19274889858143
95.90278068177136	-106.06761967718626
-62.24302035335482	-93.43420292381339
36.90193630491781	-144.817581686011
65.73408051648224	-114.79866719108155
-43.39786104037236	-137.53497973158943
-47.24613511596499	-108.88394532252302
58.22787872485591	-105.28499892082931
-65.23636762969835	-115.56881422117624
71.2687684202046	-58.20766319395536
-15.492023447052453	-135.549015550928
-5.903473736522122	-62.54056253261122
21.64265416471026	-142.85883065516805
-8.50975694178126	-135.741168411698
89.72700153404382	45.93245225120886
70.68647157741484	-109.64285818279846
33.762400757178085	-78.3409457080986
-11.817330804779258	-98.69011221569092
-16.71550285097525	-124.07655149953527
74.06698162444374	-128.80427017861564
84.53489033385765	-78.3327819575879
-68.67440663154626	-119.94047634296608
-104.52464370286411	-54.561425178902844
39.91134368977042	-110.92350488007081
-68.57987270854083	-88.92465911156134
40.39581569521479	-81.59128945405001
40.8088360815771	-120.55075513449914
59.950820693560104	-72.28206836991347
-44.512456260290016	53.24259821397774
34.67400415058311	-95.43118240551874
-47.358617783981856	-107.05924190785944
-56.532898669070335	-102.165217035193
42.76174489056115	-133.19525483581484
-54.44093271989643	67.90406969118109
-110.39050051893129	-96.84237740897017
55.31230783148329	-108.28568460260833
-67.53426336057751	-61.00444826747937
13.805312546659936	-138.21727318519044
100.39262243969021	30.137715753141347
35.056109319919734	-91.51903060411188
6.17598947684512	-124.2951144015593
-38.506510663256755	-106.80055855755198
7.428357402222511	-101.39005478904069
64.67772082799198	-69.71911880164802
93.30211917945981	2.7407830207400403
53.100015587635085	-113.51924832980798
25.22810451201246	-124.70051772104793
8.15404746867915	-145.6322856364395
32.155905167822574	-146.0748790165975
97.18908491918111	-105.24813770101397
34.00492200522627	-107.05249942751112
-32.63360386571386	-123.67640818537144
68.87975159210336	-90.52441477922626
106.03758006244779	-81.59120733131246
122.26679815798619	5.632933333496211
-8.7324245494962	-133.47698640605378
116.34713495386289	-79.1616889576701
-27.029206103378925	-144.59296156247834
45.63071601387683	-54.07642020093019
137.3889425504134	-30.59331813833083
106.15981423629422	-97.27933275495377
51.24461340501572	-114.3374524865081
-26.366274699979982	5.976474558745711
-8.587481125785043	15.498184551871013
33.08930571816875	-78.02256579438549
-14.262371467235788	-129.39682753568695
-42.45294539865059	-128.8508582373802
114.02660499810173	-94.74529780075105
79.5754558137763	-72.66931069028968
44.93379194936318	-142.3710233914901
91.74957838210152	-100.89898274385466
21.766072522541428	-146.2521855280192
-102.12791658735354	-84.70853029785489
73.44724483829884	-123.51041140360832
30.062065750063205	-100.69055866571712
-97.33967297162165	-95.53759096100569
119.31330714954845	-27.346838306280816
130.64840106155125	-72.89885244229097
-36.738560035504044	-140.17068560995963
-11.22571028042764	-77.36495236913244
103.68695297462656	-102.42867487777012
-25.06785578208938	-134.196863903467
53.02728536021846	-130.85794904375152
-33.860231476309146	-138.77482407833872
65.14169354389546	-135.07447818877307
79.9666125469773	-115.2241913923565
57.85785963543679	-113.71819733831265
15.379873009999011	-93.95848160380122
-22.974452349791587	-120.0549408059997
-37.70822888115966	-125.7529411685705
106.2765879379585	-66.6065238932245
-17.373267993372036	-129.34789943143338
3.058964095418998	-77.3196107550511
