-59.846168012020826	-132.78383716629037
22.70832307987492	-135.03575030060293
58.42585296767715	-85.62075754939018
-6.224013423157256	-143.09672499118165
81.9670260516064	-81.89993746958598
-89.31645634323534	-116.21878851409812
120.32357357668609	-33.738777686219066
-44.353533437451276	-102.4607536528349
-3.984540160543811	-115.5511537383169
-21.744072313264297	-144.11109660878165
15.150241879263834	-118.5592541535059
90.26917961167811	-110.41154360631138
54.32532185821232	-128.63583341058538
-18.510479827139598	-139.55084619581794
4.562080892566939	-135.1614590685688
91.9476822498179	-102.22887801754223
-5.194238542014485	-113.27489912539798
78.62308258326108	-96.0234955640593
13.030661239827852	-146.43171542516967
-116.20029383568574	-54.97339165778898
-95.23979252589918	-96.11243234396737
109.98793081001622	-94.52163891806579
-36.687322261402485	-103.12940647825094
-73.94387210717966	-117.31890158834179
-48.57776939142962	-124.23992875375433
81.34290860073546	-63.35717088656845
138.9024926299306	7.491717929648676
-111.96667063575276	-90.3698154965394
-23.35563088167058	-93.7722859045015
-65.3204904036596	-130.6815186042262
-13.789366871639107	-93.84306497304074
-16.08287762692339	-13.714571968508931
-19.049667755942192	-127.80656084163566
-11.91297283859375	-128.59561032275172
-19.203533149429894	6.642187697036361
17.613725614208615	-128.8977860585452
53.900945385330914	-135.25312794745648
128.766129665652	-58.85195926038146
7.2575954236880404	-127.08842242282749
-13.217319817283805	26.278337394719863
-75.28259369524982	-13.140145456468149
87.28998024461369	-89.4651000838404
98.87548140294115	-86.45107650627837
-16.267796023398066	-96.40462875517572
96.43629105849355	-33.02999730790214
67.48297321994552	-27.12451646362126
123.33074254508568	-77.67450811331862
99.51338350412887	-49.1847580503423
-93.0029235381744	-66.68861701557164
-90.59371897580627	-101.05726891950684
8.779222764738421	-107.46040826199855
53.77050053125223	-100.73908474242955
-38.16189726068648	-117.83809802253454
-22.666282150507172	-126.26099145399742
80.13496912895324	-78.55196974830915
-18.70567884913691	2.5116153117519686
45.22561800871641	-109.08525451966194
38.69233558732597	-42.04954991194774
31.89561563173459	-144.18675481392086
-28.303114067135617	-141.11305241909454
98.28213116852622	-36.47287387324902
35.03270751608405	-130.3422383036231
-71.77119107465717	-104.90531109315643
-105.95499490721194	-46.39584751774479
17.330602386582797	-135.48688672462774
-79.65855695829647	-97.88951628907299
-9.061985342679096	-147.30894962368717
87.18029905416734	-120.3342154764528
21.681745380560052	-147.48092432446262
-111.4835900530853	-18.36500557870547
-35.055099371530794	-56.690438385587285
-18.640643017209527	-124.91785638253701
98.04155360759812	-81.17028321274515
-38.46903411359616	-103.00015545168552
-66.25576759656225	5.0322065978551125
90.144551633939	-86.16002143377061
-82.0795063489869	-107.83230264026447
71.8840129636908	-19.363213175522784
-25.968709340275804	12.554002709002638
-58.24698001944538	-120.1108909034036
-55.38101539022599	-135.99027862640463
-67.56175723573513	-95.42220290161745
130.9206882159216	-22.714192387235737
-125.06900022148946	-18.689938341688503
-58.16759386944888	-110.9260830018775
-86.64670188627923	-111.05034973104199
-25.911619992751184	-114.06219148900442
-45.4231134921332	-102.93438821610519
-35.16221956436345	33.742294933138695
103.91335803853153	12.615019513187061
22.06282476149925	-109.74186317063813
45.0729664757775	-88.27422996630605
-51.89922652633644	-125.70496470130168
115.10440660721174	-80.77665156845764
-29.331570259582154	84.67499163476734
73.67412832461763	-102.58804082682877
45.72879358886059	-142.0315984251005
41.84202551668617	-24.108234477182666
-56.24531960151354	-118.9939032314905
-48.0409720468189	-75.06094643522376
-31.809142568048223	-140.6404366000125
-53.8368161009679	-116.42015157428844
101.42352219723057	-45.67753820721943
75.41012435223331	-48.92134326371968
70.9458375828703	-58.50132570107034
60.27183466782844	-96.32798714530287
64.86950935957556	-123.98590993721177
-15.240524867687963	-12.050554700439605
9.626035707619906	-75.19140520758998
-6.744548811558714	-131.32143858762103
-6.233051769617546	-1.5508965732332156
-56.511431251242094	-106.3148804797191
26.74524075191673	-96.99427447463044
-75.42918606670585	-108.11431284185312
140.8161498288441	5.6919168495359385
28.761088367475	-117.21678504007761
-34.21739648470671	-128.83043495446498
124.5885881118397	-75.01934020509664
106.22160191127534	-105.84421486051143
87.98729630122767	-22.029731694226218
23.39790908612054	12.586495099791142
-33.05241389899781	-133.1348867256118
-41.50802829329791	-133.601052380451
82.67099377555229	-97.89160471163866
-0.2580612132448942	-130.59971455995193
-90.61152572318765	-101.38444595440528
102.88017605891031	-109.15795349327199
-65.91473002493434	-122.97072272886624
124.38300551239276	-18.917394724021822
95.88013119840623	17.04143110730757
95.18776105631946	-113.45776437950353
-1.873035315504444	-124.94056887210317
-39.112653163610574	-103.87107992522007
-75.22975153857924	-90.88014280971746
-62.17170501786926	-96.44813150805109
21.822585424668922	21.752968087203268
87.4864294846947	-115.13128334338792
-2.0952167548713265	-126.78988514474237
39.10553497943236	-84.00504011810666
34.05453398581529	-140.7488330472481
7.320168800190961	-132.56874924793405
21.473194322421424	-125.65156226843159
8.06485261042207	-128.65922476067442
94.44811415088841	-44.22739316171422
40.590514041870094	-76.34450236047225
-43.828046392878946	-102.31900983308641
8.401615359561491	-111.54857249125969
-97.05801362224452	-91.58981486304923
53.37976948668186	-63.868254896022684
-65.30563419231451	-134.8656777243352
-41.9078626750592	-126.21291449534435
16.945896641811267	-134.76037978565813
-30.348730043235012	-109.27386890331536
-9.744134130758912	32.7486600495361
36.13209717668785	-59.31069518605689
-76.74145141794673	-75.9721323664113
-28.390916413678525	-141.1114950945879
-30.597036056265704	-103.8444568759542
-80.60850995856919	-115.0792675691613
-71.40086986307242	-119.61244249099131
84.49387917009535	-111.24330961314998
-71.6531911040256	-91.93736750300135
-16.042999794587463	-112.04729256882128
57.63323912068013	-126.86577512213287
-95.08438437497357	-84.92098022925012
48.506463372250636	-137.47553179535223
-52.8298954056929	-103.01415310866729
-6.883622308426563	-119.19055631279123
41.50982537948114	-137.36658459840507
142.16385945913046	-46.33225292193627
-29.75667674197352	-123.15675119890986
-46.46914783865738	-106.59869099737575
1.3855398931939757	-96.09760465081149
12.376363799323318	-81.18806067604493
67.6383348220985	-121.40938780781407
-57.167881880253134	-82.98152492866416
102.79697832506146	-67.19652999347151
129.1124740515282	-47.422101215220344
-57.907646929017105	-112.25123127186984
-27.954816275440837	-104.8109296743882
100.95636715113514	0.5244749597939147
-12.203233197098534	-126.21861928342237
31.500771301747594	-37.795071911771
-80.32756448135261	-80.58682584503097
36.97121921269129	-84.61805422826365
-8.00108065232535	-104.79969378181714
11.381933864207035	-99.07632266589893
25.397900928178235	-102.6564547455328
-51.31918890689809	-128.4259254886481
0.7107486729096546	-148.9792345009483
-39.98530543282735	7.862665839894717
-35.33272526673832	-88.20961750386194
106.06664510588176	-90.1372023969928
43.89503295864017	-123.13854203224432
-84.01560552689995	-96.77594839840204
50.72078465306635	-94.09394536537306
125.7630493965265	-76.08637029088564
85.8845814637533	12.545596839694793
122.84918132143804	-66.0213682320297
80.63754810819802	8.62315788678346
