-40.78656716904574	36.89260404486048
63.38618407751185	15.997129087901536
65.56449228026166	-131.86517422766224
-65.68496981630008	-45.85367343836706
-51.66194145587512	-105.87271566816938
-59.593009084970504	-126.22998757151885
-66.2948425031774	-83.16813672717568
-45.119887002284	-90.37187089234911
-16.025598777959605	46.569954183420656
53.57403016162631	-113.32413755958957
-72.48329372092547	-119.58709639041703
41.76439054981754	-52.901152689000654
5.805583863921978	-146.36426923401012
104.04137118613592	-78.89063005148242
10.011506386604818	13.226144614045865
-25.12587822961076	-62.75599901314771
89.92063947870234	-36.8865659607761
85.17353431018284	-105.30312433573202
40.37650263610072	-49.25314827988316
-76.80326452464024	-99.5939301300696
-20.582485676323902	-141.74738331627273
-43.4260845417413	-97.22749717318761
17.480060042262167	-103.83959699972173
55.15452548627807	-127.88298326349997
-8.8821645420799	23.617153982940174
-6.390697058988072	-123.2865353282305
-47.92112413371138	-83.44721145157185
20.15004754377681	-92.78747149379183
-14.250918584732567	-60.69772478788658
-72.12941675911694	9.938386297153086
-14.302322922638137	-96.97713123366262
-127.28850408810956	-22.553514724993796
-29.464793689458006	-130.95029029448938
-27.559347444949726	-71.67605516505408
-38.81363943745348	-127.45887727125506
-75.11940146824455	-102.66420486880021
42.58942500364494	-131.09192058254513
64.30407751878703	-133.01313513543323
-0.07786059828760754	-0.15025088994600805
-41.28028996073179	-136.88291906738223
14.434795942888453	-134.58074253349739
-4.206860639556793	-85.38619615734663
51.16338519468172	-135.05250511726686
74.35377506698353	-58.42487437949427
-50.79804605815751	-60.550408136583805
61.46566722797843	-131.810089975867
-21.71898132639443	-111.3602182096853
-64.986296024252	-71.73962333171147
-6.640891557293178	-112.82897431915067
0.4989399539105621	-106.67205273183247
61.31180798689624	-43.09850280546668
-31.346086995103438	-144.9052322623604
42.5090508218189	-13.480141012790456
9.593142958205911	-81.43342141584212
-50.71771290054004	-91.5929127220219
62.90928190961742	-23.93643304892816
-52.4991337052794	-132.94541574533818
-62.765392536025274	-112.11817055875686
27.639078875063632	-144.1782995033538
-3.254635746045374	-120.91988826336554
-62.309282059031915	-89.4891793530574
16.93349816521616	-104.0786165835477
16.301637484328783	-127.4786781167241
105.28310496897514	-102.42279045876197
-116.12615261877339	-73.40021676735172
-105.58014778982293	-94.30507475653275
64.6488946546007	-47.56747447712674
-138.17491715045708	-5.844579509466086
-60.084792564022734	-80.41999884433959
54.065036155074736	-130.93104383504604
79.69590546750288	-15.961778930293399
-8.171974711559052	-116.23107676754437
-25.64980970487805	-90.49293975112741
10.981616092764943	-81.22438626920331
120.23499601727877	-49.56064253624212
-24.580311081728183	-139.4010074917327
100.17707884676733	-83.62665512539813
79.16191333059949	-79.776724733225
-41.392935468626725	18.285983547021768
63.07964389879024	-116.41479266644913
14.736214223058646	-79.57280968957066
114.42182144651845	-91.73333394411465
-25.988594380531293	16.778540303100407
-78.61270571700443	-127.15218701204203
-54.85076062431884	-114.36812171558496
35.3498412844856	-46.52693524278892
-57.58468424295439	-73.78825637057682
-57.56489446274431	-72.90090767494382
-46.56624985706473	-36.291762335623304
91.45340346128823	-88.06613581500112
104.93131777028886	-48.70475538711086
65.23761580114511	-132.85442343912246
117.42962756548465	-90.13903950787973
-2.506250711736485	44.37821969236625
-65.02909260417846	-131.5235432068744
55.166993718184806	-117.8315747571014
11.64554476652527	-143.77008434984617
-36.44866305551205	36.358216310486796
68.29946069505733	-123.12755890830927
-13.343096699979816	-116.32592040029687
62.87434521846508	-15.577729925792996
75.95107563184487	-118.2241144369812
-72.23301087776444	-82.60442454120532
93.33110604362165	-105.3975538447648
-95.87135085445753	-91.97348817413946
74.1919170011969	-61.92004370224974
81.110912758247	-71.07143610820557
58.64213520039392	-20.746764749810534
-36.36019065310804	-132.4897010745347
43.04752769995801	-39.140785593136336
103.04451900216611	-102.51484728902057
65.94078310139196	54.05582792779388
69.695343492821	-124.47795329471971
54.27164568670413	-129.1408791812416
-20.741501032049364	46.79877947691003
50.782364838648164	-130.95068087187218
17.386155377682208	-135.92655884455655
113.63243346409598	-64.54430343978274
50.28953991441647	-106.73677497219032
-73.3483042871702	-104.57878456140939
99.08508343996513	-27.234628644642086
34.23677356390348	-140.16760090591745
114.40205142003676	-93.9393220272999
-70.7171932945099	-101.6016491666285
103.29355188073318	-101.94617060754109
-53.47191742125989	10.856462918984342
-63.18563903202879	-110.72334426666744
71.57687080296816	-116.79957770809187
29.621447125590525	-147.04241717112566
-22.63503761451632	-135.57726244229184
-40.77895733385019	-110.07061977647245
13.747453304353652	-149.34274615473265
-98.11116316149726	-65.40670858289347
-10.395643142999944	31.68409401509947
40.35157099957345	-132.1043091707498
-45.47252147754643	-127.92893055136376
130.52705535809608	-70.86208039651896
122.55168699091655	-38.87941560222745
49.64366248281418	-110.08040786624628
67.25887410028321	-119.48862171345894
0.6679548730956475	-96.45295275797572
103.41680179146427	-97.30302197763847
-20.45839520223391	-107.2820138029616
91.76007396875679	-25.848250112256327
17.201371663863483	-85.25642059124768
-5.264654726005468	-106.03790749540083
-92.25934804205016	-82.7865901698961
-77.34567212216197	-120.27662522202675
-100.61091745434416	-85.38095853157992
-98.09746708336732	-73.69563013724508
-9.687234773564592	-8.621573708025586
-3.1641503959965713	14.062767811421386
42.02007605206695	-70.46377170672677
17.373036137459977	-144.2160840045124
20.67030586930561	-137.4748024598189
-75.28491243055589	-106.05560171579425
-44.60153590524178	-118.93070018896442
111.38803100110215	-93.98258332219504
-33.01511013319727	-121.98939930779129
-24.135261948335945	-77.2684847429632
98.2371464694682	-112.68954482259159
91.62603330668608	-83.8111258582901
63.79930214696161	8.368163761571022
47.44800440800637	-132.84211235559295
111.19718269288467	-93.0319057933403
-9.17344016670619	-100.10287480267947
-6.100171511290376	-144.9818701736017
72.29245957286207	-74.72702465642008
-49.87211177587002	-105.6291612604916
-91.77829839578516	-103.1656994523156
-14.246273867166426	-145.2344789662667
59.640657009644805	-115.5985179950519
-16.69878199386883	-24.917889956045027
9.765469850759558	-78.54570238434165
30.363854238865635	-46.263144288471864
37.80723169056677	-143.1351546902139
61.224322993364304	-128.7486942978882
17.62481345220658	-100.40426297536649
99.73811102288235	-93.29396729224216
96.92041488083144	9.583136145367144
103.64896170451001	-107.23509398156986
-65.90356033816136	-95.02681370791811
-70.30844885663743	-129.73329513222592
-12.961208565958673	-141.16530709065125
86.16119387106527	-72.45586685852466
-61.577918244922856	-60.379774569260945
69.46376424281046	-33.94953462606062
-4.64308158897304	-105.44488742535621
6.867550485384829	-140.04244780045994
83.60668674640084	-40.21798345155476
73.4989694025738	-87.32281282392778
79.91278993232731	-60.992159966595466
50.6997286328768	-114.4653553574104
-10.205456557493804	6.594560092280024
-55.05452739301186	-95.91709880803495
27.53781050674358	-138.01028135067168
-1.8368021435658863	5.855553231828853
124.280489340017	-62.99205872500507
-47.46280965888575	-120.94478535868126
-56.33563403191073	-110.23343286839311
