-64.990290624686	-79.34846678645715
104.26060530556515	-77.83115752081375
-101.84088791086984	-89.21619467035583
-7.393456775113488	-128.68138187979716
-72.46335774571205	-111.74005510575388
89.33965322746695	-117.52434814600296
-95.32742759908797	-101.11452744183492
12.6826482764616	-114.77417101766162
42.76605879704262	-91.15952432769426
35.56165467015981	-145.48534896589024
-57.926685836758296	-65.85772769360582
2.551330450700275	-140.06646395187508
13.113228494749807	-129.0033696522571
79.2544906992351	-107.88934194188734
-97.2231202617497	-82.54014867414452
111.78744924202776	-76.38699568028284
45.137380328271036	-142.28956485461543
40.97624764509281	-41.49180882045534
80.38598931850196	-62.487469798592656
-41.01672321833367	-135.15611990948017
71.4850892882539	-124.74277373507556
4.06206136115375	-113.86550523080473
-84.4252542110445	36.967378036373745
4.384108382460413	-102.65131315682304
41.68822884130356	-95.81164269917048
2.9903629867986545	-116.87767663152864
35.09154027250376	-118.0987839035759
-0.9071803140908223	-112.24908165515984
87.19776700036529	-121.9895767769893
-51.04570216936845	-115.91368840473507
-58.068827501932375	-114.10679993009288
104.84254734080247	-74.86253748864796
31.438999444587136	-109.39427060899534
31.25126632063416	-96.99884880729537
49.99502434986415	-33.099129187764845
41.999648165891905	-98.83333878596194
74.29857364025679	-115.69642883466445
0.250554614000447	-111.33054740730441
-58.06628618685954	-117.56098906374432
-19.587362995396226	-121.10268643002037
-7.855444989208251	-91.37232670024015
24.291341116321814	-142.242627194768
118.26547479184414	57.03150544617157
-74.83168563490509	-37.39519465160432
9.94733639664491	19.364582599537073
-52.19732099614292	-93.09459782563601
-11.529891999008631	-114.86194215505255
56.34704304081115	-133.4354290789212
-4.765658699916201	-88.07022605205208
-0.06359733525016575	-109.27129837874485
30.855009708251984	-142.6227019432232
-53.98615503266967	33.66825469333627
-107.83521169722714	-89.29413420823029
42.99568327472883	-69.22536430993215
-39.10613508130975	-98.80022045445436
40.66247627736138	-144.19771620128662
-0.41486294310743266	-65.07893511332016
-15.4875587072672	-108.65168325539742
32.79413743880172	-90.52566291251746
-13.157084985480417	36.83433188193197
-115.1169202504816	-74.44849170965658
39.05336438292836	-7.525268234773633
-91.52790081737942	-44.76976024599962
7.006116989588758	-131.2182432641082
3.528183584586897	-118.42714172999227
66.67280376970267	-82.38863257951525
64.21773250148331	-112.19415894685757
135.9270359918398	2.204312977474423
-58.76301587862074	-103.0896054773397
81.5987698827278	-18.084191829774667
65.45632411619465	-86.54305211486128
-29.401256740300784	14.693801669537883
82.62393968324044	-98.65601182510892
70.66818939366848	-21.56677897157944
-38.70410209704203	-6.430509580859414
29.267719254562223	-135.2526095360845
15.5194568018352	-132.246839004933
-30.884289236011735	-106.47680469227656
64.65170623189086	-86.3857422460866
-35.06007908617474	10.736915043551484
-88.98575131028349	-104.72942597497509
51.61523226029607	-136.65739741021846
-54.07709469256081	-119.93284425404586
-70.52645436113852	-123.81371981648296
88.17079488276242	-88.61031886146411
-16.172805334730988	-86.61887179459345
-16.38944473742775	-94.22518041869877
-84.20736546095415	-108.47129756158857
-1.9600264651775299	0.06976883444741999
47.00851614428015	-127.84078289383683
41.05897169446261	-139.54743145344463
88.66958024433991	12.325931161691242
-31.84567270181672	-90.85613690274877
-44.26098686871064	11.066723615435409
-15.911296639398147	-144.85959123943107
-31.977961267777253	-130.45078151983608
-39.57217355550373	-130.57130015353908
-47.59727491307791	-98.19115351679258
40.27818510489016	-97.08725072659345
139.26729450846233	-36.47800409941046
-29.663530435901766	-125.46649160519273
-39.81135064009222	-95.52448934651777
139.08678808711363	35.17056684837157
-39.62017010180111	-30.428370640080168
-11.77044705152487	-94.02819813318303
-22.163619108177905	-130.67223628336885
-14.908934145753024	-0.48373485748281536
91.20090572026226	-61.38249489192423
-5.616691156924643	7.705965327078508
77.26170729940746	-50.58106162431892
100.5597223495696	-111.01504739519541
-22.05144665856322	-135.79826343317328
-48.28185698481722	-125.66112786288227
83.09684166139691	-92.95319198876429
27.99317263500534	-57.72931414816831
29.394006897108273	-111.63111291979602
14.021168778301309	-125.19490991934468
67.22792125717702	-127.74554461876947
26.3464428392627	-81.70577074759775
27.126645969693016	-61.24117894992199
-4.950803905390406	-110.65972640445499
-23.90107887013084	-9.278594485870292
-9.794148920496982	-121.34598496508477
9.280751114870634	-117.43933861030844
-13.316907747961947	-128.33898200549388
-90.98022912872123	-62.712982509810075
12.282635865116626	-137.91436198090616
-64.60589770586236	-96.55345054370461
3.9350454992337	-92.11552644625512
14.15384661979668	-135.20427402843765
-108.7522401961098	-74.5019587395715
-27.493113502652736	-143.9479099177583
-39.5057026260636	-122.2091788620805
88.07214524638053	-96.68820802311154
31.899062235113472	-133.73750269043632
-51.705333661075386	-11.852551847417882
139.68086773415453	-19.498177757784102
23.646799619171187	-143.98839107296416
20.31661703214311	-71.57421226075533
82.6530237902284	-43.77085160725327
30.119169008236877	-68.8248334680438
-5.713377583994715	-107.97018983307717
47.7691966940228	-96.15969745047101
71.57198894579561	-105.59893043632394
-80.33317094382399	-82.03476869516554
-89.30115484984967	-83.57117057667718
-11.328817150579427	-140.82978551490638
-12.952314271614311	-117.46125866279822
71.5108991532288	-95.55470068058423
25.344863904479503	-129.3142824501033
-48.83353061586314	-121.80756235071937
-3.9166566568001593	-136.90738765631428
44.41860973243758	-120.38544580506036
110.45507420335915	-65.15711418161007
89.58796491445074	-109.07970967796206
-24.99584923247072	-126.37996281843769
-19.610682297229843	-143.64337833240918
-11.503825557728275	-149.45812881227644
104.54097487879076	-96.51136592812178
-13.534289757638659	-83.90167498850833
88.22560571075054	-49.25624665512358
75.98110358419599	-112.71107042146326
46.93273995894876	-122.8809669587858
44.232998422948604	-42.646629096946576
108.33983458351005	-59.67509597246635
37.75299071578692	-143.90406757227254
-75.75725044061248	-127.08853252560564
63.97503673321125	-120.94039465131834
113.16316698133696	-54.797131711785745
-81.11516712077473	-78.25432000307615
38.96532525279161	-125.2764552877686
43.18902651676278	-138.645687329941
46.7152087271839	-138.91126042034946
-43.31439449852557	-8.830362613884002
56.49415116432535	-117.05855624434106
60.7963001284061	-97.15201233579894
-21.6492496815279	-97.57686776795126
91.31548653565108	-25.20836737171915
32.98764121265406	-133.53338901745926
-84.12121520324584	-115.35263285210567
-54.39004795007742	-77.94381408336376
59.77094742388933	-130.7942704119661
-4.959829184765882	-76.23435687737768
83.17914605162325	-32.671903131710586
79.79145756241107	-20.620384678801788
50.19174012271866	-106.20690268577276
31.69599451339854	-125.513596610662
101.21523443693958	-62.49142587403722
-1.3639486063490045	-149.80568900408304
-19.306859664626753	15.833640345859564
-4.7134761516679164	-117.21962866188315
-36.42523584366645	27.791977657501015
-3.988715402784582	22.464294283076242
-14.09638129184398	-84.58788019393856
-30.653313178224533	41.78228873797124
32.89736765898541	-117.15868158614906
-6.508569301507023	-134.79319284600732
-75.51341458678827	-114.23064975701278
-77.28222399024558	-103.57469049923237
-78.10764614125469	-119.93567334163089
