-0.28341598600281653	-134.64233520820292
-102.69437018930525	-63.7339713288277
-43.8770902404394	19.407961577196872
-38.301541066010365	-136.2354031095669
-63.02130663925624	-35.998993062953865
93.4100985139528	-29.979544433447813
68.97816984392679	-131.43994885801604
-40.71583670873909	-113.91176675523565
83.22408265748994	-86.75944463134054
-8.275634691912911	-145.18373908975565
-3.2268517652668205	-1.8967318748972033
-32.0027202366952	-120.8461916471798
89.3021743031153	-85.38450866748761
-12.179709779305497	-142.88490517186938
1.6655141394124042	-124.39002428782541
64.01053138111327	-133.87985856368903
16.157103964410922	-103.52344492915964
30.835778128678374	-114.51374517707913
76.58642382796377	-84.11626580341668
44.42027275179972	-133.93462724951965
-107.13279067309269	-98.92345164312276
-17.571338395310608	-77.18649155496776
80.47381360891376	-113.68906010612237
3.6172292385372713	-93.22535762028035
23.452927481527936	-128.99166013253037
-36.91258258924431	-109.68436354499367
-94.26587715127418	-105.00104202041966
30.221409586329504	-145.71027863252178
94.17718747032593	-78.95891387363599
-2.8783338456105736	-133.38538454389868
13.901158269372864	-143.2833033357745
28.92992792539833	-124.46119880071973
-46.6016469250826	-130.75487830066695
67.07484986361725	-47.73585377237165
-15.370369445706574	-102.07426295777867
-22.31328522690263	-139.13752676639092
14.210693505255938	-134.7056852039183
131.94872653718036	10.003762029314373
93.15407466922858	-112.37181294041844
-18.317833845139955	-132.37334495882067
-97.62638535745548	-98.09100431732855
-3.233920652289013	-108.43047728903875
-1.6156425056942503	-88.13425537293566
126.14177212737157	-58.88807812300592
-9.308662767569396	-79.107025809584
-131.12332624388594	-19.426553830687993
128.82690633898096	9.265558009222428
18.292989244681085	-86.12984116810941
-61.45114837060104	23.41352326241539
-12.04386770317269	-135.67777980294196
-2.342619611577938	-106.15502196809211
-1.0393383287637272	1.0044308193893885
-12.329743782490398	26.626887451412806
3.5251415108093904	-103.4835020165559
113.50754029747647	-96.6301548312568
-38.801567245487036	-73.83041215421999
13.346592885672626	-60.5903098550927
53.05004267295863	-127.62927404822214
114.34647457447358	-85.1950551079671
-97.14391489822043	-53.44396178700741
79.31801875443804	-113.87631449929493
-66.88206391265194	-126.5218059575237
-77.31395229425034	-20.31373795249729
40.966991154211335	-124.95946414435544
-39.542774993748246	-137.8726157482299
-20.002786092255437	-134.75557050173384
-55.81276202935425	-117.13741502252475
130.00532243170142	-52.591313483177174
63.34991248843242	-135.0908087673971
25.941010739998045	-119.26475685407455
47.40861367490984	-26.123410397583136
-19.943601412277875	-119.90187293482605
-117.64327011614292	-84.94484669892789
-36.32453977901563	-111.94233235443068
-42.898486711350515	6.45488239986857
-15.305319409230723	23.349857191407462
-12.231568909273896	-88.02747593409886
-46.624712353403886	-131.42295117223117
-51.32071794803556	0.9999756807844983
-46.536052570986506	-118.50959593304017
-57.07951021979411	8.523781795738723
-1.7943020587380947	-147.36108987326122
95.7346097940057	-113.46739287678298
-70.08694411160596	-97.74081464768179
-17.034135491122925	-102.99356555150833
127.06876723953806	-68.30237466531891
81.51037640410367	33.3734536769942
60.95805592054114	-100.96933171418797
-1.7776566708452002	1.4112286330318986
116.02815291427888	-84.78345696568978
-123.62282828235294	-30.403554080170196
133.40831367476466	19.152977662845462
12.021701007947973	-137.8434950733867
-27.22142472867895	-99.11167027564888
31.156850460372976	-140.56667422299347
-114.25902981045527	-75.87893829487498
-65.17713435089641	-87.3660630831676
39.87562462798623	28.622139106116165
-19.816042810581877	-141.52988046863553
40.17128101314403	-124.82319610040702
-33.005902965603845	-91.74327114670966
-2.908103774056531	2.160643940949668
16.82262424758123	-139.56610108733625
0.374869616168521	-124.70034371886145
-101.3754717978655	-76.52405537194674
-43.46396596665118	-118.68794098825477
96.40075091451413	-95.58128222713763
-97.05467666561496	-76.47674482619418
-47.07239598162528	-87.37129397995595
-33.1731280511396	-144.05691578094422
-106.57281009164953	-84.71606491935052
-54.34985170897578	-138.81215436696112
-46.547523205921436	-114.87079827166657
-21.74520428670849	5.915474847361446
19.511609226045508	-110.04710057395467
-27.139978252806742	-138.07958364741899
109.09693473869	-13.531542383717074
16.975630810272904	-137.65042891309992
-16.8976786256259	6.147092417035728
-73.20426120347958	-78.01155816209365
-5.515852273354824	-130.70782829557072
48.28004494806072	-49.19860594049692
123.70911427520431	-64.7913034695816
-54.213934165718584	-135.3381309113494
-24.804714929508744	25.883010416100944
-36.736979464340024	-124.44130920952168
48.64380491767039	-122.3354444248684
96.58820948250387	-93.39552799593437
73.1281040199641	-61.13185183560147
75.84314689676967	-50.014553810613954
58.49888178391743	-111.2093374765316
53.62724401604414	-89.88778950708945
-4.767956237699474	-2.0216846634377736
114.36696333201796	-11.826354769131754
-14.199209168331482	-15.976232442035714
0.5779584378951431	-148.0631029189079
47.00395146342823	-131.91295163006842
78.53509439945763	-25.318047464539937
-7.464885075548349	1.899169034627079
-73.93655834590768	-94.69587956063732
-80.1023007728711	-107.90314831544877
99.01967528504166	-110.01365694397124
7.192283339725284	-39.0452378878896
27.147443722461976	-63.09425302805275
82.11049930638883	-78.4176852037978
68.86091347635906	-113.53692030341455
126.0673476635108	-27.062693819965226
67.92489202386025	-32.96289080264114
-49.83074145203929	-132.95340686389608
-61.158593315949744	-110.49067605873948
57.15385079307309	-112.40126041198452
-50.11805585265439	-59.08798675866773
-37.61222198419896	-128.7890770794526
64.12212294341293	-18.230700964385818
93.42304803606449	-104.37327837305239
65.04188487786841	-132.45093561708586
38.888093364215266	-131.43259813581435
-53.6513787316604	-93.70562685432628
85.50255753563486	-81.63001194358553
111.68522463467738	-91.5467837751137
-82.78588741807803	-96.44640954610102
19.53478906989321	73.19355677635829
-48.11084883682573	4.952215659488392
89.03475231591277	-31.537449531845528
-9.804465576762167	-148.90564145475648
7.0718181739470465	-131.83573402484987
70.18352037868806	-54.171988963710525
46.03836454718543	-123.1091569618498
-93.20693960460595	-83.31155662310846
-4.176175619571435	7.7250818795825404
51.4388448891797	-130.38832318902
-23.97530131136132	-107.69377542120371
55.290127741959125	-128.85045949181253
-48.91183722791379	-123.41147684932434
-11.223912961805175	-7.211243982550368
-14.857068855254202	-126.3329081184873
33.444577409989286	2.579265954312423
-79.66959317186854	-91.9299101106521
122.14490152028425	-72.80591468708947
-23.88320710941733	-127.40467074903685
-34.839379724214204	-92.8777567374909
105.3671477914308	-106.15019837942489
-72.30138744836155	-129.1490299282791
40.01419317556719	-142.04870678652009
-28.31739399485831	6.4499625074715565
80.58727480217621	-39.15613709228643
-6.799344813813182	-124.78564882721878
90.99336177588269	8.451512368145009
106.70420541548779	33.18931808141066
58.536729912888894	-120.24507730513405
-32.11668686269346	-126.53848693903325
-61.20717769597409	-132.35902769822218
28.505429182573636	-109.54153456495614
-23.117586848956485	-146.46074252396343
-40.67256927063525	-116.34677069175811
18.203644162476223	-129.48112061458878
-11.882970599272873	-91.17463112114417
-103.2920919351811	-82.21450220748814
-72.1128318345128	-127.27500697971708
66.38365777202051	-89.5263846232682
