-63.89273276321596	-105.69718757983699
87.89786583164613	-121.42644390360815
5.918569589642955	-111.18592627319971
-32.854577926127895	-85.299636839828
-14.692419103166698	-120.50295935476487
-4.335334666676249	43.573580314853714
-64.33133038540463	-98.25773525999674
-17.22675463147836	-7.126072283893411
-25.462990776313102	-96.46816429201317
5.615686805198477	3.7672395317558207
-5.547609394596904	-88.58896692859201
-54.27635666382514	-131.28890440841988
-43.82144224833205	-142.1024812959446
69.09596449119509	-91.81005130591213
-20.79896703207159	-50.53172443726501
-76.83933594922091	-98.10604160568852
71.76083789155561	-131.30238871336505
26.939102426464682	-142.9087606333898
-33.223041125635596	-89.47106054736837
-7.729779857124027	-5.822561860453753
-1.0650093762438273	-14.921456785043338
-46.84623323772208	-12.763595381425011
-53.293672377667946	26.262064771836297
64.8322013548289	-71.73035094838903
19.783173728988267	-108.66800506042121
-60.294105198892446	-92.82382883579494
-94.65755140233169	-73.40242942792152
-72.28965968462896	-56.44036202421906
88.66144302505353	-104.89040616932006
91.67296007452725	-87.73264081846865
-35.902195024704234	32.960923189562706
-8.850736354438764	-114.48225700386902
-43.42253059591674	-110.27979340334097
-15.989799692522237	-117.98324516044248
-4.2331211363663455	3.1895653562925332
-32.32461303120562	-25.64518316512964
-60.768391809327966	48.04701701977247
66.37337525551746	-104.898681490966
-64.68869959702621	-129.6554232245899
-42.22903715139594	-143.16734527152528
24.017649658753307	-117.2409494445767
77.68944131646948	-126.05048445492852
148.4001814838877	-21.271231342663107
-60.21303446008653	36.76115162353002
-113.88790671849657	-57.436178187085396
114.92138654919474	60.89007953862297
-95.07063049094938	-114.16983853567024
-39.096607297402976	-126.67512899489155
32.76859878224522	-114.66707884910625
82.56446800480948	-109.77455844135201
71.55992509170423	-122.88253345435928
97.04518020464398	-48.96901181816222
67.78147671696163	-107.36274312881453
-65.1987990976499	-135.03319551020334
2.3457069031954005	1.553595483040183
-64.03247813186617	-89.12875440984176
42.00825342707415	-105.75541725574432
56.659280428562745	-137.6307067413447
28.63789278156999	-138.94317900506482
-47.9094951947943	-128.33673316968256
127.85072616375842	-13.092872058881124
-55.87419527665252	-103.01790771713156
100.75532336710938	-90.41169842755413
-22.41826368109102	-5.600577020147486
31.124845576212323	-133.4585118619928
-71.14888589403563	-115.73063883373774
114.38955207201303	-5.082411253453628
75.25230721583236	-19.924941222285653
-0.09411266120999637	50.22722687227849
52.32360590310268	-99.3659288309165
-57.9099906390738	16.75041656675905
45.828412620354136	-123.63905498558894
73.49303232399274	-92.76930654207169
-114.15163739513508	-72.83640281456427
-72.07117184097035	32.83963945706706
-4.506656360159311	-129.97974640518657
-28.051276926044576	-108.26265849433427
-32.26989559429198	-100.6122086427172
-76.91295037687007	-74.41964238894957
-42.865073330276196	-127.12380421288385
-67.26565371503183	-108.16045417108968
60.01303044283234	-86.92608016370517
-4.372112503756333	5.153925348873239
3.93886425586506	56.73656503306279
-20.48317524100397	-104.95825361882379
30.508312840179325	-109.47882807325678
-52.96294959883308	-96.46234528551625
13.331233727724	-96.6387559556124
-52.905418874821066	-106.13727057982138
-114.48447791954679	-66.75278691865446
41.192722337356926	-139.5809558363082
-86.43387815282766	-90.96566292229915
-24.860201544119658	-118.72210122115304
74.7738930033382	-112.57889804453825
118.16547527972222	31.66354709626942
79.40261389460511	-89.92684279488934
105.39430507526045	-97.4684187012666
77.04594079092688	-20.19659211745672
51.048110400615016	-26.004077395478102
51.69741454558108	-138.01836804304003
60.44078068586392	-125.07608032298909
-107.47801432003395	-46.048750672636544
-5.823752955014065	-148.31836659439526
-55.106848511406206	-102.62877438971124
99.5020974112387	-77.37608918012889
32.26174836822352	-92.54550424695653
63.688862867926325	-91.52806253060731
-61.418234363318845	-98.00572498168455
5.469073147764427	-95.20727952773741
27.616725328934987	-125.11382731493775
-24.234627078119406	-107.3566811589342
-90.6039017051663	-99.4237169198896
-89.01224272561056	-74.87603694174001
-88.66646931354343	-76.33599952867827
86.77212594806572	-67.19599761058055
-9.322520329063387	-130.2815004085511
81.60828771334471	-78.83961485482867
33.722238277661134	-98.89757060488431
-5.980492031893907	-136.28039603157424
-57.87449172919822	-69.99866956104137
14.24698439994918	-134.38445517305288
-26.84406256016641	-61.57220334032992
63.67684822226118	-110.1416350259565
40.754878786273416	-134.9169909085614
141.9217175918069	-46.49211010901641
6.9520303051234595	-103.47277163805504
-30.01700188483518	0.227200924410203
31.371649309035266	-142.57352691823374
-22.595281247633228	-142.785999576155
106.628174176933	3.1894023273793066
17.418909914984003	-102.93033612867148
131.74660503673087	-10.400514787117444
5.434943626412423	-135.1965032209832
37.11834352895498	-112.38299073016935
-31.818578657833903	57.65570653352827
20.745415410540907	-136.218365837175
54.27142369776759	-120.37353679112786
-56.92123995167873	-104.81627100713527
2.811390335216476	-146.86014451825034
38.59366142159049	-90.38781486323384
-45.20285111285759	-127.32621602654389
-13.78100072768778	-129.12957925843222
89.55093886819388	-110.18387726059879
-19.158221546986507	-144.6328295804543
8.951819496782823	-145.16729773811628
49.44124889336061	-135.75976586065056
58.44224511441856	-131.83923298052932
58.689489475123295	-106.19322500813449
32.507306570489945	-48.43005291323122
-21.948547024363883	-51.88817299344
27.554525925827583	-120.22390407847374
13.013862956835409	-104.9572626480053
-29.93683312302062	-134.06692100847903
-12.51603296701323	-140.9873565172427
-87.4877213921569	-60.66711455025045
-9.81309421528595	26.725503154450376
58.59856753637363	-119.28112395074429
-64.83038515449027	-112.4607944829634
36.10059971367892	-134.77759070894797
22.84872030712128	-140.30371642581267
105.6831917225527	-105.87404319253845
43.542908378153015	-142.50654262538697
20.530486682449688	-145.01547524874934
-47.17318097495609	-99.80525142185543
39.9848097774126	-112.77928925643131
52.147169789469764	-139.445835912955
37.40441648890245	-138.128399151924
96.13454866264405	-41.79130146678171
39.889806523596	-129.62787228514296
20.713757361954393	-148.27521445983209
-8.410293666222914	-64.8781619503873
-37.45665793970542	-64.7329764630467
23.766678205624967	-93.53354154862093
29.93502266965055	-72.53695940713645
-46.57974104361921	-22.524580466834216
-74.9149999317624	-77.15198412435203
86.55179145301358	-91.20942211191685
-19.375060896291295	-145.09025289610136
67.71761570582689	-108.0664998964368
-120.31398874567229	-72.91575847928361
108.40628395588989	-101.47831183721544
-12.572834836577355	-11.538721945465438
38.273691975316204	-134.88983912432397
44.515871554172215	-133.1279893917252
-130.471696059705	-65.72490094390308
27.021008744109004	-78.40752670829006
31.71183993629613	-79.16793249044605
-26.228283779181	-68.76134497352855
67.20382180220022	50.42128584771016
106.60114004463541	-96.45948646034891
28.438113031749726	-124.49421277302677
133.181298885992	-54.261534725940805
-39.23630992897297	-83.8535297668485
-21.169407726993096	-143.9903176385268
-16.242886525902847	-136.5206018191356
-48.48892936696457	-88.08151516991022
-50.829692761785964	-140.83164486014448
55.05407146690187	-138.8770583242432
-108.87764584412886	-75.44929010928227
31.793603616388143	24.031448767339292
