18.977234257885808	-125.72284805823111
-13.71380281382171	-2.0693375808057666
25.132241303038498	-143.98972605889958
125.88023951513516	-77.60890139684395
-17.054745944861992	-91.62575622732827
-55.034362213195166	-129.48436103381394
-9.990774626762102	-142.3118887596986
32.8532470076089	-144.11557028492126
-69.4216252909603	39.94782267489075
-57.056930275323104	-19.877851059372556
60.41002080199853	-104.04348736898851
2.8184420192655986	-148.06482745927616
-23.27758108757811	-146.77210188245132
-47.060296781519696	-53.313022887485765
78.71221370161274	-86.96594518204472
22.609228882535117	-80.48998044089981
0.24824258729513826	-85.32314258540183
113.30062180550668	-22.92855210281745
60.3044634927174	-123.91548077716773
-77.88101432999704	-106.6651584956485
37.10689935996747	-104.4660074540972
32.8516352834281	-106.63556029969345
-49.25192520684202	-100.7247253663731
-15.050223025632777	-115.70480306621361
-16.13879785775328	8.78421591238412
-68.4842383386158	-128.19262671647652
85.49530585274216	-66.09480008074132
40.51035826650427	-142.46945345694925
-109.81840386700506	-45.44679425845425
106.0626332737314	-13.094037277006384
83.09535663162018	-106.7950558372282
4.765749098765184	-137.71838764080996
-34.44549345894507	-129.48740028519535
-44.25291808971199	-120.2882126478121
44.80899667414087	-106.19564653808565
-31.31872920938508	-122.13316814773994
-85.25381543643988	-89.35184000378847
125.77857672871957	-24.791186413953024
-19.51124336433864	-144.8692333975738
92.59407898314633	-44.422397541127374
-30.108231018252717	-144.3639184520072
-37.42789807604917	-143.97282738819078
-29.73420816155944	-80.87702408306208
-92.9911618508882	-94.50870412327652
-27.288939419409317	-135.44668862210574
47.00194485458491	-96.24988595326603
128.46096518247114	18.250465539165937
-30.27202542903498	-13.008504591691143
58.70450900013514	-118.98537022874994
-23.12723900803346	-47.35009542955059
-3.4472127782189905	-145.19947798510947
37.259537536009525	-145.1450250967235
-45.90311547877215	-140.13668366592944
-40.81638729413708	-98.42682424235592
-32.03863614631916	-127.97157515490446
44.85611520664489	-69.6663439598104
-53.68817935316502	-86.48856307008514
-27.83149294352626	3.868738263404706
93.07432477989948	-117.34674410130322
10.82795966594744	-131.3787014197663
23.26705559704828	-101.57571454801993
-32.33978867484707	-99.74036843945643
27.690648281422718	-73.34627886022666
95.93989647635904	-12.243891981197732
29.07034117551535	-17.615606851435487
-8.828719640698152	-113.12316273552617
54.31165755513143	-137.89213292324587
128.45154978370772	20.9110631082956
70.7194824463287	-130.88430097552427
61.38025769274858	-51.8901329692958
-60.614510996200806	-94.86659163499012
-35.91295412508035	-110.72935345445967
87.32875992586307	10.584003575402889
-82.41371140939928	-20.474007776588007
-49.64587189374339	-94.83627178269971
-17.883612515100005	-117.1446152767954
106.22331273725331	-98.88556902896235
-58.06781384013335	-94.15715343066068
-41.45992847107544	100.82749737773719
16.161905217953173	-111.27545264395827
-67.23119713699772	5.929794847437872
-2.5555597610009837	39.950196261213236
39.94654944831093	-124.48755072652325
17.33771241508026	-82.82903146541155
-19.246436207234833	-88.44671913044235
-11.980403764214056	-128.40231653205586
92.67855887751593	-63.42475486096843
2.0479312168127546	5.508375788068521
-45.49185900895301	-135.42924657569708
67.15561995030698	-110.35851925519094
49.918504175687566	-140.9429770239851
26.083838664075028	-139.8122771391947
19.896740443891282	-141.36992496002574
-56.94052710671414	-23.894242259087182
-52.30456815571363	-120.1127655106209
19.230263835359665	-104.79421673806878
72.18631429793132	-14.72827866445804
-103.496825591411	-41.364290361078666
-38.306960767764274	-87.23571312013993
-53.70351092318399	-133.86754291747764
35.94956579291066	-98.26353141973024
131.36517654695118	-23.69147185118958
95.87049231901315	-56.46654915037436
113.35804513437283	-10.567644607149294
72.9228323397791	-85.75109593124502
-6.117525876311952	-2.699369264190916
-46.98540636150774	-110.24018303544604
-17.289752127014165	-142.1772486175182
-9.792175298966232	4.556168852864779
-71.60381582226296	-77.78336127910856
-14.162467382870508	-137.90095046255945
-51.08149574271724	-115.30238024314286
111.36126080341234	-17.28148062905317
28.502026621799967	-62.99967065824457
-12.978440468953808	68.6389444891005
17.360717611387088	-134.90618193730347
-92.82065131572739	-70.90425160969608
-101.54099186264618	-94.2281373273522
-43.43644662629362	-131.54978715488045
-62.28010681386968	-110.18594748162788
87.70862639815464	-66.926559128932
13.306547301115655	-61.282895988212715
126.70083873681297	-64.1478741534658
4.306034595522071	-146.98891143895426
-115.46311561018274	-76.23243571839866
-37.169231224081635	-90.50123327797104
-14.60368245196947	-104.46350085112489
-13.141500109746515	-119.45217232578436
8.449761233694566	-118.2615154226179
36.83348284720853	-143.32753860517732
-5.058607629969632	-149.7572550046895
9.336979412344114	-127.88937812985344
94.59263345824962	0.14814934150569561
-34.48368123423175	-93.62072163065226
8.434878306445393	-147.44418566753308
55.07625796983204	-45.517316950088535
-109.20304773463043	-65.9694624764043
-47.58355580401673	-13.296547105065159
44.011161339690176	-141.40831550590252
-57.853838027260394	-76.67650655150533
-21.13274218753455	-93.35498181506493
117.91179065185452	-66.9426488522869
-58.69833260107467	-135.76041776554467
140.4443966330365	-37.04418216955645
-90.14214924510358	-112.33413481705429
-6.684724566769565	-149.84735483322154
-16.66046774604748	17.65903279821749
52.47807862925413	-127.46905775738935
-50.54330763430753	-116.94810279745796
22.027107516505176	-131.48983723462433
96.59482376469647	45.07177726050883
-59.76990766938999	-90.6854414021259
-38.46691334292296	-71.84045199565456
74.2303630882873	109.19015342490906
24.821378134279282	-106.74894579677691
-74.90946414895443	-110.19254690929827
-4.819197017182569	-45.154266837119
-8.651615668161623	-106.26259447838879
-33.939510094316454	-98.44156468087655
-67.63085206211703	-101.17441845642654
-67.40924123262126	-92.94686937548141
-5.0920394973441665	-0.7594705988789157
-75.49435311269126	-48.636568678027004
-95.78129176690683	-63.3661557932331
-17.16733228847308	-63.14100787640675
-45.46998537429495	-103.39787377398008
15.217236505756551	-119.61396929969223
-29.20896814722972	-105.18339340022051
82.80328781082356	-102.99904585164478
54.453198118080635	-25.555324222243488
5.461421981980762	-149.43776620359858
-32.483796709142695	-129.15110169463068
23.95547840496006	-96.91387702910112
131.47433406929062	-25.103407048693676
-54.87073515173784	-106.44133153052339
-44.793692479823406	-142.27871262715905
-32.073093624995415	-92.38546304692109
99.40965030222439	-79.07777453848428
-118.39150547809486	-76.96419407290439
-9.522405095459394	-139.4058164604718
86.69157346523754	-116.88773563157218
-7.184364333061775	-86.43750123997862
131.97435980431243	22.621246830310582
88.149740248571	-80.36050981727061
65.92183228672806	-118.86683296025095
105.10381792067193	-61.42033999715752
40.17994733259361	-68.40047207715037
-16.930836997060748	-10.959684498180833
-69.54309775671632	-90.67961833472212
35.19221110149574	-113.24779076683176
79.55796124536428	-124.3508436680993
72.73386128531506	-77.81987080099812
-0.2578887964505001	-44.00440496867407
-49.82620431772185	-119.80109222567098
109.21114939863538	-0.10871449472915251
-26.518535778559258	-67.34948940713318
-17.51338123237653	-125.83267696806338
-37.7063359752336	-91.62591152693467
-20.41282675324842	-103.61861605449559
36.99902450276606	-140.3213513701887
