4.6997094134053015	16.718883099637598
-130.76609606789415	-43.31905079253673
111.73007336396695	93.3132855374245
-29.353407959186015	117.84921248388528
18.871785092502453	69.65041215132511
-59.91836301050096	45.5416317285488
78.44633053443944	65.91291890049258
139.29585875212777	28.246469257930517
-32.06732490419386	-48.34908413619571
-104.90387321524848	-87.06081179306526
-20.941076715203007	-78.20348139228754
-71.99672547812544	-114.05989800355842
108.35875033831304	94.68095463795115
-25.0335187116478	94.82581431649182
62.23614181530418	65.88097122325831
74.09430768494263	-112.07146490317389
-2.1233372937871375	-109.1277063456993
37.21401307262141	118.38589789942337
-64.25086009404576	99.4257753744063
57.36586651898743	-12.212959736838322
-114.4362598928073	-76.8903474323078
20.967140946409447	-62.970778995729155
-13.259354020631356	144.22391539737137
18.64885734923152	72.73289611012571
27.177422968466445	-125.59342968265601
-31.38050996789963	-73.62071683813174
-35.53253895390038	-76.73076546401703
-78.99103737118402	-27.119323417557418
-119.50761675125354	-50.45300044618137
-10.045087670554857	-111.4784121164372
-17.667689272889415	139.83662972313553
-50.044138958508924	66.41890045756898
86.3481055720688	-90.0768361477667
-47.05060042410663	121.35725974226283
-55.927041283928915	-16.74854012741918
-27.836131926470056	-90.76568899682249
104.2275932723203	-0.0492295035712457
-82.16658305803585	35.378226371460734
-76.59027212483569	37.16804575370119
68.28785985459515	-103.83263365352012
23.814533546266258	-65.49703763768443
-14.986689432937839	-125.44596808184419
-141.1926267119591	33.21349998071286
-50.52535859425272	100.81732175286932
-90.9680546366356	-74.04109238972805
28.060890602818084	-27.6328105043385
103.90335326985884	-93.0313039287317
62.228908096680016	50.49889314719608
-105.91696895473135	51.188347422388865
-144.7938020922566	32.6309468898234
114.61022115099315	-16.22669777276365
-55.81884523863967	-114.84868298841432
-83.57531834339376	55.08954141971785
36.361330957674404	6.00708665454894
-122.8157075543382	-53.50034898435261
23.10234192839763	15.929712045830534
63.54031793696803	-108.29325531373475
0.35937251065435705	-22.706964730351288
-135.02464610472833	34.20837276556655
-53.76066778025872	25.62423474101647
85.95595583896566	-64.6736600423015
-27.73761164676717	112.54561631180461
0.6247817728186575	101.46123059394719
81.24990557226374	-32.64400947874185
37.315459483582565	-95.56870904015065
35.93812604143181	-75.59963993932926
33.518221719372214	93.457378639091
55.83535946929898	70.41274693114775
111.36370833777279	18.37751327493042
5.9506565364887924	72.92381872404154
22.58213931586785	-147.42733623546218
6.64015624033765	105.95037647975882
-8.65332175250433	-65.52684003119715
-1.2421929620626058	103.5975811585803
-110.48021499815218	85.37249269097524
22.026840163695436	-2.33905059840838
4.030219416541926	123.58691278354891
-79.18845254595117	77.83613820868185
-19.487606979713664	58.611330368216905
104.70164960454542	86.20199797248155
-90.92021145654213	5.7809300387385685
-58.809103234067614	56.142987319465796
-46.32953536469713	-128.39934178052297
49.3896746071604	-109.21297350366059
-136.70541608687714	-39.018695457400135
116.62017648874183	23.91898343025243
-94.71058805729525	-87.73996702366556
128.96131158352472	46.786886843413086
-26.12622621239287	-23.432074425292694
-52.456483961232	-121.28239305433443
37.87625604816586	111.23751646539606
16.690932663123913	-35.85161347034344
90.70812458618681	-56.701317234283884
16.63007745344531	-39.73345288961648
-43.67220419429888	121.04358975007294
-94.85870851293565	-57.42920843926268
125.99190971517017	-74.7090575372297
-27.573748923603574	57.96752738096469
49.73766519980228	-105.64997559006292
68.87485009435267	4.105246925156128
117.51259406330522	2.693026713440496
7.776048841433067	-127.27588682674703
9.161581868815324	-127.15310781721229
32.83448392780485	-131.38135885868073
125.40239494229402	-58.9840611673953
30.768425636878494	28.141034537475015
9.926453142502131	87.32111177795895
102.2753889133228	-70.7106889425085
46.75417287880906	95.03809123041513
-27.055569689967193	-59.65069111698654
-109.48014008862407	-21.21471788466562
82.96047000533531	47.80023644012754
-20.586991727081806	91.38947980402848
-133.87519038719256	-17.23055544941549
57.42718232094158	-76.63603096391027
-6.432088586930483	-23.53411586865804
-26.05361060394332	-25.05263458296644
-138.7570667665882	3.459387285929189
-44.27256774063314	140.1907913200178
91.12744498439743	84.76437247375243
-76.16621287295462	48.95911185717696
142.99531740127821	25.90070089184965
29.584390217759076	118.48136266475592
-125.61409755875793	56.732736153687696
-114.47368963695237	64.24524279458684
88.80730640142556	25.37512432692005
-87.95328792110979	-55.091003467072895
-61.586750352201825	-19.87575544068217
71.49129532051593	38.20094178565881
123.96906149129772	-46.254720536541804
115.06178541069553	82.91742492065822
78.14643053867813	-100.962839288623
102.30527129732499	0.19909684852862775
32.590682421701736	-29.737282499113817
35.52123992402488	4.423839958107187
4.5028292179441864	-91.66269542634691
-65.94965521662384	78.01686772154378
-8.659427857827083	-116.74856876627769
-9.853159668146512	6.99496074052229
134.66017523300894	64.30709324566936
9.933753661357692	-89.94412384801147
124.52427273865595	59.79828956110753
96.83709819167117	-51.568665789297214
51.419691032244096	17.055881717133584
-132.83110348480582	17.352892526479508
-21.309691750669348	-124.56727589214059
-85.33641940201697	67.7126829667138
21.996028833634703	105.32625157366971
2.5327840380639333	-44.29307095260397
25.97371431817551	-118.66746608666577
126.62728018550901	-66.84719827556233
-32.62458428039219	32.15038387037005
-76.9406524102525	-3.0238462733852485
-92.9635969910211	107.98008629806807
-3.557908449595916	79.90669094894146
0.7872676392721796	-121.29762089057022
-58.57578639898164	92.74850920075005
-104.22864377735574	50.534749716605695
-79.5414950070529	55.03090820194748
-19.098284692779867	-79.90659302743441
28.734693039413607	-16.319315468126327
-64.64083062028979	-112.10657496702723
-127.50521836452371	23.01134913874521
22.41622515364807	-120.78427878508124
-76.14040243710097	-93.19012474188331
68.74636281724166	27.524045363454743
18.492366547066666	12.680433321873581
131.08285965686608	31.833635263675852
-101.27603166982018	28.1741452819723
38.118267545168536	-73.82991006471472
-18.48876919018018	44.17729412713132
-28.04750432121803	24.991464475546348
74.64889626778967	-47.71837723972044
69.8772382904112	-114.99458911688521
-73.15007542959889	-123.77540476465903
-14.969490376514141	141.25445147556027
106.69295130645406	96.52270677610454
142.18506102397671	14.395438236407811
85.20983253551424	67.83687308741852
-18.581506940902557	67.76119440605757
-126.96796103655066	-42.83905909388554
63.81222195293537	27.13931214331603
50.826688891109015	58.55605368695214
30.399609128822508	65.75778285360715
-72.70405927974495	-79.38024847153706
-63.55048199267141	-56.59023919637949
-55.92337784292756	-18.46853884873793
-0.31813272062372516	100.97673276148532
-96.70703607046433	101.5414302003481
93.0288298359838	64.6767041191954
20.716298555308132	139.0445472021037
53.139359128519004	-39.7911130240268
60.79534342825841	-7.79989583729052
-68.23665634160956	-91.07274048545771
88.47347000578917	-50.96415789479767
-76.05773931543217	-95.23184723233238
130.81467310473258	27.687977510185547
129.99007892065126	-2.6445291408533294
118.35792416159983	84.80730036662298
-38.877617302779775	-86.3093278788067
