-95.04871194026227	91.50085681055111
-68.45598598271965	53.51466498563916
74.80192414246336	49.744477991124306
-136.95963409762734	-3.421882016893968
83.57144111986611	39.32917023944394
132.41851195379294	-55.84260031081733
-106.4120902838689	70.47642279204827
69.06123514630144	77.49484601724077
-10.873354754038175	123.1074541853397
-109.04325222919071	30.704229808231393
-55.05402769210462	-1.4359008458104296
46.31194516853553	47.29578214958644
-63.36550345002477	70.41502533802104
-126.0936178713914	53.78281065867573
101.84618217661445	3.52575057886281
-123.75704396546043	69.74564854109619
40.87232905539819	120.77516377568624
100.24779495040296	0.33064680091488247
-32.77967131051508	-101.1518147368901
64.9962048960089	-49.88424214386705
108.37304431931454	76.62227709951296
86.67282113197122	-100.85198414343971
-85.52714270680536	8.462064826816418
-57.366829889053875	-6.010738932421119
-55.286186379476455	125.51885605480203
-94.66979731206898	101.24202947639212
-137.48983802183002	-41.80271339700201
-109.8653120870862	-0.6619111667245089
-63.778976664119476	17.581566247467567
-40.88276738859601	4.4272347093532325
-89.50441780125455	3.3484591560171992
-83.2591638203063	52.77894335751369
-8.420507495723145	134.5447969544399
140.2094620675574	-35.47712267021022
118.82970544469013	30.170364060296027
-75.55784329947396	102.8557933368378
-4.398721878720624	-91.55021989138282
59.176884423688435	33.95286765281145
-54.36134721386014	14.514123067416385
21.718971353711698	92.45759865065162
-113.69626205735683	-40.36017264609564
119.8450134566759	-40.64204661233775
-43.1959988584521	43.289887077970256
-83.32009860417406	-14.9508753980931
-97.33721637117974	107.77549626809343
98.09190881005358	86.73043716338321
-96.55248277263004	28.778922887399055
-26.651769683825037	15.470480341521606
74.05462821823812	44.10427602437046
62.35689106046714	118.2767172009071
-80.67850848112717	74.91793926125231
-61.71184035140993	-63.97844623471933
40.33923558754356	-138.97694391424207
-99.69475599667874	-43.219761168963416
72.14217614789497	-81.4411706884309
-53.11349422158892	34.727604744355155
93.60977995219872	15.895832779271132
22.088541394138183	117.73396797903162
-105.10041878581846	-1.9052932798479545
34.481172359370206	-47.857758593207265
104.8342969761376	-101.95075064817887
87.03025036041812	-18.92753734141534
-48.20556247754455	67.40275256402744
105.76302313045734	-43.992151447833294
143.55207378181902	34.002906915544074
26.51998000983748	-67.92996760505532
118.4652958120869	21.78307123557185
104.79759215275374	91.26227796613595
-69.00071919067993	10.267314336046047
27.211127883432486	109.36715313201202
-122.62288400839935	30.931594289319268
-81.5363838315646	55.86598572514759
-82.81948822599435	57.5492208936195
-102.0632595725954	-27.133393531091613
103.64378261397995	59.47226793571379
142.4702736444994	21.62575476570246
96.65875067590856	-41.63410218935271
-53.69090762836579	15.92447465629659
-43.11725324877073	11.486881784876486
-112.41240567148267	39.068877361226406
-95.64185628242176	36.744047228282035
-107.35006241401132	30.370247555333787
-76.78635175274525	35.332160632509115
111.68178034179375	-3.5102859045707038
-133.55989363178017	31.66384229534814
-89.64312444032134	102.84229001344036
87.64141910348036	65.73295273048576
-96.09810468033169	22.94648690375179
52.102645256401715	3.5992796970483085
-27.645431005010927	106.4708059273509
92.01537434054151	-98.84621673620518
-47.50808518123919	31.298036431034006
57.90273218666851	-58.08556967687203
-90.05406611137118	56.723279680983474
-73.79684479015343	29.30918389657422
-52.47262424849136	19.263216655414904
-38.68776158177325	120.93291792320089
-98.2824594026538	85.84106915842433
-11.020904993809742	142.536163251129
-87.446736652422	-21.36789711591912
85.21006647166344	98.22597206942976
-95.7200345506434	-2.197308667532417
-86.8927294019694	116.42911133850664
-41.86142024810407	-84.32047006200759
94.33816167210647	-112.65192952515024
-95.05449933167168	73.66400174283083
-61.801484162405245	85.05780172155018
-66.92944354151037	-15.672337439107563
38.449891295906205	132.3277879960617
100.1986484729196	92.35973726654922
-98.7625596801159	-13.323245871822401
79.1037138977228	-91.14212986317037
-6.573971477031361	89.87862111803075
100.75271287784929	-56.213842841896245
-83.45539400209594	27.86375688479698
83.44901683298696	-45.55333929097739
-110.58485195904562	60.71409493478942
53.71508294001552	-106.60352965747846
-83.36908585085651	-24.97154189030129
-98.10492788816902	39.01658295281833
-135.7434754518665	34.511549104550426
101.54601273228585	5.245403672607186
46.209233147203314	110.05394229655799
-39.07899582952184	-61.51564513723497
-17.06456946650599	-97.86071585176401
-93.73248477848054	102.9385678401524
48.16992126398752	-131.21153891100118
84.5101053009837	105.09575607019609
104.76420838130846	-44.75753085184058
-121.77108001792594	29.3128259314579
-68.04642667145731	-3.099097801143466
-51.480362545598815	93.36298756425317
62.35746522529061	68.20465544369054
75.16374074220374	-5.097161911086907
-67.04378333475498	31.6927290692012
-75.29243938388487	122.10156264758469
-67.53798040632176	15.767218547074577
101.10503956983088	-40.98278117068201
-87.60379515976548	104.23880578584658
-108.83415549224883	61.2514341019431
-0.37498493187236664	-79.52387052271052
10.880878693083202	-83.87609852463375
79.79441824421664	-51.682793154099606
-114.5049628570727	-5.580566016261037
-32.11158340812286	-54.38340079084278
-57.81818240921725	57.721744401140704
-120.10438848630353	-28.296390018706255
-118.1399897025298	-34.18593870984475
-96.21720709038416	48.52065841909437
-6.79572448036347	93.15193992750791
9.663982997215152	71.32021505691165
-89.75078353936603	22.399541406913393
-100.68288855534756	64.37268100192038
-76.7018952254556	111.67266408527183
55.40095708848699	79.55101838986276
-117.54238512964604	76.86577636977225
-107.33795390803883	2.8792477274336186
108.92762312179995	72.48804067863308
-49.10783665755151	108.79928584876572
-138.8606938534481	22.663110146551944
115.81019708516794	-75.54336381335727
-132.7846109105648	66.43127165629699
98.35720920136725	17.11806314586008
-93.97622472044242	78.45015229443709
67.52040985836209	59.540537440796044
-28.06733894476042	-96.37818241640679
102.11820134666368	-23.273138528407962
-22.00611623532706	-106.33278513893833
99.24721101474408	-41.09441380780744
-141.3467614969526	-2.0118988700654734
102.0428432354628	-35.701236905239476
119.27152831092505	-40.31171393670353
81.37120600342372	91.51050586826187
78.51606617797935	109.30177808633597
-92.1870097719575	72.79000931801977
78.27455427761494	-8.374039929180322
82.3794797856415	-23.91316434887842
-103.66087079143867	58.435342177635135
109.80801269317338	45.38165290919422
-111.77326271105805	30.031487773146402
9.180703049042158	111.15718671203548
-31.559705545541952	20.33163556812356
34.83838522427424	69.97519378457834
-87.5553394353312	-72.55535950764313
-70.02247472645135	108.08290611495244
-92.53404385931363	-78.87300011921823
72.4573177164197	122.36005023515949
54.09732083274751	77.10995070669202
11.835623752466214	-99.88717352977125
-90.20612125253015	-68.02204405589313
-146.230676483686	-26.872153512061917
-85.20240982421772	41.179060404848016
-100.08190047102818	-38.787445909122795
51.74157698833255	-46.11453004690798
-106.81851863468572	71.82704068583756
98.98271199261232	98.53031592841512
-62.944895951851905	6.141173215182351
52.26570824375747	-108.93854116983202
-39.97927622967434	143.51464552010214
48.42163193725652	64.86440761757635
