-74.26006623552196	108.86819330109938
-57.58604758595674	-90.39858543328008
-57.27531154384593	109.95226440242598
-100.29786537640152	61.58008258807954
107.5801094272938	-48.00354725460527
-37.19768075236662	111.92318806618482
-47.82875023105743	-63.48491832699576
-129.28457625282047	37.77061294085456
136.19610281869888	-29.06606568146411
17.59413834894036	121.10534391685016
126.03631773216352	36.26258456867429
-79.44084120050103	14.878836497866894
-108.54511936190974	1.9778316308212012
66.44867658629843	40.3641530214069
-107.40738194970044	-38.08927077965428
-57.33222204671687	48.89686713192773
-135.25859501839636	8.258520242836573
93.34137801376265	110.01528470306303
-75.6726097740787	-25.04686012352879
-101.18495147896007	-14.819654271231185
73.77715392176295	-98.7936130890862
-97.7197884671485	65.27032101859801
82.37678166893258	100.91579258591672
-59.53252415294298	93.77275924380187
-85.56814690029397	58.431244699219256
-132.93586053892574	58.18129831717433
-72.84686589893822	95.8295925282675
-69.46847913501284	122.21204092845834
-107.53711396249867	101.5041359056217
-106.17983896460177	-15.020511539776455
31.69418194464514	95.58030777984133
-104.79394902376258	62.83794304619505
-115.3557783175489	-23.657415251508553
43.305197625190374	-127.4397588185242
-91.34760279690111	104.75925695182586
116.5044091399686	-62.484257987819554
-58.99686848598035	126.49302245769007
-23.51176269443834	104.34394193092427
-127.25761084104049	-11.46387970255878
-147.1279619540603	-7.7217339287567395
-80.16724991118497	90.77430600369524
-91.1554645754322	-33.24476620911478
116.45357996901566	-7.6072699123817005
-19.20908510175138	117.24444750885873
-84.5564474285587	14.015521583081476
120.68246875508063	-33.62105414753135
-95.74302334920712	73.3522107870967
109.43957388460282	68.92160205172426
-122.1152164970916	59.3868547592957
-144.87278602123644	20.59371121894167
-81.40893534932229	34.573236462951186
115.28822627476883	-48.32064081440232
-3.373296872598844	-110.50257031530948
78.90589266429673	111.82241900532532
-38.7551815153069	-13.216195798893189
-46.14143056182634	24.3263985055929
-64.6815310205047	-19.12641672966231
-112.51771273548796	64.05067105393302
83.40500488191309	45.771554508833376
-97.70925366969414	29.945523726330055
-133.26880513582648	20.219958230912802
-148.43649094112052	6.190888888138754
-78.35184577291956	-8.348997700778364
90.82037936722777	-28.69785419704782
72.7358365479755	21.227853199735748
-50.7483730620134	-4.938414185959934
-34.78037266795771	-64.3036492912574
-80.70669233393001	-84.41846562342049
-84.226203873793	37.570167233664975
111.85341965475898	-0.6364842401075903
-109.76416087123663	11.922746683484288
15.294279919288943	114.37001020846687
34.886812188755606	131.6409941868375
76.92959454253644	111.5406409612222
63.953003543437724	119.1989793792152
-78.20818831608382	52.06522166322909
110.65719711158717	94.34668808036596
-111.7265761627897	67.97302928876161
83.94386028588187	-70.3236817970178
129.90875811485685	46.47434407413769
51.738310667754	-97.64609251847617
110.94976971055719	-80.24704162427173
-58.092266746490886	12.37929395539566
-100.78940564371386	73.63225244678402
-62.65830760493853	-29.281270937746516
-108.50897003307668	89.84373836467604
73.03441446552513	63.88436800834708
-105.0509655984015	-54.953800324503135
86.69849463765524	31.64208472538034
-71.562257887985	-81.3470738280934
-126.33784821051572	0.8174355391357864
-60.57864095499981	109.10803281377291
-57.01428944327019	63.6312343193242
106.6954161936726	57.65546851291635
45.246487357425956	97.37775023990017
20.6883827943024	-69.56691166584756
-89.74473139423561	56.03457620362673
118.34600768267728	51.22946048308103
94.62084863506537	-53.66968674131873
-132.69618479591304	38.36557098536986
-107.31403068867264	38.4416725517324
-46.119989378635644	62.23256407365337
114.26167291183395	-76.57678252876622
24.214859023141408	-108.75642975723505
-130.56590089564034	38.44419144216017
73.28001683092512	76.18796740772233
75.15878309323968	-63.32040895726718
81.51303162300944	69.20905614851385
-112.3625745531495	95.56610635425146
-123.44183972141457	48.551224324245105
-52.49319519441426	-117.13273390980966
79.62553052995717	-96.40330990625553
-89.03949245747638	46.26887672756661
-140.72629964153492	41.80322414312802
-106.39352027332133	51.64666038926434
91.66929485961708	-85.22040165667536
-50.483509280907036	41.95530799680001
-91.52417643311914	77.272435094133
-93.59283162772252	112.56161709325801
-115.5557125399485	51.48939747895521
-66.06500374495894	-67.2272235665783
-56.95761940117217	8.160731058330223
29.30549947691428	91.74239175774291
61.60844759916967	66.40303127524808
-118.82255558823209	36.451784786593564
40.05574978098788	-121.77710914357726
70.78618783163111	-117.96833457268131
-93.3847174028725	-78.03723323013521
-109.99892428421397	52.77799462484634
-52.818729466226586	12.508752418836798
-73.11121443855198	8.382156816293266
-38.584353744210055	28.37266368663435
24.189309620667174	91.63413970783746
-55.2106903870134	2.5504377683443598
9.372909711052774	-77.35310100169792
-79.74833497933888	-5.316733820641103
-75.58627927503814	79.79840016261942
-82.0373992929484	30.25491994027265
-106.4412676588898	-18.767353128739607
-133.8346306410229	-58.068907472062776
-122.57273628843276	-50.27986294937032
53.3041702755968	43.226277359295096
-26.36616300809667	-14.004323723069318
-33.282268649907664	13.261716487390855
-89.86346401377406	4.891694820532277
-123.22550942960842	32.91340667375839
34.47705476547783	-108.64522834466757
9.046925443880808	-146.2222205598817
-47.26812727703286	-35.56981929068886
131.851702591418	-14.943966852182353
-57.91828217569385	-17.210214238205197
-131.7382145053296	22.941520178513066
-86.5789265821318	-73.76057254728686
-94.42127777334338	58.00198826002321
-101.17305741307929	63.02101979584879
-57.93708276754457	12.300491897704376
-53.98184556604665	-17.842465980893905
146.39647962323687	-19.04815912244063
63.89610095507768	-110.17001622096456
-49.891296006076004	119.14513720506298
3.189390647974754	137.1728152583972
-43.10573926695065	-119.7363746319927
-108.65758617854115	76.99581772808791
-73.22107725239037	7.236147406007619
-56.89322160473773	-7.167191786766932
93.26315817195754	56.51882325388271
-120.22972323868309	65.74004387244352
-102.76075133523723	27.989949329156893
78.47659289729154	-87.46806661214423
-117.64398627944303	61.911606047378044
103.93634723347891	40.92624800696621
-21.52791538058862	79.85235295604578
-62.41393038532954	10.66838859733701
-130.17220402815678	-36.76515020484246
-83.15330977565912	83.55446978423812
-66.31178843859851	-83.65591762100247
-94.67549035963533	51.41453810772968
-120.11744909322996	-46.27343696679123
29.216909604580035	-88.37318355586876
-49.694963635598626	-81.53905033450795
122.4005122814278	44.05570514212081
123.85797783495576	4.211316357213272
-68.62921382281152	55.72272267261856
-112.90821245454795	-22.733938478162163
-128.90190907144319	31.750405175466557
117.76863756329828	-87.51594785959337
-51.56824070307569	13.803744049062656
-109.31368239162096	-88.1863952948187
-75.76656448960698	-12.06746566122033
147.18120208698727	-16.200981562638663
13.02095304474511	-106.9153058584215
-83.7349810005056	-31.0152831877528
-120.79364732854998	-54.62003871257797
73.42456276144922	122.39756288628558
139.67469448391535	9.085498730996987
-57.75440149907486	-69.46894815900173
105.58350490547359	-43.08573704789258
-125.30939922965788	37.57629931550016
3.389240846318331	146.04765211857165
-133.4852630076967	67.29716533159575
