91.9183883512775	-51.449746805681166
-94.02869191281512	-57.69157794632576
-12.376320519836014	142.2547835257259
-105.29105753596302	75.26288418041025
65.8623103965387	83.5886680924412
-76.16233738401101	37.5802590049228
28.954850678747274	9.915529181776208
125.68487208701832	-1.5014696969318115
-111.79908972271244	5.707972350297491
-105.1004188408537	-11.46743937559899
41.30337659701989	-108.19285240913476
-81.93672876376232	4.660142136970385
-100.97870025238639	29.173040708589944
-54.166509826091115	124.23868450740311
-40.773497859635725	119.61201657213898
-107.07451091605523	34.80213651039425
-88.71981029782006	-59.12561806061295
-141.13714014877482	4.844128548782971
57.428980255160944	105.82503254875546
-59.15543835768715	83.49379415643322
-114.60661611738013	-6.900041420700262
98.27309053670703	-47.99124772446212
-86.75159348465824	-13.875879204505592
53.91133418420538	27.412212594090438
-59.801366837382936	34.06213827475453
126.4394069254667	62.58980784881383
94.73123945985569	103.2145421854658
-142.8143780465323	-2.6771722958566033
77.38493790838972	71.2141328993586
94.85858889436328	86.45712280491747
25.578879731939523	-95.94384999100728
-98.77797272863533	25.10675416081164
-136.50913824882338	6.899003406598738
-144.63721172310986	19.38090230776057
-28.39431536753331	-87.41450113329317
-89.40904553561545	-18.952691865161523
-32.03284956489293	142.0973440327454
-68.4262121813175	-0.8879914746507139
129.38028255224785	-64.3933656863119
103.09750175238068	-33.82088012029984
-83.36562144176807	6.383265416226879
-65.25654433680371	126.0197717105493
76.96399673268698	25.218109654184957
125.23348704710034	3.1813057994367524
41.398015306611306	-138.9813365259173
-17.459427715313282	82.65859201419114
-55.20273184218253	125.95795830858947
-34.07320631841177	10.38121651982732
-117.89205756175383	-90.99447184143192
91.31862510005843	-10.689438964966653
-69.39473917070552	83.02290395316003
-44.98545222491172	80.62044695018314
-92.07109659578016	31.93182110334519
87.78137030778817	-67.72057074880641
-26.545821062684478	44.42728746547632
147.66584837439027	2.6491482748308197
-64.79868949616903	11.166169143952793
-82.27434000693263	-16.26386168613647
-78.12772660984531	24.35886572162722
48.965518195918555	120.60687047386791
126.86948618039564	-4.6894736852194265
-53.49509496860876	-93.13530836426877
-79.86487451096004	120.27102628942718
98.43453886541032	-73.65878868919563
38.89169938947152	134.53171245579952
-129.46601625098063	49.59642554778064
128.56516515640803	13.092898477656442
-135.57536261790426	20.58305152852629
138.80668747729513	-11.243676964313792
-22.208278967492753	113.72185755258283
26.606752036393097	90.09050427409765
72.09540333080174	93.93564490966058
-7.258491168035289	-149.0111724394262
-65.43388171103484	126.23898178430375
89.249804031861	83.90709407477735
132.88399706031115	22.42150829041726
-142.80364274295306	28.105773198398353
97.30536394059608	42.293796172507264
144.40418340803137	-26.646559970424786
81.22215636803787	116.9713975771892
106.21621350673442	12.730038451628404
-17.639426909248392	125.78173759512603
-65.51521209839215	65.7528008301619
103.72421642525316	-25.24165024454979
-50.98588627769955	23.185271200209318
101.09498013532523	-40.687283892885745
53.61386982795155	-74.39061947326275
-126.77635933876864	-7.281389330704986
2.695646190085466	-104.16187495130339
-106.31218948865374	14.243459188503403
26.24126834883388	-128.4190843294345
-120.85892271263182	65.01186736973706
-79.58612137357584	19.872474946934638
-76.08537509048885	33.9080570269911
-58.94800789920103	39.91834481905103
-128.12845755125912	-6.565630556588457
-112.78229379589942	93.70066864915914
50.038593304189575	125.7170671049985
-100.74357930272055	73.0906599963222
122.12799541032628	-12.035191206973243
122.04495941112094	-37.219231709879814
71.60507049094109	64.94173327774993
56.838953886647694	-53.97517148427479
78.34106746404844	74.01473291126645
-89.44525648437865	101.09520886049941
88.54308490320452	-9.30982995437744
-107.81943808734727	71.89074328786576
94.79881070423225	109.10689219389766
-100.47296064651846	-45.74988600255258
-98.46697092546577	-38.84009423238891
-55.846788698616336	36.19222347545429
120.57688252261345	4.078865534148282
-46.3182032113112	14.963905780127075
-71.89706397003337	84.77923194425131
86.8758455077958	60.973862578747465
-130.9436468080115	49.26716790392936
-85.17146262604945	-7.224552603591506
-99.27350863525469	61.039810005959076
-118.44809247344453	72.86919219401874
-91.41529997879944	33.41080614057933
-52.80664993838755	-12.626886425497684
-137.15578993110822	41.987086452493564
71.33802984117263	-99.74800308022982
38.360436608102155	-79.82205663051523
69.72938368734566	-2.010905322407733
-132.7814925617972	16.898957351554195
-68.99730191152415	108.93256278815947
-103.1139686523187	100.54719225959808
-125.01720445186363	73.70543164628528
-26.540324063854797	108.78097375636956
-127.62426542657596	7.620416567961931
-72.73284896913495	18.501933106047876
-32.60740907841366	-24.923819258289555
-41.51262668552091	-11.924878563085855
35.26963218411411	96.46917723230435
91.94832588410972	84.7897689914987
55.4172698259879	113.15630402281926
-69.46433625794704	19.363180601538925
107.40458309651017	-27.464647983954748
67.62889404081032	-87.10254399504123
-87.78006648948511	118.53994222877725
-95.4894742130678	-31.398615382323772
-89.27570136893546	80.51372139874655
-60.786456481191266	34.28118119283429
-15.250491453972234	3.744626454642267
-115.26640501379079	60.39754986510139
-104.05567902468725	-5.633261171765284
-63.12661409253164	17.247793340049736
-80.21461714536355	-28.566798847951485
-105.73795313249748	-19.864147145700926
-112.48480826695206	67.81591092092808
-70.92407194025235	12.66456615972572
12.623942371877064	-111.11778280799093
-89.79281860201793	94.7341878126801
-107.5014915671771	46.90003693011577
-72.24891618111813	23.757606136628763
35.664581051414494	84.18500771406255
-104.83221187414563	19.92314041311877
-128.79786813212937	14.892327563980022
-121.31394638000114	58.378505112069035
-107.27306876070082	-100.68908111412097
1.837271289689271	-108.60376504670293
-74.42066970181513	-7.430459639536651
128.87107253782307	50.75985182687863
127.8961138816417	36.46747412761835
76.56956761210651	-20.202601020859607
-144.88036461121212	12.560632457522727
-92.50398257408672	-7.230755801785061
-133.93919722723072	35.81177871417319
-115.10075896157899	71.21766561446917
68.23753993555304	88.84923069459981
-0.12369495685643668	-83.23687553771327
-132.69503254137234	-2.729860540329289
-133.1896093894893	20.227518846194258
21.68022621987295	95.46092624942463
-92.72541845708899	59.3327501334915
90.1203666115032	5.3595252336320245
53.44021138183555	110.28901986426115
-144.47584340587613	-16.729935289809166
-94.45309969131262	52.047518169351804
79.677708210243	-63.45312240331508
-26.615543857169005	77.80818347899704
-91.30964761634513	68.96498705624205
77.48982313131243	-74.39754980137134
-117.89851645838176	46.54304068119243
92.01235076160509	-44.49676042023574
59.0837969475527	67.70927858309156
-86.40219797922838	-36.309470392959476
-12.677616333816006	-87.3318944240545
67.28121914332904	-128.73874880531224
-103.19999185159338	75.91534152124571
63.927424330582035	15.890030034299809
-96.28960269012838	-39.31027315874978
-63.35877262693017	11.662442165514245
-21.506211933967357	123.80640470298256
16.871186867536597	39.51706545298963
58.181535632882905	66.45379587983162
-55.00977250315977	-27.8556532872888
-117.12684246374256	83.35700480406209
41.326303294833366	119.600592750665
