128.02110694402685	-17.844429621909963
49.04089405246477	-70.99653610070251
-122.36946807066468	35.693591242903835
19.851202613542487	-124.6120113590732
38.42639314642931	102.74296573002523
-122.23796050686396	-50.48540797457926
102.00057499528533	51.66473646970581
-46.420210898272906	65.53238290529141
19.41713274509766	127.04553998432488
-22.347965619892346	-112.94341189242022
-16.88949866853617	1.0529353013016278
0.9579956443984198	-142.4291973022992
-110.2902532849854	-10.632094931424229
119.66298761015886	72.28335126085696
-12.93864666330967	-140.3359194918483
49.972693593853926	-86.68609849055547
87.83641891578596	-60.88606927863921
-86.99129180615003	-42.27279116167156
2.2651728330136307	-100.534553445408
1.8228833055513156	-141.90661779254066
74.330833775118	110.49057636094481
27.384797279599194	45.79192718215472
105.75137616045144	50.48337869856632
-63.66253595130025	135.4805555234481
-114.15801634850537	19.179105325987145
132.96250224823623	-1.7562948877240794
-119.37202360469847	55.264845350327896
-13.203441366984627	-87.7941539522763
-31.849284137363778	-85.7451596929911
36.00893082542754	122.45438494024476
98.9779558222104	38.118154760761406
-108.60317113780627	-32.29848563394409
-38.905843957145656	-120.52682518506444
132.26234261421504	-1.452871150042694
-49.294153023361275	60.65648750713767
45.71094335121812	-34.83345009144792
-59.73526908982927	54.745567656656036
-39.70573476342106	-99.21223181376656
-71.5443856979796	-50.78957092043714
106.8771520209822	36.95181253950507
30.561439992064596	16.40052372450572
106.18506850167736	13.932533459634966
-62.635511171384984	66.00343283797999
-2.8933646134624498	-109.64319598727235
45.486622237250856	86.24365299752566
-62.924518850231195	-49.35166224973181
-34.45142737313505	138.4034935424334
18.762119210684638	-61.686263642764004
37.0730549358178	-118.13684458410266
22.934704393135103	-142.40261713712928
-108.753758481154	-17.108305268058295
-30.25956780308965	137.12603527196637
19.338890147581736	-49.3473970195862
41.19150735293404	97.02322944925284
-25.070128213645326	98.25760775722418
5.44961195483092	12.36830173767394
-45.779408949191904	-88.75548375648502
-35.53825120867499	-83.9059129003288
-70.58240120311987	-100.44200324232222
-125.34542078568377	73.4911253555934
35.51653404988163	25.862623513081985
72.81173848159872	-45.46063616323792
-99.83937050471462	-4.853523317445386
-84.39993488623568	55.841937618359914
-112.00008286959077	-69.92281570528687
35.135191304530096	93.49823962645763
16.631957225025033	18.28954022309304
-104.7781286433751	70.70279970645463
20.126009576831933	139.65533244130307
3.8568519752847568	107.46153137382876
89.24403038241942	-71.48737496452202
-59.42081069092659	-11.629150168288373
-70.07971894102154	7.305254850035047
-26.99894832787282	-67.54544521648086
93.9195735153262	-29.509458577350735
110.06415741478973	93.6437329602165
54.29460446897255	-93.76701539796797
-56.793287870834284	-33.11675512261102
46.975080905414046	61.48427303775472
-27.136228479168636	88.9042365289079
-117.69362482038598	13.097237484531343
-35.94405313238046	-92.78346289617957
4.363389255978297	93.8667663669183
-110.02660487220348	-24.50591212898207
-29.43526120440398	-67.63765803384963
-39.968104811526004	13.336949835999631
15.280330981129657	-17.771706969425495
51.28359172165418	-54.98476514578416
-44.62869426746997	8.312666012251388
85.73664861497419	-14.727235008300108
117.28055817407247	60.30153673392165
126.92293026393592	2.6818294445996007
-85.80255061726244	79.89864717442194
-111.48215582956487	-82.17654421354605
-54.82564630809872	-57.79852990470854
-139.57334777082065	20.80841260691892
67.06732875547232	66.96905801309981
45.49378125714575	83.36915213630321
57.171583393475345	-76.49719837260137
31.707803975967774	-34.66609882065885
-68.17080041737769	-131.53432321224304
-28.65286797161512	-47.91049632457667
-71.59434840817701	-50.43984611956319
24.70598406855153	81.07941513452421
-36.8959751920295	17.859850307466473
-19.516719556424984	-55.18107089639601
-30.90338765150889	-7.36839167198303
80.55954681399587	9.447778693172364
133.73818111409187	-40.17312164799687
49.038300435923	-72.33736737984944
-3.4927781860387244	52.63902280684135
-89.67838347808431	-80.5350828856332
132.66344720361988	-69.45451963182708
59.53854192289963	41.017646082673906
-79.29734394795655	-1.5095905528628155
-142.31982217084868	40.145073652638196
-53.59346989651766	33.91469378215019
54.93514089014965	-92.11105695414962
-53.73283553104911	50.049529255082525
133.4037429811421	56.4035376674138
136.0727781516985	59.73626933484605
130.53725559843767	35.926681429384814
-70.81412919116339	45.475212618364516
-18.790178355343514	-93.40983562337397
21.168305285213904	70.73740689229756
-85.73339847743183	-112.65806071121673
-55.2379814164426	-132.38703356832306
-3.172593766233472	97.02847287951366
-98.07708356060186	-71.78356185829915
-24.28519303532497	-55.99264187522871
-96.75590733717259	20.5998095509928
-61.780998971134785	101.94036524499182
-68.22134193656366	-63.38311029785379
88.83191812512663	-12.44506529336609
-4.248904528230788	2.1033630966121635
-104.58087369486819	84.61349651328143
-137.90670241159648	31.4934548825935
131.07739234132004	68.05620200819962
-120.18328716802213	-41.70831631157118
-52.73407990021442	97.81075526444013
56.26377085229857	53.789309208949675
-146.5899558488645	31.553495106036657
115.16701463211739	2.4490748657476344
-100.96466517917693	71.63869773168504
97.55764134126599	76.39794015497773
136.3030364897877	20.96777642479505
6.654039502113372	-13.16646810500056
60.87185179582453	-35.357797140843466
32.16070789992565	118.06864050712608
-137.61386884850066	-34.68720483262425
-21.70183203548257	122.2667292419905
-96.37640709419323	3.891299811392342
-83.13897047195525	34.97013362777213
-15.387406333902911	127.9338028540154
-39.603449920184104	-122.9203601524431
81.86241248183202	83.41073224730992
76.52053914612421	26.50688836843273
15.990250739288507	-143.3886163371483
-56.16252804042042	-96.24483955921153
-133.3587370084041	1.2350219069921373
-68.02291455565413	13.957757484473985
-87.97084811276754	1.4309528824392521
-129.43926811252285	54.06953845937309
-26.25610033482752	20.929055613112578
-107.36410452706644	0.20871601770546752
-102.44102226980439	-18.552904161010616
-46.41176527828844	-121.44392654301372
-19.220142950234383	-77.28645381603125
-50.45700280371682	48.816947466087036
-123.57223387731527	74.61830798783805
-79.53891452771322	80.85189079309517
-47.26043747541854	-11.043837015017992
-63.09343066094708	19.040290366863832
115.26646957116233	-95.85002520433102
-21.93770644144387	-62.60941983250891
94.23136699460434	-69.68607091654658
-24.6893869436078	-94.03890657462058
138.82128496917701	-25.585747470571278
-85.74887027321029	-98.17547847356296
112.86784539991204	-26.31075617827071
8.479447939875676	13.027895190303934
133.1169087257506	45.55524975129682
-87.91619503023962	-47.704934181654515
143.99942883539316	-14.988718691019349
-91.75493949197448	52.25570655960583
29.524606213181798	121.44277926071963
-39.12412569640076	-5.327982872690416
-76.89690233730715	-104.17667020633422
-34.723572517954125	79.99490118819229
-19.521565409988995	-86.74379693331731
51.03934914768953	-8.046200627719788
45.85152024900504	-34.66877464318044
-16.70066497714162	62.45531645873715
-39.840124501963835	76.14068079893313
-97.97269894631752	102.32630794974162
-71.76812780825672	55.99277802605027
103.13170128323526	75.2463493340238
3.2402148914365108	-43.02696648590764
-76.44963846744957	86.34335968571115
75.82506330562133	-71.36604569599892
