-84.11502646379734	77.73588256251676
-109.00465713349904	35.12878715006686
56.78157047123348	114.55777242416016
133.05538170137862	35.05976872075587
5.0186521007486204	110.1563553034312
-26.57059835285312	-119.02025082675225
44.61304744847453	-114.1648999824469
-113.56012793232313	25.535120104130044
90.6305549044156	-110.09721792102373
49.61241083986076	93.8630477334819
-60.71154507347963	-16.295041541627963
-109.94386222507036	91.27236054927411
5.719317122320702	101.1340098594534
-13.592594042146404	97.91180606786897
57.137735785900304	120.06215393956172
18.341093981317282	133.9218347001898
-78.33000135496432	68.53333834189903
106.67541184458315	31.771069220336457
-116.87340572004972	-26.82919922631485
-105.6763618210102	-26.241989453219432
86.31444968319731	61.90951188224274
-71.28927688191477	-78.17459574020329
36.91532816030983	-142.44766604406715
-97.19363715210176	-7.602747186518781
-71.60546210256688	50.99809165486746
-106.44442605856598	94.02654288707886
-139.30035983756625	24.059063430867152
-28.9528349907825	132.389373277969
115.99619149038104	-88.20643991475698
82.38205632593859	62.052518318167586
-68.89005193056963	103.30373459378508
-22.609746190440706	32.77579689810519
60.677467022308996	102.71934176261763
-127.84288458917992	27.000639995406036
-68.82343847565251	-36.33083333308351
-86.50486276524937	47.64179767905285
-55.46868897224115	13.268819579713433
-59.06637692395359	107.92319798731113
72.12754461675708	-59.009800839159425
-76.27196401219058	-28.513533485864194
-130.19336142979566	36.00794309491402
76.37833951900163	-63.96612386076336
-42.83128166859774	111.18999694196418
-67.30109101389657	4.254248504396022
-60.25838427051456	63.003034495909255
52.68273715422552	82.49460490675463
-96.55838546688122	4.423520631001738
-109.7409726504079	-2.318441978802497
97.21447953351259	95.00644187305309
103.35534326869782	40.435055788531315
-122.40958795356825	77.44977935616414
92.81139761488727	70.09757358784127
-52.1682472635463	-33.32364104108715
-77.13264325674982	35.1502232893634
114.1192685525896	85.83061028473877
-117.11231890156223	82.5856143756844
-76.31195764187667	-18.107816854061902
-43.37712409352169	-118.31161564261107
-120.33363103049578	76.43972398147298
-21.3443587689317	54.64545965975936
131.01096310116876	-24.042445908877045
45.91037824406848	-58.58184127095148
-35.50799417700592	122.31227921207136
-90.19459535426655	-48.36452313727869
-113.60366530832007	43.996378096711304
-75.12766463106796	-3.771512998504887
-90.64294052293029	63.62618890801586
134.93662344821942	-45.046693920550254
-112.34088154452512	80.05225604347764
69.97832564062277	52.80737491563275
-36.01317721923075	-3.2283386012858566
90.6422834657729	20.975964407491883
101.42512954940565	-79.55137641491945
-131.5502583360745	7.429236778534383
-3.34177765816616	-112.27453556715146
105.07283330454472	-11.546042786377086
-120.71576726980878	31.04283500673827
85.94414992407049	-87.87289283527988
-48.13007758850627	99.99717076554117
25.40081630713794	117.07279439968603
-47.549403583296034	61.095067095855576
40.362121842137896	121.58463037497117
-71.12143954850244	75.03071086709149
63.153609393461934	106.66460891679196
-132.59673576243011	-0.12300024352094917
-58.42856684079677	-19.91801111611563
39.09867459367513	97.47554154294386
-77.02390852058923	82.8755054550111
103.88295403501547	-78.72833282312608
137.05673351352505	-1.2192740335327497
28.237777381736024	85.78834191862418
136.48734682980157	37.29861761686302
17.344456144493634	62.608398572770746
15.206509261152934	91.25608653649618
-98.43484581092214	62.74350209950266
-21.33884507527704	-87.4705501191347
-92.79805858051215	26.596964337701447
-130.9449332459489	41.31568789216907
96.19723763129828	38.125551690912054
118.23944311599664	-8.041087745046624
30.292694275260132	77.73225382020189
139.99354776252025	-31.055614539249067
-83.38011964732071	32.794775303653914
-88.33017963897088	-68.35026851989483
-49.90904584484136	23.973227633314288
-125.69105513254554	-46.22835967253461
-78.9025283342744	9.707295989173412
55.55725315025126	-113.47534177359383
-92.98077436188846	81.71203582860804
-143.83848093580946	-28.24455849881693
-57.28449762629881	-12.025773821373571
-67.18150916898288	-11.941892497559065
-118.94699327777747	67.52698112847054
140.0006027784379	24.476433681715
-6.341796235002653	99.72737150105043
61.364486615208655	119.60775579683788
-113.190304549924	58.83575846759371
-88.86131033832555	-10.702119746709561
-72.48053967159177	123.3644710895477
90.96497004911942	49.642882928687165
56.541160145629206	77.22249884442977
-57.12167489483657	70.38543848236017
-50.242877557742204	-1.2420480377905063
-62.72747371440925	114.295886012026
-103.15761810940735	81.39614029636535
-54.40078871120622	-64.4911427145557
-106.57759373060743	-56.075332802459265
109.98232172710344	54.17566178125332
122.46673703656727	-56.009002763686986
-96.92522390826608	84.05927419840785
-82.03923696606317	-3.1685061691226575
73.31207406138954	94.28025702838286
43.65958926508719	142.89861491884778
-67.62360019595884	108.29794221494663
-41.511508386322234	61.26799060175268
62.0978850800632	-90.08489508247624
-11.736733426767845	-82.83841197468595
-45.04056626535156	6.74200404247338
-140.260276535007	29.616582416783594
-133.41795927393358	7.650506173000979
-14.455644573906252	78.97007582655507
-88.38239997748614	-39.574722739279686
92.59264696634852	52.64821169016857
-2.7964966453055036	122.28928346911707
-6.703743053700789	24.098041615225743
108.07628328940662	-22.265295374246858
10.97758752061745	89.70059076428265
73.37478703228122	93.83604438258959
74.44313568301949	-94.82328271021915
-81.26622578710428	87.75521497091826
-47.54032249754202	101.80089558303862
-97.12723254409798	48.554750281955364
-130.46523245101056	39.80671263084042
39.41347696020313	77.49672602370248
-101.15117603591496	89.31477102900115
-143.59717249963924	11.172498573410847
-77.68053242186701	71.18357514754602
-134.73474991295467	-18.431185681272904
-87.9304327567286	11.746000725345844
-110.72571086391349	49.99925266830413
-100.113381728461	-68.20518363681673
-127.32529580381632	62.002532274856286
-65.70887328372702	87.50329241531661
-100.90346010035847	88.82591853124566
13.702205262770063	-112.3344760528608
26.44159336618218	-109.15954055685373
-25.32802393056219	103.88313922605579
-119.31994408717757	68.71038377735692
-102.46406673382424	79.33859896286039
-6.816476012782993	114.00736305266454
-1.472441059166312	63.30405177972043
126.82662598691697	64.9481556994856
-94.45009635983735	98.40796635093565
-112.95019948982203	34.0720512240566
-89.92696128595674	-41.14525283215278
-96.22737199355858	60.83505229246083
55.44245547883823	70.6408959615439
66.34231910573548	97.71844990219886
-84.34589143893363	78.02828313637758
8.285320003964214	106.62199516919351
-80.30105604227546	-9.227593239933274
-116.16842611285149	49.771523003331545
-48.62295730829509	24.121197103203233
53.17967402547032	64.68415688638551
-103.69097974883029	-3.6178456387073776
73.07996977315084	-65.04553766403536
-22.7911143708384	0.7443468576135389
-65.23092761118664	97.6150793068326
-109.2692744441451	95.36644305943999
33.79571329409069	122.54196483068256
-98.68819846763516	110.99707839071434
-93.17270577408028	-13.29667668254114
-74.33617726560938	-51.52084649976017
56.15851574175547	-91.52982357995947
8.568200098592362	135.13924886266062
2.1195740422917155	-130.273886060606
-49.10384331019094	106.94730522090839
127.08945481297283	48.870177079784426
-82.12045050621632	45.06589707653758
49.082691140604474	112.49327541578552
