-124.75525319943391	17.236004416814428
-58.30029090875596	136.03944004783173
-120.11719207283245	62.77949118530289
-71.15450538837588	-14.751657199890877
-125.0733746855184	-20.442535918692187
19.875914390487416	79.5713951795086
-66.0337189302183	-34.585251329665276
-48.196009362613054	11.752007215503887
-93.52402545700787	38.70754102733735
-43.713076698253026	79.42673700312929
-47.0345673951306	81.05404397307444
106.60457912741121	-21.74963193961773
97.58114421457877	-67.64154292096516
-79.91977752364949	-107.65806552123952
-73.99159987376002	6.680568069045811
98.33985716965996	-64.84707204809246
86.73256393866218	-28.567190897632425
31.712750749024455	79.2040454239131
-141.67667788498198	26.746063779578265
-113.98652422694519	28.1795442520868
-64.65866688156888	36.96210439570088
40.37890388788922	-105.84602088183847
144.1287737105345	12.200667677202174
-65.682811022753	-104.49897206382467
72.0254883445958	-80.20062045507676
81.79402657228782	6.574495173145845
-95.78977052922964	45.39526044970575
113.91034855816157	17.465288064069053
-136.93400427246016	-8.725192246456999
9.939472812418837	-87.74457772587782
53.894619261469295	-105.82720112921612
-128.52515245508675	41.212198024044156
-113.61170022994199	23.19665167551744
-24.920179388419946	117.28996238794876
60.91852642189238	106.88469302872473
2.255173528309753	-111.72535957159208
-133.43938900650755	25.73732375949564
3.6088537179076865	-109.96883720584071
-114.1659033177783	-34.05681663814807
102.41506272099416	25.732514956787984
-91.76008424912203	76.29358868899044
-110.55612695034968	59.64550983842788
-80.69377521670735	55.97188807942053
-116.02256485374357	39.150568745548114
-65.0681064477122	132.07493769513746
-46.45173359580226	36.938407206787474
55.58641902300819	-101.22049274346881
7.802697534942248	50.82957525574579
80.88300956502289	-74.71971985729382
91.31568545169365	103.1039411555875
-50.195942211307056	81.03908585780674
-67.81458342561884	8.734562369427373
64.39702951424415	45.617285367039635
-19.33417458679338	88.13848119723801
-93.62435131495081	57.77254676188154
-62.995928675938416	105.76714749736341
12.433947750319446	124.06625614774714
-140.8274609408611	40.34399397968187
-57.70448210774655	-110.13268785028987
-71.993712497074	-18.792888057544463
23.55667782803709	104.34782606585188
-104.76002206781173	96.27512493723732
-120.61199256807313	32.85101618336355
-74.19551684908537	30.730339401973634
-97.429665583406	-45.19765274011222
-55.72587631107284	-33.803154882384035
-104.76664659363286	57.92576585506891
-84.73175520305516	107.39693200799701
-146.19861895667663	19.183881593363814
-50.83580214524275	88.12476446301544
-58.27820922866486	-17.740385443883355
-27.74045824898089	94.28596627425173
30.73657588746275	-110.23178254961228
-49.34540948055132	-35.0517791183637
134.7715172001791	-44.34525728050504
-81.684870099418	0.21089132026810437
116.58715877095294	71.38990775868517
-120.0308848992545	50.04728925031196
25.032837738168297	139.6423545476267
111.1446983262046	-90.1758961839622
-148.45490403215666	-7.973928338850273
-76.25086788293527	84.01498292242104
-94.03073450380268	-19.919666095053763
110.55925324812866	-45.81635655538781
107.31037511878219	28.219439747001225
6.511855268715244	-127.53882181261983
142.54724709045618	0.5259557864222133
-66.11759062768611	13.11733501489324
-101.57161280755696	49.93309982473944
-60.94095701354902	-87.29454991730195
-93.51117323942476	5.841540941014681
-77.44987800114943	42.48233849962395
-103.36242769131688	66.82211591369223
-73.87280450602705	-11.31998503883179
114.82535320145561	62.39423635284048
-95.61250569629756	80.10329875139585
98.42548863071573	-66.80138896029652
-14.06682100697814	-103.96619741093077
-61.26855653158856	61.710214124067335
93.01282716804691	42.897469445316894
-54.1177403624595	52.73579608438765
-118.55570519826787	90.79169437808625
-85.98652625071931	-10.8564512909055
-85.36335716978465	-4.664063140992204
-10.217176329459157	-107.6711822022846
-97.51507331122609	-9.542379288561827
84.94268332615134	-113.38519766072149
-85.47649779621256	-69.11853491573764
-136.7098833889229	55.33047826187576
-44.894738142309926	7.691231793471953
-6.172676123850883	75.35434690953868
-110.82797332910647	89.71982961578007
-71.17420719196922	-63.37729986517047
-110.72596120814207	-11.64252453510094
18.11003679856367	-144.0937525275698
122.8786348078179	55.67232451389857
-93.39169083513306	-15.055288410458356
-137.89662530558093	36.49873681029072
-90.87129669047887	59.63992796760024
56.19090101354773	43.924359307431175
-68.04206152670135	82.35619531745195
-86.15366779025473	-31.154780373118566
119.54970114687552	58.71445621526911
-91.99898414391278	37.64416071449518
-109.73046815550276	-27.148630118350916
-60.075421709326235	-36.67319873013822
-97.89105445336068	99.92758255083454
114.01088074511071	-43.234569834887246
-75.17687333785199	59.33704762951029
-135.7187573245354	16.49660530328692
-111.92503151235009	34.899405752589516
-41.553356958509625	0.10406243106096205
61.34933500086413	101.08902685501145
55.12816851486124	92.6059597640837
-39.24798759286013	119.57825012688862
-128.3549882878439	68.79647408334117
-81.17042000004616	96.64981840413462
129.9685309195534	-7.713256537890665
-80.72073320439983	16.16143828810267
-105.92965075096902	-46.63130236505792
79.4247211606786	-52.23731784661185
-99.39081627726091	85.79555726546218
108.09619287743469	-20.38051722641754
93.7591298277816	21.697267439837027
92.13449591538424	83.10836992751487
-111.34151764981512	44.151516863537125
48.25632644791155	112.32578455787736
-139.79050201949812	-52.75568566095606
-52.8515243151222	6.917917169596699
90.0842727951644	25.451673959961433
48.45974676732786	-86.17232420278239
65.84973738879184	-82.12277595135862
45.849732249634236	109.61460945810951
138.27504301578705	25.985995988661067
93.4379059540071	40.68476928774135
103.62314136637869	52.5485108755723
-118.32271063833652	53.56662655322377
71.58935054657586	86.834134185644
91.534019522171	63.09904852448523
95.35527640128153	29.996706710202346
75.4521271202283	-100.19538929772654
-111.52121603480418	3.0258151464384895
-16.62619888180863	117.9902288891701
-64.73106554055977	114.38944030203874
79.58928752399126	-5.523183439610705
-112.29855826568681	30.88908835949221
-58.549179779949945	133.6152826474315
-50.87085429524729	-3.710868431841867
-99.89051002680786	11.482922977074296
-41.325360439604786	-7.449955949717377
-111.11507530350497	36.5094742247852
-131.869749994197	39.14697717362392
35.04466602037242	-70.98856180740101
-112.96252656720789	2.474294340331011
-144.0323432781528	0.7813396890272255
50.06208447195233	-79.79201126755193
22.11295114223043	118.53937241493222
112.2464819202504	13.875011691219253
-73.08127126576277	-56.405575145313605
75.5637740915644	-112.22024386032217
-85.89409025723522	-61.1588551382112
50.064354242005855	132.3759389438908
-96.45468178805315	10.508194361425375
-115.84391670404536	-6.79888038724698
-105.40468773531	102.82777158244468
-55.18839241671455	10.887283727096264
-106.3273680996231	50.735466948381045
138.47625464827414	40.94198341175944
-145.9763171067536	6.143371876250583
-66.23410162900362	69.86407551026906
99.80400888355304	-42.502805258021056
-89.27749458227458	42.96219838084578
123.86108175657017	14.017041881752073
-72.53270536192099	45.54989981935444
-109.38719785646224	-67.50138682089077
-37.72955150137548	56.383876075828404
100.80314706899543	-18.77997303978539
-105.27375222252172	16.973573560363693
-93.95839058148243	59.54526344145703
103.16722616920336	57.103628326037246
