80.56434007735893	23.434271562836553
-93.46557645039876	-55.10288899494193
-13.73914206970322	1.4246747918167684
-62.15651787860117	-107.72133623468
-63.93404843811021	-17.567310669175157
-83.45755000181163	62.107693213119006
-5.285219332669729	-68.56882544506584
22.727271073326797	3.602738899170968
-100.82546370474253	-26.583609272049912
73.79223113842139	64.13628280743046
-90.0054964416766	38.27368109531543
17.514925585697117	-66.2673824752953
91.3051809483511	113.90990826667756
8.170438016101976	-3.4863818445003663
108.27672649819183	-91.30127668206993
-110.79389069759995	65.61255256981416
62.17850858395642	2.3353425387866915
25.473445956731354	-99.87704061955112
109.30697923564252	-101.49438961989452
54.812420092466354	107.13920354265241
46.282506329463764	-26.90549932231635
87.04845598322524	-52.14898546670123
-100.97271971554613	18.41411268929461
39.93670359375377	-128.28088203600174
-135.0706768994302	48.67831376001256
-39.580422802481706	-16.8471022663636
-35.71343387389848	76.09460951587444
44.138359093281146	69.04102484369456
-3.257479515079475	-149.66787109425573
112.16793866208482	0.9816628012057719
-123.48549089089371	-67.43546694532974
64.60191363250715	-73.56855216413207
22.888775071052212	125.44869413408753
-39.96054060676993	69.65150498200292
-122.13135213286228	-74.82725676320463
1.9898885176401246	101.17722454131847
77.31538290976354	-110.02797487515893
-50.74277778202887	56.400801219232214
-108.85623019509549	-61.28963077841686
14.271394463911431	94.40546276066998
25.70257093848319	6.838484048350777
44.46400361313412	85.53150350759728
106.5911996029255	31.84027491568274
-57.30159035650951	11.452687704692673
-55.02969027968516	-33.31333148389342
98.26847934719297	28.33229480753973
74.00148223412039	47.277892898317894
-99.17086405657047	9.0444362648469
30.966664747684362	-97.00346867079438
-38.93943466171695	-40.440467499002516
50.522910499979716	39.04245712283771
105.06922879861558	-89.6893444783314
52.54943780685055	-29.995451249645132
-55.54128459237156	109.0790456435839
-72.37936241971717	-64.63829320140313
-147.4270370003103	7.112959695236688
36.03552514724219	-13.740053487807845
-136.4820588396042	-7.509800303267751
101.84589783987383	-26.172901883416866
3.434232237351478	10.422782420456617
-43.50725903786496	63.55685122118681
18.74131945593476	-93.92519431658987
17.624454458254707	-82.21168139412866
-10.088237431401522	-89.74040564785281
91.27290040387379	-110.88000544485504
-26.47294803010257	-86.14057552293728
-63.699238821031905	-73.25345050018211
-126.53023151034486	33.400007027635105
-130.7985786376506	27.440609608913082
-36.153258521846254	24.185926971137143
-91.63567284180863	-86.28139568056726
-86.79031653995479	57.66550019397997
32.95207290581005	43.88477513964753
60.522835293120096	47.88500910396438
28.314759801452567	-14.545551443060384
88.94421401224895	13.93784567318611
59.76232077651046	46.638073747969145
-87.30013457430796	31.241205872342956
-9.27060627335171	113.89345099155841
-106.55174486709713	71.58467424387003
86.34575929988176	78.51642852624093
84.05813348975262	90.54125852376754
43.67458657753473	-132.54965371966944
8.02055846969489	-139.98828743762172
110.35908925227186	84.77651064705664
-28.992903404892402	-51.046176648637726
-58.118691657110766	-47.657876431107404
-24.257408257790573	-103.50795865770539
-88.68696885162079	14.361604063343758
-6.817334377461052	54.000701275863634
-41.532630732056006	-68.91604213172602
-102.33008056963966	107.1247018576385
17.12588797635673	86.67500193073747
-81.52072558337434	52.72511580849594
0.9994742205125758	-11.959642263534167
-125.75874114671332	19.276250166290698
-29.730079142653317	91.76600061538377
23.70160984679123	-41.93906419809118
108.65041599277573	-99.93804939287087
-120.7958926910132	53.857214856931435
-90.20621772472828	90.56056148255307
-111.51321611850226	-95.4826170820939
89.46864253810796	34.11251828909528
-45.822413397228694	-118.60569584566151
13.723868717094355	-66.71831171881233
-100.12555589718797	75.23353889025684
8.118513902361082	15.838854322148231
52.437669086687826	9.600100034314291
-63.64640466675665	-74.27961255660632
-1.9638313684913837	16.377698235445447
-99.33917992925473	22.933797736475928
-81.96233919985546	71.02808815426773
53.766560227950166	105.33425580960618
-47.46009908988646	-2.497844417598289
-61.77253930987619	16.02876890382035
-83.50651691089374	-82.61681108919362
-1.4412720124806202	121.68461803118512
5.319459733221852	23.546942113103505
43.374522367779235	-101.37512740783795
-39.32315437650576	-126.94793617800657
5.483805377334348	-39.047376720528696
68.9063186059528	67.44115008080465
13.918849811708043	84.57404603716442
-127.53333843741348	-65.51888397575561
40.33168130825902	-50.536218002480894
65.92352674511707	-53.077282496720194
69.98571721587825	-123.7618929561254
83.0669038545784	23.229052291551085
47.10067398502797	-98.67544741896022
21.96471826825308	-16.150734939656935
139.50007012667567	51.961863405683275
-117.8217232997185	68.40571939382212
-116.32695398010044	-27.240797244423845
3.9993759749603566	36.75593334871891
-40.81821070822582	-4.295090856599495
83.50069033231209	-72.72923350907692
53.691826123675206	-59.42337605759453
110.01816019537671	-43.689438037651946
-115.43660679514208	11.563764663751785
-116.24414321102796	73.19122645794526
-40.163635907192585	-68.686725185795
-98.78303895312132	56.95472338826209
127.68595715157198	34.45244577905965
-19.741491386240686	-103.21175180229878
-26.44651424296668	134.12704554087074
51.7837683696643	16.497147294209565
127.42465534874745	16.60291917295411
132.32355147207738	-60.8898578175257
-1.1271473206081932	86.40662162862799
-85.96725647023445	29.192477956661072
41.28363442433296	-13.248745809028918
-117.64629619265878	24.35028814162598
98.16549248962478	52.85524960733797
-28.539368531911684	-9.658365041662302
110.62496349615179	68.46085055219226
112.93480050837935	76.84160323936263
85.0425244867198	-114.79529660265975
-27.167231616355657	107.42885303838412
-43.72725487100122	-90.9449172122117
-140.182626726568	-7.868744563870331
16.38562651407713	93.28552767055724
-120.67872349172531	-13.568935631999485
106.78347044333586	49.426118693440415
-52.481902712699444	74.96182117298957
-43.761279284278835	-6.3225019287803175
2.9707661724136063	21.749118796844872
-52.49865424976882	-82.94118677719436
98.58785444890965	33.27867768836574
-135.43322479858045	12.965440791957066
-21.06689335082597	-94.23612962952706
-71.95553599719041	33.88949720577297
71.91360786825406	-72.28833609277456
-49.35301776600013	-54.02837631216907
43.805736131006135	-11.690647206514502
-10.729833442703328	49.27817906770966
78.55027648148824	-31.793543564104755
-13.225076129733246	-10.503178396504582
-2.131880300390466	-70.35644275198018
108.74375465150824	-76.77282393705822
-68.92907296744622	-22.971062873329807
32.340403589058056	-38.01989339919233
-141.14465388713407	-37.848372210152675
-96.09215700619595	-69.07875925208866
-34.58534522155923	12.427298910384831
22.81806528275265	29.66184658593177
-110.78824540586926	-38.71320844518322
109.13533132109366	-15.56847789270436
9.081129486220453	-38.15711553690421
-1.116570161723547	-71.03415698080744
-89.82320055537733	-113.29279861453772
-65.47079188844582	92.64889986029357
48.16235597673468	87.10745619690928
11.944950343353387	74.0662874019149
54.803848248060355	2.1781113368395166
-44.0184970153156	-84.38948283407699
54.608387955261044	-133.3085576768497
-3.924519786204784	32.872550056123956
125.1378954638661	81.47104072975267
-35.07662360314066	58.69767185458697
-25.04511954526175	92.57433551444622
