70.71596934300669	62.63091853834533
136.98976438020537	10.915556229330168
-71.1750591671675	15.977243313357427
-102.06210443503836	54.502245707486345
90.1763604348784	110.21376991303529
-76.502660495129	-35.56668631422386
-56.4880133318248	124.7196758866284
-9.677094821912398	-95.39044744401676
122.20856831862521	-47.71395719839746
-87.68954824945361	-41.72005266045961
78.7552107816183	112.72462508767833
-77.49780298232733	62.14287207994139
-67.80724470750229	114.66132231179326
-52.426404093749106	2.719929223634549
106.091148839484	89.62000822163232
130.55786758030942	41.07340766255518
-43.25646873739335	-44.19869186384813
72.09333655080195	-23.959558018000624
127.0119024933225	34.13655581314224
-122.75458272877597	47.9623465607115
-128.98146624702693	-8.191125870986369
118.85053831297039	41.30131203974508
111.71486952317704	60.47447600206766
98.90955974213679	65.94455292376799
-97.5714885461042	96.40322604347286
68.71320727665845	-65.53458127543952
-93.15829741891801	101.45024447454091
96.13283759609598	73.69651661683395
-130.7579357440305	71.51998846636951
-85.0091249719546	35.604258715448424
66.65489508703186	45.152362154947845
-89.40716387762582	3.0716215080858915
94.12440256383357	105.42578718751766
-129.45436409126515	58.848432388368096
-33.1496919004009	133.52127058982794
114.37531859780029	80.92004925024945
-26.795198022730688	104.49471618493702
-101.56781992841438	33.619343878825994
-16.55909335781319	120.96654997960133
0.19905044678282555	145.32272123752867
-115.74527784445863	60.06757484724322
-91.88591131774683	15.349480582308301
-74.63113292650912	118.08972966030686
-95.64367273493517	6.172738468200043
101.28790246681028	44.93896698489365
122.93783966909096	19.31250199167298
-70.84770723377119	46.63809850809251
61.9311283944655	-61.82596218546317
-18.471788502454032	19.156320552987523
58.70487129104962	88.08310387863202
121.82481441410722	50.69643957940001
43.95549230107372	-74.50649057955253
-84.94859713434637	13.051886472916884
-36.72163721643338	69.33736710373141
-63.83519150961698	22.298656834761026
60.962890727919564	105.79271368989896
-100.74706665516989	53.397834420459766
-10.409782586804893	99.74416842498171
-61.58389505385379	129.10284892751122
-115.21895406310038	-46.74614835884465
-37.55879724678204	2.0535617281345555
-113.02189137610135	35.72257754048547
-123.1350086800372	54.870149202786735
99.32130949304951	-38.176051478156516
141.47363079814903	-35.903111135743266
47.42836261619204	127.81797718365011
-124.68259536585441	19.09657705788734
95.39334207893309	75.7957121345341
-108.02017846919338	37.05552085460329
74.03346718397032	-64.71846651019794
26.10930241372781	133.2880697526586
73.20224699144163	-103.2282123451009
-99.33001187308933	53.22533634484338
-131.34172756968601	61.53849849548385
-39.040153383178996	-125.4127854813794
-81.91622830309024	85.5859426428059
37.38456236048797	99.82751938474412
86.30662624361342	90.5421908392243
104.92099970291858	-59.360293257092756
-118.92065442278412	79.83686201467152
146.41564868963235	3.2654200338036787
-37.266206019264864	103.46148755351848
109.34372312541738	98.27780213902005
-26.778440788479458	133.97020838777058
-83.15199196965634	31.271590198989717
-127.36197738942045	18.48141133379936
-95.26428425562175	-8.13703718902945
121.19731120247177	-24.94400279240777
90.83728554776542	91.01398377118602
47.47679625607188	117.35178794124782
-86.93198613224354	13.930975542908445
-98.44640515831881	-12.979976921592597
99.51236101837044	76.16449346599546
102.12576896344312	84.35604520187692
31.194066915468582	-85.62145366923231
-79.2857787914706	-30.473987746427166
10.46998832261103	64.12258482098022
87.0227682048635	97.85274709469441
9.730090829704412	-115.67305422673
97.6279818766392	12.737325458138852
24.840292052739212	137.29766713011747
-123.10781129598728	-47.65802759637432
-113.34181164306503	36.134128841631565
-92.53744678397148	33.56638435643477
-117.6882026992125	41.105199373688286
-85.99610722631606	12.549567793881737
-104.44933242321052	-24.434853227130798
93.24170008802602	-65.55441563176267
96.77143844232944	79.62210026927588
-129.17317539995983	18.51085742008768
-99.54357527246756	111.51154586539808
51.91624365985002	78.22429962133488
-105.14921924231439	-35.183314674276836
-71.53042524742965	-25.146573307592544
-145.59826458624138	11.723591835345971
-80.27438986733749	12.239665924896887
49.500879024312084	104.78553289083614
89.34915449388434	-57.869890698373986
-84.73865672368073	-52.63815305324488
-85.28473891758482	28.073546842811304
57.79221610866783	-58.88711484068118
-58.41226575794741	7.986803370430251
-83.05358776063379	56.10979436902782
110.90527623778424	-55.89878236730053
98.39163447218995	-36.046666262102825
-58.36881477658149	14.432091662339156
-99.71537114174312	-26.008643857398948
2.2068142589018613	-130.32673082314983
126.8852614713734	-36.085076958774344
74.4109919537536	-36.374708007189334
-79.47660506902605	30.14192988842475
-46.84346960870266	-18.07062817932644
-73.14412735633226	23.33905408099732
-81.31111199282724	70.00562712105533
56.82216516870625	96.72779819939255
77.3898082891147	40.5975039633749
107.02443807456534	29.469123840404954
81.90519943213599	119.2343582650071
-82.54296109619055	31.33511821065733
125.0492670588143	55.643771663287
117.64668035225365	-79.73565328451481
67.36256557543683	-41.95563134829594
57.01323032006429	90.27972633525083
-124.48620378467386	77.86341289022151
-78.69461250190417	23.40167204177239
-48.49979586091567	5.929233695191281
138.861269992873	-44.82711037357001
-70.64728727353602	20.86694991972135
122.9544611063614	-28.015299172726372
72.22336444852519	46.735182932124204
121.75852576730232	-63.21202951971572
-55.51440534415061	-104.70472965950138
117.57474878957075	59.32358630580867
46.9532991172056	-100.15866044057881
-80.4846301320491	104.09892133727664
-96.2986503528559	47.701599092517206
-130.60371379131135	-40.25294750932652
-4.906230749720067	132.11135449918467
-65.44155596358287	112.73248584696294
-107.69075474118061	63.084013395856125
93.13220651866126	-103.5382679353067
-134.38660974047218	-3.931192226243754
29.719878295491718	-122.94336608555058
-64.74270908901627	-14.324210585206439
98.83167819710611	83.45666655269329
-125.18704137941431	50.65209247105069
-114.56798070052601	81.91979165458429
-59.036590292278916	-52.550441571820976
-117.95159364790895	37.29825182386798
-93.77358553514176	63.68588840573584
90.8258988114971	106.71685557995468
98.23848974482915	78.95506986573955
-42.96036814173697	92.69705814363036
-89.35861628008585	73.53791194356684
-56.19136102901086	99.40819159860702
-75.18423982376898	70.00340952048582
-84.25584690354215	42.67050590247686
101.60245543825509	13.481737181269565
-85.29596778746733	-15.269644388175601
-129.00558031781378	31.440044120022822
-44.82995299159426	-2.3400297683552713
-80.39443439972665	123.28531691314575
121.34324433805058	-67.99924830563718
-95.50267778253041	111.39900114611012
18.315568937644215	74.1993162811486
-10.854150304942209	124.53326222222468
-114.64784146363218	80.38700744800286
122.24451786816417	44.9799921053248
115.73858021808527	-51.600901456063134
-49.59578972824986	100.39431832965352
78.6057897289567	94.52120664590856
-87.0370286602472	-17.909719178173525
-113.44701634312293	40.222460038539325
-127.68580839880619	46.02595275489439
-132.7036146627417	16.133817462913104
-94.65734216447862	26.314954072509867
-76.1103901877277	59.99953858434207
-19.672942937587592	85.45640878494109
-99.73347962001748	69.24163233013758
-35.70661300609996	12.73617713438912
