139.75439940363347	-46.49718544497874
79.29793428588687	31.847378286483984
107.59508884466771	-79.96342769020997
-23.09349436378406	64.85535031799188
-110.79445913425332	-0.10308695741565327
-56.19104346547613	29.818617900029405
41.69629755729149	77.96062730248156
-90.96878135892673	112.60658986141584
20.11920378640104	53.686668586304584
34.0802007871487	114.31342902235744
44.49892791648986	106.58947675614894
-51.99709101695782	3.593808804931114
25.403927220650857	-81.78733989173476
-102.14458440390646	-47.260636142002
50.82662144036081	-40.350628931892565
-87.77770743603497	-101.53376948859035
-55.014191333880824	-137.28423149222573
-34.400233533432186	-60.404556384439644
-61.60754016708819	20.249202511421874
-37.63484710792091	-93.91303103726298
117.46645388785178	55.01227996242214
50.68110487560655	-61.37947001140469
3.6770553991227835	-20.82731882121631
3.3068573378909973	110.30198921727093
16.586765324263947	-145.76828184087995
93.53231550590222	7.445482036822018
19.8679110823868	95.17506805010507
135.45512948060872	58.75539577313197
23.600475692017472	-122.76680662423325
4.693901835419949	-127.11937519319098
43.800528412645775	-103.64511002272144
148.02473963309924	4.169376569237642
-124.49323705503457	-0.9642754450767791
-39.73165323217596	-136.2337426724908
70.24788441920579	103.92910667192025
-75.7308326358135	-103.94684722104519
69.80679535434015	40.758521447150436
34.55948633281793	75.05939388059764
-131.19781750957674	20.106896731829565
-46.53302178686887	-67.16077270033102
68.48202046059598	89.28907809283831
29.650991970059142	68.78405098998081
38.27848100196326	130.06492209810608
3.537020264372217	49.73700725086347
20.052333896381	135.13124472136525
-92.08315572208315	71.28893984120977
-36.85769002519893	-53.357054075497736
-102.16888510809497	41.9203421939343
12.953503038078637	-78.6665785966801
-16.370725281216796	-83.72582866238533
62.280120757307955	63.486750542022115
35.98154471516233	11.40225840735048
107.24733800034267	-103.35446962213169
23.35577831689095	12.807683325441362
72.79001032253255	98.01935545539907
90.51034769231104	12.668821380031927
-83.44461008797228	-87.01855315716874
-77.80445852027566	-44.295055354264285
122.70686725823909	-10.119993502626961
97.10532569842378	-83.53654699615706
-105.59720518218755	66.23190067258365
-35.02975394978583	36.56584360815282
-35.274114806610456	116.3436057733319
45.67658222505488	64.91047449337425
16.461543352992525	19.417734889722638
65.11747817465785	71.36808918329272
74.44760298210882	64.90203558675049
6.108379153914505	102.34307843983426
-43.897381682990705	118.03204481270733
80.94334469420039	-19.9288899696193
-74.19256036867704	-39.865718741526194
36.79900368686528	-2.873863789820114
-86.49178162328482	89.28969185441659
-109.04892798198193	29.73917218873379
-40.04526660521728	79.11031322228034
51.55592709216343	114.92927567555627
68.39082969438239	86.10019611661008
96.69486176523824	-34.75794859148929
106.89234144491503	-8.878601961967048
114.92496750115197	33.317933059659254
71.41357200661577	98.74290018114917
-71.50126342268526	37.27090365990485
21.915478999696063	51.83085429080664
-38.94491656839296	44.80583165468067
82.60166287958664	86.96700651594632
-134.9423318848533	37.81819661536541
-13.043745689687338	95.09746032969377
-36.8966183832063	49.52618660160446
108.22851892955538	72.87073419368436
-123.14185723396164	59.72517200819264
139.9809227573568	-14.779926732587597
-55.540183006722984	102.80561863117558
99.28295356793173	-97.51557679191471
10.293031868091079	-15.52063336502845
46.90860153545363	-14.57355968191426
11.38049000255723	-44.19780487732301
-68.11907719994272	-106.73985533604464
24.561265900764763	-31.02151426159688
93.96618735697488	48.35859814020464
-100.33082254076521	23.86694927321009
83.4207463056169	-5.639890590634235
17.19067603183202	-138.88339346828275
60.17554945159667	-14.616781126443467
16.485832016152166	-87.5135988959322
93.25508671606431	-93.39350915398366
-7.057440943816957	-25.193145916566902
8.11371300097207	-122.78253811874534
-134.09741051223267	-19.668079139791164
128.7289811769115	-66.36923819822793
63.77815025449134	-125.09605094156224
47.156065390881125	-70.44464582641366
-53.42219486215821	-101.68216301729635
-14.02263229847809	39.27428394391374
74.27056615081715	16.910295191607087
42.33154417782955	-18.111981927425326
-72.18152533382572	-43.376738339188954
-41.80335341095028	133.95593285263848
52.337016325414304	71.21861143566967
53.87283629885929	-98.69359060571462
51.07611707389602	-84.51212544504982
40.067708306230074	-93.38201404878998
-90.46589114277326	-116.75313146150069
-54.372511664292176	60.88600423129453
-39.59033881152621	112.0152027050789
97.07795534566522	5.223088305072748
18.60113482484366	-32.09029225172198
89.48924098192387	54.787037335709876
-92.13554215591691	-99.05183882770777
-47.122028044197926	-1.2067594374240738
-39.015316418128336	-6.6046688948256005
52.669867861498375	-26.12650432608238
128.56603776608273	25.88003940085046
18.691570262840845	-126.25577746925441
106.77483099558411	36.22202736253094
99.70539580376648	24.37064093737573
-127.85229954999829	60.34169645101557
121.16167889724517	50.700577936096636
32.90872302719934	-131.09430423557575
-132.9446355054128	-24.982507294558037
118.25836200381072	21.819619564756664
98.24597363666547	25.554993862108713
-105.9670207654928	-90.69862150695978
49.842296581677644	-135.46553940961232
-21.398723626862576	8.816495928307983
-32.07531751316721	-11.452451917391459
45.236593273815586	-139.73322729193376
-60.6863153945917	-50.53003992995181
22.13774958390129	138.42229746494021
-70.90977573750847	-60.989293170914955
-35.84234643172542	-37.350736250824845
-4.241311613054028	-42.331823496171225
-43.03440255717644	-40.85912292080138
73.5880636867141	-14.401172429903683
34.091769122330675	99.14340241061575
119.74752304670749	-38.00307207198377
-144.6747147980028	-35.54145282674572
-46.93880339079016	-87.92411762563839
87.56991338351605	63.17176167183775
-79.25545461888767	73.8879299634026
13.381394938578808	-109.35360656135828
-28.865229478118117	-103.99982361535994
13.606544252961166	3.506271864154373
-5.964580708392029	-1.7978527315922024
39.84932947505679	24.688521588506177
47.78572078145539	-1.244373960394019
100.61332951207345	-75.74389992585436
67.30671728837517	8.967526942961143
89.50941225103817	-110.08693144726574
126.41653507684543	-70.08924364442552
-89.74936563434758	117.9095054306052
-27.684570802070706	-142.69861211470518
-73.0961030045449	27.828887306462075
-60.06854387980191	-88.66650462259885
-33.77227412043574	52.98273615212147
-59.29767764021019	120.92767535952
-125.74583215380983	64.63512250849416
84.43444613207687	109.65775481270576
48.189234434347306	-86.18905980639482
-75.92847388706356	106.32511113859267
-37.9335657784344	27.50592486718549
23.667093944860653	-18.584294528937082
-130.1545002997781	2.761407913037793
-94.0713888899152	-26.85269939350085
144.10981510654008	-40.40073819374027
35.42249297648803	-30.552689702874527
67.25046319610148	121.36308349103759
-102.45299569779115	17.406971217035448
134.2090421941384	-24.470643476811464
-94.27881944186868	97.45187557700355
-99.30398157961739	103.67516227661163
27.715625158360577	77.02901645496043
110.06625819133187	96.20761020134604
-3.556355533624227	-58.308309385240435
5.390627963209051	-42.60561730588826
96.68427374036813	-19.06568520078461
20.015039302242744	-135.04319677855355
4.309505130502118	103.11839605416048
132.28137971769584	34.06738652170626
127.5965605139852	-11.7077271651155
-36.94582127911032	57.85451562443543
