-6.31844780982791	122.28183611776653
-94.9425601783605	-26.49519655717254
-23.452972190696123	2.703617422689879
-96.7449318077709	83.82811444393508
-3.671871249066127	-147.29563001852364
-94.46438653905999	-40.703439109722964
-21.599392331773334	-84.72461626430702
61.731834975931605	88.72720915713714
-16.852570925187468	-126.90873878940079
-3.82693703819428	0.9435193436309209
138.11966624158254	29.752673136720976
13.739081314608763	140.55035392126487
108.91744224199365	17.78185259352702
-50.55939303692176	14.045284428919402
-56.42083046181886	109.23516040545356
55.51829308602914	-4.387088953773335
72.41771326493327	-78.58425868272363
21.00968941842612	-40.807687022378595
-115.12305503873964	-0.8076572547228652
29.697513549616897	-79.21248325942723
-14.466447127929783	135.97069073549866
-124.53583064956476	-49.89603916256543
-117.22096160497408	93.40721791478488
36.10602653071463	67.00877762660305
33.475512676253906	16.429079055215528
-93.2323728287449	-35.7113164497043
35.42000933320506	24.939887240793823
-12.655180109522812	-62.097423500296756
102.09926784976504	-54.90894904454886
60.55281095802984	98.26648075680647
-30.703806087267534	5.669615566641765
-7.035067243369538	-99.57843509411333
-25.05700591035268	106.31118024140963
68.22990908472929	-37.08402428592771
107.06371339906309	-90.32349010861954
47.85913710886309	36.52701147424378
74.46569175152378	12.948025509971329
58.784788111217004	-8.759168051605293
49.30538722656808	-13.830330889958267
-124.19593987358515	65.97272284116487
75.11168078743759	24.699526784144528
-93.55937146846199	-86.6223669063199
-26.434837430361146	94.50292304393815
110.28276399557684	-46.31269029120449
40.022926041654976	-138.8601087603597
-81.31283227687106	-111.3189126590201
-8.474480319382474	38.47566780150477
-41.567442675086	-131.48842060514622
-24.563887685829542	97.7887749978168
86.29015017740974	20.791556871900948
-122.82620966304499	-6.515408098987673
-145.84851444374118	10.38691384805406
3.7567060248333695	-45.86868055194169
87.35280692084814	-98.24062450778396
-41.29527783477632	53.60625635690883
-87.86122991994347	28.86982924373306
-137.79977725601296	25.927577096912238
-49.82804677151272	98.98306620434417
-1.6183113072229645	-38.925000287700776
-105.88707031736102	-14.799348556029571
114.28298105725705	-68.60279168954187
-63.94685029193806	-88.37767570187798
14.530907889743073	59.53033338499356
51.041816669631984	86.07065202412578
-100.28530315044294	103.63700474693326
-69.6158679891139	99.81593410493039
-106.94574635215423	70.60491295670543
53.8908707706539	121.57033135265081
44.75080180195047	-6.161800259062223
69.70532372209922	90.69586775797194
-52.811657904447195	-75.29289897495696
55.76751186478906	4.589749778887509
-56.32029615131127	37.269146800928084
-48.17099016592234	123.5138306637809
-44.46253036548766	40.70120713833899
-83.8355107747006	1.012815695842808
-64.65907702032764	-47.21073892451453
-28.628252610534798	-16.571250421895748
-69.47153541984474	-74.64764480072243
73.47925897773452	-108.78520096451638
16.905026627220636	-14.582671620221163
-4.027003578414701	-50.161647480690846
111.95519532750784	60.58246058163075
112.1652698359672	-27.830280860336718
119.99260341703678	-41.16851274089314
-17.147070140146113	-69.88073389958443
-133.67323992006328	-14.705867994267159
-0.40371281395700576	103.90830509851016
4.67498149247146	-117.08944857274432
32.771633974422606	-31.614425404635867
-34.50547344038692	-58.50284547140192
-90.85816375725535	-95.63130457591646
24.87841665133995	66.4755918489625
-28.594912939829168	35.55632254882963
-19.47310321717871	-114.27104664684471
110.4088036726995	11.767229291650814
-73.829412397072	-90.70188127722139
12.33166516307251	-117.30218967468348
-53.83300867198184	91.4136065324723
93.56163981774903	48.54001202522056
60.6746241821659	-130.814048172839
68.88292183576657	85.24952720784925
-81.10712058771658	85.50373994324123
-20.566591834498666	-74.72500665061787
57.19903246724673	-127.78054508750598
15.193887087516709	-17.816505830351932
-109.93273651733442	-21.269593167483364
-91.86756223908517	14.035050773162842
67.51542990788934	-95.02373979413572
-83.04356365621675	-34.75108135197996
-111.87139109191993	-60.272463603255424
-19.57396963893621	8.6207412370513
-66.63958958306694	68.49582083971336
-135.73955595672538	16.679446719700394
-49.564343894964466	56.32842944995898
-19.103487211342735	28.669697241570404
105.61295965406119	-4.206474869286068
-76.4255871090789	127.00839537953927
-1.5235534048126063	37.96375138949335
-24.12118129157569	31.534737987960018
-97.39642427201846	-62.48247154462786
63.58207567424564	-39.797527469836695
22.64176241928703	-93.3678389563887
74.86452815420874	-114.37531799620923
42.31458532519086	-51.803197419307644
111.68425470508734	-60.916958501318966
9.978893271214481	106.07236085617086
-137.83930441080014	36.90358029877169
-111.10656178151906	97.70863286166006
-76.9851089219999	70.60389990269105
-66.0767603493983	-93.74657632055793
-105.65858616162005	74.95145320087167
-63.04676499901484	-56.526751324298765
-52.76211904105996	48.14370863435917
-55.204535494552466	136.59383456363727
-59.52334536804141	78.68174920931392
1.9825702899071873	-5.644733089392747
-110.53495841788663	-81.42901623113505
114.61018880158318	-18.89307417851544
30.56473519643798	-53.46367573950062
-25.937317140282673	2.323505121293176
3.8777072970612694	80.89077873625193
-66.47812527105754	-128.28919872149424
-21.189824285728296	-143.368555382766
-81.54135776751663	18.670442287945708
17.2552549391366	136.05404630312
-93.32829907316194	-35.09057373989614
-2.9190835493103857	121.30224980108785
80.65468956751492	-31.934436864728394
-74.30660786779534	-78.02506932569082
-21.172923596207923	78.49678244215801
7.922953219368394	36.22568101919012
-11.62358523599082	-54.78048425827651
-21.195992461320085	-78.04425686254883
-121.45320640264167	-84.94014830443989
-110.99560928134115	-96.99277344672988
-108.41935778236602	-82.87139472677686
-46.14002086747424	55.699951741549995
92.07153318105601	-38.19529997107906
-98.63226767866409	12.91470629186753
92.55068615163161	11.885642652853068
-18.41264160347174	25.899449679508205
74.93021629378575	80.07701671649384
-26.45726826572967	30.631401840669707
-104.42764907328699	-84.48690090884006
123.45487442013528	17.70041513400793
61.0663671224205	-64.86510198827479
-92.8260954513152	-77.09659268115382
-20.364405462617356	69.48829856698053
-28.982055011118668	71.61122083065419
-82.12298219419174	17.994997259073898
1.60551944250383	133.90363440125387
68.82607043532767	1.8781193966883516
110.96513159676284	18.690029110436697
-42.07071547553123	52.350405670446435
56.90372588758611	56.34987173024263
72.07220650337655	10.194417194263817
76.36238355798834	-93.17398497698593
-16.447032172663288	107.6145732833915
-127.36947987738155	-2.499275623104326
30.188499767769454	63.54039519678458
13.733331080193736	4.151827462410104
-3.9906483631319793	-123.6751389167377
35.955633609644316	35.93614444912288
73.47399256724047	11.97664250815318
-70.78561534002795	-43.2126728091553
129.1627544404158	10.95581771979498
-109.28716867549872	46.24803241960896
-15.556419949739558	62.4817582993508
-48.99982150802199	105.1260825443723
126.18941739573204	3.0920587501673142
91.20501886941048	-20.780558120737158
-73.96833000691575	-7.91370467067584
-110.99261627877455	-54.38521418708828
-58.966461943604735	-101.33118162262348
12.31668997901204	-40.01653050371006
-95.38658301004602	-76.82246863338268
8.02746646212869	-104.53331177664667
-123.49942600935907	41.21520723419592
-45.22365683748754	47.391619032707354
