-89.41809852801248	-32.52105696785356
-80.89584560151076	66.91919273501262
-22.554882957301416	129.42170288620935
-55.48691436704257	7.098724674418185
37.930788963052315	89.74233379056386
-84.97677207654782	-10.720497500398812
-79.24802048588872	10.108059997454477
-66.5946542270714	-3.0414686964189737
-82.06418223607933	-83.06386981771979
106.04370405126184	68.56597917408165
136.58001980172804	-18.639931890905885
96.886364313981	91.20288916881
-23.534350247380413	82.24850730674267
-41.854859633304805	-85.47615810500821
35.779079632660824	-111.32780990284024
42.54324876142853	-104.13722923959712
129.07768608857268	-1.1667600474836997
-136.12347486773885	27.1476987908786
-66.96365279059889	-106.28279443413896
59.44269484842953	-80.16385970592044
-117.54444305052347	-46.86403422421008
-90.63125240812887	9.830493597132481
-11.779602743615698	143.57128119830983
-65.44199216619766	-43.071653010399196
144.46525070334414	-5.72006911752658
103.00109706509136	-37.48281982286056
-71.94609242215869	106.90608148028808
-105.9544924792767	40.16932314815733
101.98235663526395	-45.82591384188318
-48.541539329840774	-1.0095076306083777
-103.48127237247014	91.03211992244532
48.83387229923234	41.79833283905924
19.157260550593634	120.25696624366549
-122.8174259899303	63.899756738461846
33.43018619129084	142.63102064465713
-12.12651909254752	138.2772867779251
-103.26022014727823	14.353662374843474
-90.26509640497275	90.4698020655679
20.948071107837137	102.30397674809991
132.62817663193584	4.464842344500493
-103.56765244792652	86.68087754609135
-143.25873807089266	-18.34768226952155
-127.95857266125383	53.99580890260868
-61.57441822230178	27.293635620426087
-126.93574249378341	54.18993299701657
124.28726830799665	2.6752560133278362
-69.24498593173854	74.4967814151391
-71.08669254101936	71.77015238147615
115.6759011951375	-35.858982596996064
-94.86859097708007	41.32292716792665
-112.66774741942707	26.846574888862992
-77.66558522325136	7.793400494885994
-102.32490815328347	32.719725275190115
-52.63804243090334	104.35529857863953
-76.3458119028435	70.97203294937522
-121.05730101596205	-68.11142775278654
47.493532933671254	-121.88516744986511
-95.96876795359265	80.4583311606148
124.6196115456686	26.32841312164626
106.81658030600782	93.01307669067364
31.296795737748987	-91.18763031960448
-128.78988734627256	4.69409071780918
-123.68232684579438	-23.250855650623574
-57.237988773383904	35.28759515408486
-107.17280663467758	-53.370321872324475
-46.52399107781868	-11.101541756845961
-93.68987852202754	-11.911256160190408
-83.13713547058727	5.452339241674946
50.545225642999085	-120.33897812120145
132.43326572974385	38.60845072741419
-10.737557505243283	-137.3011794932029
-85.27322998689723	54.82724708124948
-73.57269671882418	-4.092790040463571
-101.88457495242261	59.438906924337765
-64.93074310719896	-54.89710597591812
-96.12609924847179	12.60012743616804
-100.25577491809838	25.726881758822753
-97.26764051077627	37.23553867168803
-110.38796304231204	56.133517281318944
104.57929022613341	62.759731083320226
-25.0838212698973	2.9980752038777023
-28.493425972675823	-88.8953268750689
-87.37821501729373	-15.700915124706313
47.63442371516895	90.33618947361296
-62.909149495904195	13.19418829659818
-111.83657364971837	73.79039705147056
-127.20936662031265	54.502775951306006
37.771425855116824	-76.0747318158921
-58.026276184043006	115.40125222272395
-121.22008192792917	55.81098941766112
97.7887872482292	24.100738073393973
-0.9320679471359579	116.48903151821146
49.99851239100492	95.78493802643676
-57.33168911004407	-78.53459732306246
-104.34447475771869	40.41535617623416
72.31236177756861	-12.036335944054034
115.97014181723998	26.724047461666487
-116.72789880800445	74.10818863370949
93.83706692346213	-79.58145487305421
16.606062137907436	89.23920032201474
-71.74382306008613	-16.828764083562213
-99.6032011262583	87.0998497647513
-103.71701502956563	78.3402710597921
85.55328229389112	24.756351518462406
90.01594040874764	-57.317215640882694
9.536764180343596	-144.44990232182892
-108.68145416731119	67.56031319727371
-47.70251133586495	21.64981559148232
-144.32915475366957	10.489053715625554
-80.36486127400777	48.22251975612716
-96.99074648596307	-14.553557362831155
-97.17007638410584	50.13091211642623
89.2164835533498	22.3062901851482
-104.09810330448258	2.2437942689702277
-136.8111276927904	34.47563210568273
56.24403102586133	76.24794677176182
-112.1059017821764	16.00677046204501
-86.45439060591882	24.82763702441988
71.67194350247775	48.87422734064756
90.008499685872	76.70763613218004
100.4862495380061	-63.38441369912868
-93.59677142282167	114.2431718129718
136.21027618117577	60.78948153490397
68.70109473151773	-18.50946393870616
-86.29637807748216	53.92156076845138
57.91404083505912	114.12832477463124
-38.573088203341634	61.05433387618122
101.98770317058344	40.79243375565266
-86.90246848657182	72.11356304844347
135.5709724042433	37.028159871731276
-19.77296563692514	-121.82371692547882
-34.028555570244116	-100.11074016842764
31.04338564013694	-95.32932619187747
-48.14149189550258	126.65525550382561
-109.43824256827872	-8.016069355788355
-29.328057906066643	134.09823618389967
114.15377314847805	-44.397209127755644
-26.59177082321262	5.181576042542565
116.62707176419347	3.4558826832075535
-36.94237589494885	92.23006242715991
21.882330882818536	122.91595398868222
-57.37123449334225	84.81342852686547
-69.13413841031736	113.89496461559457
0.14628090509018793	139.5526800402201
-86.050044649344	73.86123856949091
-41.19350403898995	-15.181518919715712
-2.5131182570569464	-133.98570494212007
-128.90130504026288	-73.86073574897537
-119.5699724750597	18.629279862455633
19.76441440893325	-124.83693089040183
-59.47036208364705	-6.605710103015591
-89.74196386490378	5.019633976765353
83.45294049963688	-62.36666847746176
99.46815048811749	80.95755352792399
80.57197257497049	-106.90484126579723
33.92498027764979	-91.73762612025835
-94.48153605216783	106.90548177359297
-98.45410299286797	110.34682617626731
-122.95185351562591	82.01284032908991
-91.97369437882828	-45.76803928863418
56.591777608413494	85.24912822220767
-23.440638008894883	59.70103865943181
5.146990920046635	102.29894671168462
-83.1158333566903	67.76495043320546
-86.24649854172067	6.572884676635923
-15.55713561595557	120.94500810682588
40.37468669565684	78.65888860329073
-75.26940753059593	-11.09990739025122
96.14791026574666	25.869826471737742
-71.31551851967146	33.909791686005384
30.913266755766873	-64.59807424562665
-2.416315617739841	142.825572204559
-85.8343739997355	-9.544192979518401
-111.91377068956778	86.18428453278092
-66.16970109810464	94.37069505116027
-68.16442447523127	-40.96369001621466
-98.82519472107819	13.898649058409498
-82.6019903914821	45.68061882462259
-117.01883351258644	27.226519935081512
-82.04145300662582	-55.19751963265089
-125.24456001861112	56.12314792190256
101.59991528330505	-44.839181874320595
132.88391059666787	-33.72108102749138
-63.887978786937836	115.75209501072571
-108.79250138960785	-77.66980373122719
-97.75389819408592	29.636466584450417
1.7809893589555537	121.4350403944762
-81.18081881807238	34.15756820506349
64.03934270139146	104.10993395256844
-35.68553311707923	115.85875891647333
-68.69199738507997	108.4128304294536
64.12938574411424	112.04415347382155
-67.79960652202507	1.3001404302769344
-12.517703352000542	-64.12841279669041
29.127576982330712	-117.15078752170047
-80.48883989323132	15.322972790045522
45.03829735523253	-79.7529030676862
-68.41569444367131	-9.019161622457357
116.12541534817335	-13.387584137364541
113.40970396593707	37.77807569307401
