104.35878127889112	22.22317880093869
-71.32214597438957	62.31036459150679
42.644408857172316	-29.548930307777745
6.695185685733529	96.59771956519586
10.918549305413794	38.96073339218421
46.29633738963816	-8.885538856855804
95.54599787352437	15.135530428055276
18.479662635511463	-80.80585011722924
-62.5649285826909	130.03990558033644
89.40351955986762	21.456731143500267
113.55091704024669	-64.48253240949265
69.8129623847704	84.00428338068896
-119.2621680831614	-40.23012314865944
-11.518370640825431	75.63026349039815
133.53445544206275	57.97767758934603
103.88203384829089	33.69739194829603
102.27229907612374	90.80290989611518
81.66867525562827	39.290655189284934
3.1477294930686166	-47.379817989047496
-122.61394305122383	11.150472776987561
-7.281604895910395	11.025893058247238
-90.10551985306036	50.74531766314683
59.408475119671245	-28.43722725496871
100.61467682770906	-63.18730613542022
-31.766962040542484	-145.00967991246796
76.5417960160228	-67.75262987409485
-57.47411387160135	122.84313984306041
-78.42644525098382	72.62531853076212
-79.79223071013803	-69.20694053446262
-103.18910823163809	-101.4225642491935
-140.5725902474515	16.23511373296872
-107.89556861217002	77.71136815541169
81.33647763060021	-7.0803853196357815
47.855744376932144	-99.86249087579574
-65.13565993503025	28.19633937599009
-14.210756100034322	-98.92512379124165
-12.796812471427723	103.59071179486315
110.58100298090301	80.52169076433671
-85.20334799647038	113.58269106692582
-79.18685176628878	55.30274777318537
19.851063341595193	2.070096218974547
55.13485355213689	-127.86735048105476
-39.67047957824325	48.45124679833122
-103.50756666950863	-57.25843020631179
21.189427085055804	10.623249953524361
43.04442576292685	84.47528102411127
114.57987241095081	-95.16070426329136
-36.92413611501898	-30.036880613591023
92.912551958222	-30.005892897940054
83.12910208855924	-0.6528899017596689
-98.89684217695981	102.87807047015144
-42.21683721044525	133.3337582304731
46.031282641539576	-56.827309678224665
42.73857932083078	-0.3728890877428734
-81.51104344942831	-86.40927995395259
24.344954277322472	-83.52017252507652
24.366124148579576	-120.5329448018774
-16.522068715756962	21.206502702653044
-48.928005675905	-24.64818557363035
61.94869599972332	-107.72991367915571
-26.206672818322293	-63.96522527201485
137.68271264809346	18.41720235314169
-18.816306819563763	31.052239390261143
42.85776750799298	54.87764915615693
16.006178220685573	149.03492157773525
81.81367606351898	-55.233456502163726
122.40071689693711	28.892766099325478
12.09160571880864	62.9580151404385
-42.827665297777806	109.03136072853587
-94.87020862578926	-85.65646533456264
-82.19376876943679	-17.885991235401104
27.046914086490137	133.86055975475105
59.79104867456358	100.00962960646511
7.752736313965351	93.24785679030002
-111.99903780848265	-1.7802753144211658
-15.113574850687094	112.9101364915523
57.751403593793384	-19.731180110646545
-92.74885258902326	21.427287869125532
81.97392489139467	31.740571329744217
-12.337754431098853	-94.17054249407421
-62.20982509206855	115.13003909897948
-59.38323545922498	-85.61977291720866
-26.891286459681936	142.94744544911174
-73.38893150787281	-34.954027417417414
13.417841257369545	-95.77730444840746
119.68334526504898	-58.15862018605247
-7.7429614162264855	110.56943473774164
-56.38823460183622	95.54318548718351
-33.77372109988967	7.7129391728119225
84.95982182993443	-41.83683885992169
63.53960669531883	-45.32358503575345
126.66849041747567	80.25044422966127
56.27865133747154	61.406046061135505
-141.01535842594257	3.980040309453518
96.69151559230951	76.58988086472593
-49.49247540819149	72.25727703692961
65.90578953634652	88.80287393439798
-90.26810235803723	-103.7483830984164
133.94259591214905	-43.99054109703892
60.06115609419021	-1.2327677265347698
-61.901321737062624	61.71403441996379
-70.57659389203586	-50.61092717392173
19.044301254316714	-24.152070334519703
85.82967749933532	78.06161705363118
-51.40596831396895	-128.80558067889547
-77.87058523748155	50.21549243855196
35.10715800469241	124.17043214460335
-97.3387618998081	68.17935712390603
81.66161741955025	42.23123002015836
-18.947779412644344	-53.05494457547246
-2.1769340493853493	126.31329164266083
-52.18230264309437	128.47071102800987
89.97593213074855	85.65078934975729
13.231392117104324	-15.073027347777089
-69.69210875491773	2.8722989207293215
-35.545245609167495	-17.315749318566233
-102.67539948294002	-47.86908795333147
-110.37011298607686	69.5642575849833
17.622615794218348	46.663423809384184
-4.199491892226953	-137.27696540643038
78.02569328851213	80.06836579289855
98.98850778874052	75.66754984104658
-36.63570010546166	-143.22837383520493
11.097845996359652	41.948302108837176
-49.72534309170499	133.43511820886013
-52.622469698481034	8.257502197950345
-89.30832968941989	29.421002658156173
-35.61667028673021	-133.7491064087399
-101.96206992945656	-99.97227926931866
-65.74103226469086	-84.09208840038785
-25.891109972059052	-112.6809867972934
-33.39419370423876	121.72979444372407
-60.09160066595478	122.9880871043594
-48.3698585050379	19.858451671771938
-47.69112816688806	126.30168537801495
103.59544633781738	-9.833457407228478
39.43871495484994	-92.64779990719637
49.895952237567116	83.95319154290014
106.9724801217721	3.7615375357735092
140.58360151221362	38.72839316617347
4.141669875366789	110.98392432450247
110.28109458704606	96.35649841917066
-62.29868162689119	-13.243949803708993
80.11822259066584	-99.36865669136706
-11.24139093748352	-134.71830146081666
26.503682629013163	120.73919625430236
-94.23662748496709	69.10288955866248
-112.59239672538637	-5.589255234134984
51.40272405493471	-129.33945963143998
72.22010081509106	-115.20115222713414
44.23915822501738	-28.18498015087764
-137.945157472649	-8.02220749175851
-33.10924322258616	-90.66599114683294
57.66570329922585	48.81439683035523
-128.28551760891534	-55.79084828290387
0.8103853408198307	98.58955962655767
-122.64061340733359	56.10245513390055
-51.25422549382531	-57.44201979417687
-0.4125866359721511	9.39358846595473
99.95828924553189	34.002533014803994
47.39013008101086	3.0514497160802585
129.02146216010598	18.080965167235995
78.7058411237322	4.132932925605917
76.83978551794894	63.85667083503396
2.9204822827176855	44.15570175862119
14.442848000318346	79.00150145220586
132.14686239177263	-10.988049568862252
-20.129745498920077	54.822635507159774
84.01846037794	86.61401988752783
-137.82623860541378	-40.5710443541305
77.60607406375826	-96.29965920479249
-59.001738251908435	-121.5186524461508
-14.137571021671812	47.45514455720571
-69.55085858014985	-28.357435635300657
-31.07328207084645	-138.4253420322988
-17.39564074958246	-125.64739547367654
-60.06275119917229	-103.83846595494286
84.1095523861634	-88.65852897571379
66.13116536919703	-70.32909382870216
-27.847504166947413	-15.067870555225912
-120.15794223982431	56.67454113870218
-77.82708528106379	-95.98954428217422
42.86418142303077	-93.81237867930761
142.1937756122877	5.051883105155689
86.85898899335038	-4.371326253868917
33.304259248640754	74.25002061347953
-137.6940824916957	26.043366930133313
92.90599906305486	-96.44012427497603
16.812109424448682	106.32214593530418
-53.66044652321323	7.879601305332438
46.79066599908751	51.475641650449745
-96.04890254819357	74.42941692291943
41.13980128005822	83.49218287987554
-89.83365956479246	103.68490932474855
-102.37556350140576	104.37064581454034
134.51199275472754	-5.775346209344364
92.11814402592059	-3.003258000870024
100.04202542644313	87.96043318607492
-13.375871938175962	-87.91202251674054
58.10444962750639	19.586344942621015
