20.97457961081515	86.63931801196551
-71.91598938864396	98.68416841773002
-117.97513616789566	20.876517561061522
-21.99472935915905	-110.70501010273117
-101.7774645423502	-19.54346643199642
-129.25961263326948	57.94885008653609
-49.01528159465811	104.71408494974823
-73.24225723378932	11.655241131369317
-74.58814531749306	53.53007775913613
48.86936272829555	-44.845742314334366
-56.39045332550563	135.9249716810395
-115.46685444204584	67.43524881680685
-138.77242656883408	42.18731791874355
48.3182960865927	-89.04648867451787
104.6560080885731	66.09358637582831
74.41660828120283	108.57786418542126
-124.07412956583369	58.05019768805705
46.85217219220681	70.17363818505734
-123.5124195387274	-2.315363786968059
72.98352618539771	80.66779143278877
-134.77777454299496	58.38505404494188
-139.69637954886554	26.992940792218675
24.564490547472325	-82.25278829577239
77.02975906567072	-23.240751599171322
41.759565774492955	-98.28705314094408
138.83817853153232	54.07252569536931
-74.58885462003107	-32.07504896448386
-130.99403744333844	-40.41087195998306
-42.121397632790696	-32.821494012445775
-122.08633799705262	58.29348353410729
32.28354804809662	97.06291423755337
50.11110906513762	66.55109311715846
-139.79278854890507	22.67704931554008
39.76776770132012	119.6162080560538
-110.62901336720817	-5.434774229735829
120.94454692839614	-25.319829102571795
132.31179585408083	23.806160025664706
-74.8440850251477	13.668572737995955
-69.09833344882728	10.22684283667184
-1.9209435453431436	-71.67647622467727
117.61494445588507	-45.525716240427855
-97.96864593049575	70.4203557936722
15.059105049109382	-113.50973174282194
115.77720284194122	28.582647805660375
-99.17934353911843	91.87651984266623
116.14065497572743	39.757048410942204
-96.15951879908839	99.95281856374415
146.74937301448867	8.213291851569302
75.96924413472749	-103.45439363419722
-88.65930174369916	-9.079693917725278
-127.00656465389845	36.135033225760274
-53.88287362049256	39.25064359946035
-84.83463222325022	90.1833992494917
90.25670542569128	-84.42772483269998
-116.28358018028206	52.21555885319632
-45.86560267179043	104.50806128365171
88.87520118778252	-36.52580963967684
53.51765049125388	-78.77912868690105
-124.48354364089504	-45.017682651380284
-66.67989859135872	-11.304476032146518
88.40117446728797	-22.02358353707455
-78.23185609017983	41.516742582592634
-87.53961116743552	90.10673161735669
-56.37588975207101	8.898963806518214
-49.02425670800193	105.46212687997313
73.11698965874606	105.81241719068531
-87.06041614016021	21.64910086600901
-137.61755514909677	16.39682503739781
-72.93847402150568	57.90235337383142
-71.56674358693755	67.25487615362984
112.16847245670134	35.69899166755903
-16.00890124378248	121.9069098854294
-125.65778193383494	36.1159401150463
97.66461687252628	12.4051159135839
-112.68412363733805	76.7561056645644
129.4901192786014	-36.375254340386185
8.382413197446532	-135.56582412552243
93.63118968727241	-17.917468648338833
66.62616155108839	17.245075860113932
-75.78978337226442	93.62535443507103
-95.68570952309568	72.86022082315404
-112.65621834077142	84.16327513313153
95.73797071886099	89.24685185712343
-83.57491031969943	96.98235818533462
-76.5366637305694	120.08590648502728
-60.695639738152266	-13.217667339691152
-96.38315022156357	31.077660626689216
-76.68015027478003	62.99965013539149
-105.017474393464	-35.21319120655125
-97.62440031925935	1.930351180586646
-95.84574774579536	72.15337022364764
-90.33175423523157	114.7626745023214
-88.41908315211529	3.7675731867450657
42.61217851959715	95.82337981970139
-75.93470150440666	41.140174102888366
-72.4288724365404	49.237801294964214
-115.32554423181563	95.7711420921986
-60.764528445269235	-54.15321694813132
-101.64519073172406	-20.795015544643604
-24.671141373452226	128.08484699604824
99.50043845806685	42.582309552425954
97.06664827766119	8.234624274700941
-62.09599731776382	106.65417348248118
-51.80009164354112	-83.1089774403683
-83.9333435334388	13.20368092074616
117.0375348967006	-22.790489781005753
-84.31404723550726	20.8993590394901
132.98718656416338	38.51399074961452
-90.01235329394093	9.658641879232524
-83.68749567387124	-96.12605475429947
-50.4613003311003	-29.51589685310364
-121.29174137468239	30.85306948311542
100.09041975076916	-42.71852245777696
-126.93812123660304	62.66099825116237
71.64699355184013	-39.324691000428764
-6.641468165904445	110.43017254698614
91.28320538007837	-29.215570481189204
-41.448526359690916	-15.410595759903906
-77.66410343736254	50.20074676825258
-67.60230350924382	-16.037581881071965
95.60437498446183	96.1462480639119
137.8318478712775	-11.545800292603323
-90.01779873896021	99.14878852290597
-88.40328715642818	4.668297152132108
-58.29294671133472	-33.728615795301955
41.247318553466854	105.20336540536779
142.02483968365928	-3.3857396177795853
-49.47888607634314	-6.334764886237346
-89.69110265788164	-18.726516257461466
-134.7487752320115	-18.222038906414845
54.33856547338508	36.72408166137853
-91.64041507426096	-29.75440340199481
-34.99136267775147	120.05140550100761
40.124164816060656	85.15212676850773
-86.87026671185583	64.56240978717976
94.43080617216535	11.970643281905442
-133.7576285300547	7.802896639053927
-75.76464311412587	-15.762720210159458
116.86031057181731	52.407479744352585
117.25586685553849	-84.90019116314528
-104.04994828069844	-41.6838272120645
-131.11729807713488	5.509870498485473
77.61758384884705	10.744735756187179
-89.20992182264384	43.67883403731998
11.744599801704284	-110.71171056308465
-88.52540744432173	114.43451076664776
-75.42420874586846	33.10803664891369
126.03396087535444	17.941531076770524
-109.75680259826484	81.34058567703936
-64.08595979374641	22.60467894823223
-39.36522498783492	-65.67436045538356
126.24863376006317	11.523114516588457
-108.18637055637298	82.76035602331325
-106.97678782959045	-95.93471693710849
-65.39885670982305	127.75874019644431
49.684697634806184	-84.75475424298014
-82.4640567945152	103.8786970229579
106.59797071506578	50.25396425681434
-30.62942648615472	93.33030006891173
-103.1161694263885	91.38487156278558
-66.03343855564927	118.41928713935901
132.5242852961718	-23.040072060380584
-99.0808245772806	20.419115202252552
58.478500909826145	-98.0700747965798
-64.72839956056255	-20.135759156137087
11.53699657305984	-140.65284776220895
-122.28711724509519	27.989794991213618
-37.57559714703286	134.37129185565317
108.05435063251396	61.37554451833662
-73.16381861993835	53.72726349287539
-58.59809012813078	128.42451113211794
-99.54242768720957	10.57130950748146
-98.38114520703357	63.042457192057505
105.3592464295409	40.41721095190466
-49.18389767442284	117.06734008243428
118.74330632860203	57.243465595296534
-50.43519316133437	61.7205414712239
-90.90990735352457	-51.35032369663984
40.2752841739158	124.56132262737525
-45.0849654451894	101.0440195308713
130.74977248916338	51.854222324673195
-31.48543543379864	115.72268091331185
-42.89467680903321	-5.181963437871361
-62.8134222308427	95.74102326363479
69.42670311782834	-91.33577884738264
65.2033287848023	-73.57410391894643
59.47273580797888	-120.52742218439693
-133.77944646507288	39.91920261283519
114.152941876669	-59.96589043632966
-102.65291305210522	-24.037470938273582
32.600824573051206	77.6898941053097
-83.59211044265014	62.07200020152938
-93.98745101294823	-66.51553479245744
-93.19696494682019	64.8012871749516
-61.774387587431	-4.764136406983229
-36.79823146532173	22.024215864900764
62.857688229684406	42.49046308637335
-102.93872564329239	72.21819526427238
-99.45347883713	101.81359283363378
-91.83214117268456	-56.08216066323704
