-102.4384116646534	-58.32936376421147
-92.93440436794485	97.48428032278736
-48.37937416134413	79.72762886040677
-89.0664335767183	67.24006482303518
-93.69884994128287	98.2664817078765
-99.42744235492444	-47.5607512156894
23.534327666179756	74.00989714512602
-126.02863024060282	47.50997509333233
44.65755898885773	84.19557361023583
-49.999761627576596	72.39304805715987
7.456709014349595	-93.76500515735907
94.94604108810249	5.526811853363031
79.56163302493609	32.36878808884765
27.774942910001194	-83.03949228913318
98.9887349617447	32.753526984269094
-68.69909415204016	-45.25149675407196
-51.68208396579353	120.37109487586578
-71.9384711464842	-13.081821272993169
-53.185625118937146	-59.972778418252524
-88.2783117708554	7.208854562262845
25.886440828757973	116.18588899773322
8.13271683463119	69.25769008797813
-84.03350855957522	-11.931077277054579
-43.35546970541365	-8.81861117777412
101.99411710553088	-26.29379502217577
-70.00703293667556	-95.83622849159707
-138.50471911920513	48.850267859447946
-135.9598626707362	42.6958705189625
67.21661795691399	28.784771334695197
141.5938231502547	33.31116791563972
-133.38119269012077	17.913213169029067
-70.60108468314242	124.88525997080508
-124.4079076372427	78.52691976056106
-100.23699956353961	78.13192330611062
55.33899405207583	51.951469525778926
69.71294572167064	62.28263977724478
-118.1216732152676	33.76673306581241
114.3932635986225	-8.029987842627126
-121.94791468593475	53.58686107308697
132.5985261545545	-43.5562868756828
-40.99450385860362	96.56620336853233
-89.44199401335585	-47.23704785555791
131.88394304449253	35.08488656463726
-65.70995543032588	99.0092735674249
-105.52755256602428	-34.19143913455007
91.41705512920973	-71.01589272769895
-109.70778646199929	21.41138113354445
-123.76478872649533	13.159237068514344
-32.98219097655911	-97.55456885063334
-132.75007450191964	-39.34986014596865
89.9692345959938	-28.644017826646692
-75.21205129012277	119.28641119971911
36.71533223888203	94.27722551260264
-66.95028398058884	127.64290426160781
131.17310936257093	30.675580007533274
-57.28459301229109	-90.21628820076808
-115.77483082022232	23.60305829526083
-134.91839339384603	-1.6134474404227988
-107.56795836423673	65.64154117332798
-129.7894475399415	-68.97004801525641
-51.951807601893144	120.63936436353525
-80.5694242275156	-15.295962066154548
-115.77628984934327	31.588095204033046
-123.87899785939987	71.59934483933742
66.64617795207319	-80.47575796605318
-60.43324155772564	-10.599193555340568
78.82174536604863	20.771601512369358
-58.46283762581083	-9.223706747203106
-20.02535798417116	-99.71363817253791
70.28482699988945	91.83757291018478
130.66331445120346	-5.53109755260189
-49.172036487945455	-24.01329973601252
73.64338827014016	19.608091694177602
-62.421965522352174	43.30342775972054
62.3987429556113	-107.16985590171657
-29.36893670181278	-7.693266196654123
-86.6577937413333	-29.272433047199133
47.41601316585279	135.3634879693877
-130.56584807504564	55.58984081253294
-105.1566742900373	74.67166663662253
54.54642598293955	111.39583005476494
-115.80019925433729	4.026592423759689
-52.986836070227554	69.40471067119613
-77.48055147117579	40.44715103256599
-117.3683672557595	42.39348381049758
-77.01417144890996	-0.9857686009928688
-76.84564697166672	10.187535417653748
-117.07274221398843	68.9244109782037
-115.2137227533368	26.50064463788511
89.52491126492382	-18.078557401546263
75.89210602143608	102.83018052728674
118.97393729033885	-57.46190602020278
-124.74817532023809	51.494325272020134
73.09447237943145	-96.41142783364344
84.1914744821951	-67.98938887164168
98.61699808064628	87.4191267306153
-92.13127685296377	73.68102540554285
-113.82255451610129	38.0119974035682
-52.2561306101277	12.967370704882557
70.27725404900535	61.1186307023614
-42.65361487687511	12.127657348831034
-104.13047892579989	16.4549692804857
-109.16896151654771	59.642658100634705
-67.32831802270356	113.34070481541971
8.001719495745817	116.67633756869212
135.02905707491968	-60.92593977379533
48.05521501684643	114.18714431149692
-137.26276081239288	7.850524817574981
136.07053893486744	-19.4717008629572
-76.8142648121167	-34.29248518140196
0.4663909524867429	124.37554022966359
-115.26264133641878	16.504376048021218
99.49639010695665	-19.898288329585217
-62.3036309269133	0.17081213663185144
-84.31666103274549	107.07457180415068
-28.884227768696796	71.19151117471448
73.94844472936667	-111.02810067732305
-72.84189004277262	68.87662651726683
-18.28119585253785	14.191786240764099
30.122151291967505	91.31025061369758
-63.69601053898215	45.276273885622025
-95.90233275954351	100.06709985653279
103.97973553395286	-104.66533015530364
-104.44190885334778	-62.18748461826395
-52.44949586417806	-5.543199302305681
-44.24343554214271	137.46711144461472
-105.63829673676788	50.18986855796161
62.927607401417454	62.3247253317153
-114.74836422038149	11.419330522011935
87.71104484862023	-45.61581187912523
-32.82602835722272	130.10999978111053
-134.63511576354986	-46.546883241759005
117.77425316453662	53.25053826676727
-61.308841238077584	117.34307651672307
-102.44787565086014	38.4913909053685
-32.782120329218955	9.230776594924254
-34.93323598406987	106.17925116994495
-115.27196283892768	59.63408287289322
-144.1414179792512	-17.47547298638279
-88.58560869402685	26.01291442376499
-96.38134460463192	95.78543864376837
-27.104100479943757	-111.5167268661204
-79.83053632016446	82.93773431841146
-85.07753701401656	63.837457538469394
-102.29480037185876	36.61517137276833
-41.91605723835442	-11.012756390629514
-93.10559224900518	13.809616717378889
67.73822400905361	54.01690027403904
-88.47957291914976	117.74016475416943
74.25027324058917	62.924852932532005
-84.38968112613242	52.35047147330882
-103.42902850540887	-6.412291846070578
-135.42626485427593	10.369310062157556
141.58173211233537	-2.6696799539006046
-49.863355210372276	68.51391393056969
-101.02739230163111	30.48442132557301
13.33454877742485	105.93911874852711
125.35576500076982	10.593085505968327
-89.08459496719054	114.32464742791448
59.48455629053569	28.277226493227836
-109.81523291549676	-5.071244629437316
-99.75269140198716	-80.63010928599695
-89.59233454386977	42.68879869133342
-87.79211181618527	24.31914328567227
-79.34361560701863	76.2690858463211
-31.903332631715582	-7.611896176120462
-118.9594856613896	51.35753691574202
108.41893908952738	38.96057445505543
3.530083383170136	107.69620773341771
112.00130492501393	-15.137016455072505
71.70623430348394	70.51708270681327
-67.15659531384973	117.08352330472225
-88.82689350183875	33.76436122058408
138.43805107889892	-41.38034427439248
68.4886607100536	-76.50935884145966
115.06699998587744	-16.05080136568755
-66.73989070658008	-10.283998427440535
-12.012026143531735	105.98951494059496
-44.12019574142971	-17.350636152838693
28.031861933279643	128.14971222319517
126.96533540740714	61.375974822053216
2.706575790921602	129.23642219124432
-66.73302684871885	114.12311539756983
49.055040371694986	68.19706489812141
-52.290305991043624	-92.48264375026581
-129.43137918538972	59.699034060249126
-112.19488327925816	84.12369790956745
57.53836958805892	78.99131813207757
104.68762510714318	92.02240734512279
72.5531982965136	-82.79569663237402
-117.57363675083552	28.658042705312855
-47.53192134784172	56.808015518947975
-104.20131299387282	95.47790055921703
-132.7260992522364	-5.69408057344929
-62.85299580388917	21.26832275449087
-31.854786472430945	-100.47947302907154
-70.94234567098543	-18.60494253229333
53.343101848197755	68.96031131239017
84.74934072141846	74.6089182180641
90.52162255680287	107.33377864192741
