104.44998272579552	-22.648775875892238
-56.206540248794745	30.467488314284868
126.66212859270102	-44.709048511999555
11.097473175399658	-96.26752381522726
-123.68989927033098	68.38510849147107
-27.416713551718633	-93.96371578615278
-128.16717938260405	18.54479564836712
-51.92368922470582	-4.6234754194054
-100.05675621020295	36.09892988241392
-101.29749325323978	-47.20910046720254
122.47176025108978	-68.68656180451461
-105.30461987577563	99.6498564717661
-77.7362840590918	-15.05197443748135
114.33477828799279	-9.535003647279773
55.66046701953421	-114.02544925586372
-57.47529300215524	36.96164364107883
99.34792278407963	63.82268968682587
-138.02045454803113	42.23276908758478
89.89345866271557	5.432676203028964
-75.32928932115209	71.57720969437342
-116.35689846669271	60.0468092506569
32.645375422385186	90.65331771955026
-46.897958084305785	119.29142400476842
-87.1508498161542	32.541428365607764
-1.0018290103191092	-90.12920472410394
-137.90596306949357	38.12525169057524
-81.57005314748035	-2.2842281463083696
63.338921422343546	-47.179880213991034
100.9981573874968	48.882780090386376
-108.08069390646456	36.9785770450381
116.15444524679098	79.33002136742542
-122.61511434267952	3.0061083875131924
-93.7605260159738	14.885043097420006
-99.92187025923468	59.684408940794526
-85.016001417223	-53.377836311101966
-32.55161617836849	27.698975305605156
80.94358179980232	-71.69874081279423
-54.077342093220274	108.15149372261754
78.07049072488033	48.90671001997154
-129.00445898639182	54.166320406671176
120.86028714666311	-20.51222420093948
-115.13176182747551	3.7873769691158796
-130.08453165128645	22.73708163672474
-71.8014669002505	96.8523965042665
-69.70382038571915	-53.62319615282199
137.12139606015006	-48.84049475191631
-116.49999142581943	91.40012845170361
117.8190511098204	-3.444351254857353
-75.13285476888292	-53.62329230095275
-64.63727607908656	130.39746348459016
70.18505920923312	-89.87984908180914
78.98578450646927	33.931074201814766
58.90622736002692	-71.60650408636573
-80.36461199014218	45.75117663543199
69.21015120995044	-109.39458705948253
-79.32551881617678	109.21482632076332
-68.74939731164751	-9.681411333808377
-98.11763691644093	-48.46064628820416
76.72883796634692	-5.1413689500770365
34.1393055843374	60.22599509743922
-70.44910268450519	-6.3288359089932165
-42.59840669359589	-16.868905318478344
-82.82574830011907	-5.0938230235561965
-141.75742878942634	42.794919682094374
-71.65263652089253	89.166445434426
102.47948108610079	30.452100158295043
-71.84026702809854	117.75183350664572
119.7776015171942	41.568848021042356
-20.27885779005368	111.66092858483218
-79.96541621369029	102.44977558106102
-40.35937690702496	-30.513499693863096
-60.86963015215973	130.49375362901537
-48.48680946682981	27.160722450249494
26.394577066125347	139.7766955512363
100.71904636451842	74.76527379904482
-128.6689974196258	31.3065471738862
-111.78221279676863	66.86743651007441
110.46581172204327	-16.767992555068734
-90.44884207192429	-30.06828041052352
-61.4355491732481	129.6174918124018
88.44799263561251	12.09719483495216
-53.65051019537906	-32.9542112235378
12.770972172529843	-94.93592464772907
139.91332973751383	25.533052151821348
-65.97301791419846	-19.10671560656521
3.5849064941823	114.65461668399332
-109.11142763673466	-54.56215974812673
77.0921308292304	35.33017138300667
3.434816490751968	-139.224177552417
12.477554008464598	82.41076330150985
-123.24638702791707	57.24982169338189
70.97606087442983	-85.94327419780136
-103.49135481033525	96.97622566544351
-103.59946014414984	28.117524771062
120.56929549060182	39.7824102002015
-123.39935784955037	55.088485417543126
-114.62485055051278	80.60134501994375
-109.85842712885997	6.067998338723406
-54.165011517889695	-7.77027383052011
-91.35817985186428	23.668176433418996
5.1150354899580766	-83.97681880273767
-114.88888886896066	6.546060136386177
-18.695071553484524	-115.08453318715908
-79.40956608989252	104.45361150477467
-97.88658472136005	47.83315874915319
122.62018389430081	-20.393904331384093
-47.439905307802405	44.9706577246011
-140.68064110478366	-3.8731228678921585
-87.92979590994835	28.164140510110162
-94.13642433631856	38.17227529486899
18.07997243145155	75.87529606580797
-98.06763422122269	9.524298191250555
78.36390681812465	33.43994420691814
83.48811632825523	74.81291412882904
86.65606421862896	102.44621623008807
-117.54720290292049	12.19218990580632
-20.358429182384803	43.45649666249613
-77.64303368051613	46.13664750183675
81.86875225015737	8.737616744618952
135.9430978979596	-5.87541998235915
-98.84371090768049	-63.84284362540972
81.23149921793305	-68.26086378488243
26.75062298411895	-63.1194889791199
111.6624141131305	4.980190905021326
-44.67746245630283	19.52941902139495
-65.7232381590112	87.43305187136903
-116.54359594592685	68.47208070624022
-119.45181567756076	85.5654790407597
-3.0626979935799614	-134.7438357352276
-58.5403687637018	37.97990792538906
-86.55961034515182	115.88295043583491
-95.97530187046331	-65.105571891597
-19.68057856265254	88.3907157179727
-59.17186969528349	15.570177954590672
-81.94452156304256	72.8621465302496
-98.23283924500356	-23.978783322233387
8.061508845408339	-136.9096251086887
53.89459007397289	-68.8780448941255
-37.606386399914484	1.6359479010668665
-107.1164194235795	0.011383195828962115
-66.83567796584255	-23.673462047583754
97.60355843902467	-47.75609660084656
-91.4931448942249	76.24208854003714
-54.76901873768495	91.07625864330284
77.55211406262718	-80.52705014250358
-100.24339259093233	33.01300933517368
-79.43713918718706	89.43134865246186
-112.70643989462933	25.61704508514086
-114.28501630211069	-13.777442359533039
-114.33789137379674	61.642327273035136
-64.2565566372878	16.14843030727646
108.95156439879483	-40.894964419763035
24.89422616564754	-133.08855779677214
-102.93426396954725	108.12122905311774
-120.39067603336726	13.7049502421194
-106.3854398604049	-25.058655978446115
-43.59317640126678	-12.542921505869252
-127.91316278393283	59.88968092512193
140.58166392401984	-39.83048660731308
72.90170871792895	88.03990731865231
-93.6933644895017	72.11324517041525
-85.81603901754552	47.13714199463311
-119.38493583274533	-10.388510479271007
-114.93567825244602	-26.416308692538596
90.26870281071074	1.0918575574841851
-121.14919901895786	37.22678861630694
-143.37527022460654	27.51548803110324
100.39623188385286	15.176557176573837
-55.96642411011118	-77.21629276499185
0.41587134214498034	-135.1634280124113
-97.1087579117197	6.050331224356856
-37.168421078310175	70.7409940250199
32.97696323474027	108.70839998195949
-82.78097001094316	56.6864107711149
2.410041297233068	146.65086151842112
-49.3828285981034	14.481344497366058
-79.99598022546725	-18.404365511078428
-103.22383894586204	96.94278870592267
-75.85601020262528	7.356902891916302
-76.07628339651508	-8.417716229782341
-34.50991420662939	83.94440852021424
-46.078457613592725	59.43282845013805
74.46099147372207	3.333846226927443
28.243760799945306	-137.22434830393047
75.08295514600857	-108.91752366248153
-125.14806964412375	-24.509339000674828
-125.02949944063943	72.17858584037675
114.38655006775306	-9.86496369920294
94.06789842699538	-16.74715506213784
-87.48752287946091	68.32457278004244
95.78054263587066	7.99024501094767
11.185206051117364	-120.36145555511997
108.08583924567712	-30.738695015199824
-43.910657169879535	122.43856479067853
24.20176176827403	-108.47924467392797
-62.62594199537313	-31.11140486119885
-74.88439770044003	117.91454654653934
139.07518369633883	-10.53937986304916
-118.53244851871044	67.91406944756818
99.98926119601538	-33.1237133561931
