-65.69084436341305	-68.56570722219472
7.570777287004394	-103.44759061957964
-110.59944838613833	-0.9644077833648752
58.050933285318386	-53.079087831053485
105.03334717285117	27.137170274403072
94.48161529788987	-50.257619878461114
27.917648297886437	79.59026987157544
102.0864413483228	-90.87280084054969
-89.99202396820921	64.64024265471532
42.96071764079555	-75.0362939622227
-68.99188481956244	-128.66715334871483
61.87499886455846	123.23357419799204
129.40807942773694	-73.22414040970405
3.514560625690306	124.75139295066133
3.3957501815668207	92.18722392278902
31.194235664643937	-73.11829225013692
96.1181786144738	75.4052201277334
25.967425789513932	146.26710465449986
-118.71630755815072	-2.743651234243197
68.22054143353208	-123.21645141289815
51.67387289839422	68.80870626785097
-91.42946150176867	-28.233201645710555
-34.43316470071274	-138.58409021043516
83.5574650920852	-100.23797095629922
136.58648651399452	-58.53087996980975
28.510080874671484	-128.9161355591112
-57.593576817450156	-82.30785698694069
-99.94107870192245	44.28104824752135
108.4647659921203	92.17913602705961
-27.884537193020872	-107.86335868930244
75.7263697444161	-3.4580115719874605
-8.226070454556064	-98.65990853533437
107.18910289245166	11.296281256084361
-46.636838961405694	1.096132559650822
-97.2259569370654	-85.33330808284613
-18.354475398104146	-46.08228220636737
-18.0469786405144	-93.7280913747151
-125.68230523187408	-48.04126441155709
17.088092861597755	101.13520761165516
128.6647516846481	-48.89510065021103
-28.843657892927546	-82.8273695442415
12.123586158797918	146.28682535900148
-30.133485201459077	61.684785686838914
25.881763955596103	-13.823080583071407
106.52871362855393	-91.00126586993153
-107.66581283313766	73.02488518213467
70.16441395019866	17.221827691654983
141.99388552686776	44.65895916339677
-22.484624218654023	103.90257254894026
-100.7248051127376	-106.0824492470112
-92.02684199831977	-53.797841109321254
-68.70878551063414	-76.78724500858016
-20.519751099047813	-98.41014632944912
86.18270818094246	10.355410353525038
86.5508813054444	67.21033128711156
-64.06867002673003	77.95951138154192
16.18317866623126	23.76782388622916
68.13588922881038	34.88973131206501
-43.816112678973674	-53.622861468580226
55.75422184105859	-128.09671267882726
1.9156718569828899	-116.0642265684836
53.597029239076676	-119.62536610963592
-74.0089590757392	-126.69356663179222
-11.068524490128116	-119.86814171186461
-20.28331452371982	147.3000745367721
83.67294360793943	-3.6782699949166147
26.39362002772007	59.11335233153713
21.07586414123221	92.89930263753776
-24.919812811690097	99.85985061818393
140.233930682952	-21.910714260200955
111.94000341539973	-8.25200058685857
22.568796951716685	-77.87632432939786
-89.04394045205098	-93.70404491424486
-105.83630330017483	-13.41251241872665
59.372291853222734	-11.086015009329124
-38.170292371393714	-107.33812929749381
134.65213097581469	-48.73582565049997
-55.912676570730824	125.82838110658025
-57.72844100176206	99.35115240298437
56.32923786402223	-72.87927259564708
26.03519868481608	35.76577034521838
96.92051934001687	-34.25658631304279
-129.9403469475279	-6.1068469418845055
80.58101365149007	-40.16041499899008
-37.75355425875751	62.22718630746132
-30.727107096589602	-141.46338244602794
-135.1732880440776	14.600871880050667
-83.77270270594198	-85.69326530302786
-55.455413669893936	-1.52392024483797
55.88582754241857	-11.714230193996665
-17.146275397718053	-45.03827314341254
-0.9758780079082074	117.75280322438361
42.998241746778156	-27.41010994753002
-37.608073006614994	132.4565771078898
-103.413898649392	107.92255606252121
72.73209862689832	54.34037159674294
81.72453724139434	-59.402622580485804
-28.466137367505407	123.29716341243251
-8.132011298572204	144.98211280902768
124.4033519389408	-68.12426829973805
12.305753178998147	-33.82875382820316
38.99166148961541	47.78876323788318
15.782268933925742	-129.3420154274997
106.37046454039384	-64.69481589888694
48.22125761281663	25.925444646932235
48.38015974707043	-94.63515857165991
-126.70569546966564	-38.91010068051097
-34.10991685056001	-61.31132785512388
-139.87308863762587	6.2841768753633245
-11.1205096903699	-32.68331680972218
129.62970011933513	28.205146002155438
9.387927458498114	-117.33623508237368
82.37250907211602	17.514424023844484
-122.37128640287445	35.30227473972015
77.33343647699775	107.80895136100364
64.6497714970783	-129.74256780145393
-35.42351701698886	83.7860642685765
-119.10676381670739	35.34056271000886
-104.96796259671538	50.40429604036852
15.318230643244195	-107.62196974941904
-140.5506389631252	16.729870159256507
2.0458385043360527	-8.190183937384026
71.32351082614127	35.503069455530955
39.485702245709014	102.7234988107487
-60.04576579130671	-20.152032090039214
135.09720001312226	-46.644866358491164
107.63660115619415	54.6374618538895
99.91734079527252	27.728908879022626
75.0065383302091	112.71561021756749
-63.63870307743165	-78.07083180412083
-90.28384634864953	66.47194789472216
3.5960737568827255	-6.997546248384632
81.60148824674785	39.616398691766854
18.46141851326422	52.74430447332607
-38.514287596995885	118.46790690223845
-72.60784801065282	-74.20382054999561
-32.642395853621494	-75.65724704921313
72.9095718802551	72.18325265670784
64.44130459210248	-23.748489244016334
-78.10236043529945	121.30321729192814
-7.992652258278206	-33.91904689512638
-137.93065872520464	-21.14276892447721
18.270416686324257	105.69656863213905
67.08260713349799	-97.08872222506666
34.30422780836333	-75.0456289527761
-117.13910152966736	89.60539755335338
-67.60833055316274	-42.08040169131948
-5.657593583038091	114.96845902466472
-55.16618651512278	-138.95527240910684
-51.030459298724494	131.22696423520873
61.21892712754788	-91.21219233353274
30.37686330138235	146.1529094569499
125.07873395192905	11.667570525451286
-7.950857582112998	68.06278885631757
34.57867449686055	89.05183886279839
-86.63553991050554	-4.514780135853566
25.232886328410252	84.28291572815503
10.828083316574192	-130.35728785643835
6.213569636960395	114.48714956712173
-7.819471715086729	-28.212441809622764
-123.77302968737824	-66.5043457539005
81.41371390606722	-7.051265760467425
149.78042611136178	-0.09319036768694663
99.98410358381349	-107.10961891013307
9.119056653106052	-145.1853433756371
-102.14873730158087	88.40818151693898
1.4504294174848167	-70.43930875146776
105.44149203885854	-29.433458805701466
70.2759067412218	10.397405217698427
-74.27881890555793	-18.037594427935435
23.41624172240765	114.88295972821216
-28.328801445113594	-10.781177075220313
-144.421712233382	30.906096308724017
-127.78434731591285	-65.88859509847178
-87.85483052847853	-29.134157382032082
104.32411947711667	-26.711105845318915
-96.95327682000745	-32.98104072626552
80.0906318019556	-115.90938579966962
-52.870842061324794	112.68636242615585
-73.19665110562627	29.995888617762976
-98.54171329709729	18.53264595091213
-17.63712121282103	96.64712312467684
-106.96633630378527	100.7136742658795
-51.153157872786785	-36.43967516624076
-39.31533366199741	-21.67422727966253
-92.13152742420586	-106.42229737287595
-84.79626425913435	113.9518684865551
-56.29148721981177	128.23961144905843
-81.91845536020294	-69.18343206992158
81.79277636853571	90.30056129387881
-2.1443854561543385	112.56584820067573
38.152701189723345	10.341541381810691
103.94307984818106	51.01099226579417
0.7274179967161511	17.486828652455063
84.86854374288507	10.466470178452743
4.175838665480275	144.7727368277126
-46.500345554521424	-68.40128968167026
134.82966067239857	54.47074501474563
-69.17103904689866	29.04102947607779
71.8991869418849	-43.68246018117992
