-38.05673120934553	19.874610067151323
6.760506430442581	18.9451370504632
-48.73162310032705	70.7280503091527
-4.75604473404621	-57.94323407946151
-77.18687992864062	-120.13103720611305
11.14385818684823	-61.90354999208224
84.32914243771452	41.951839065527174
-110.77870422423153	-61.23579600208168
123.3342271251917	-55.99692643166232
80.74731879272463	65.02627510702149
52.95018556516658	35.662523253455404
-16.26184791396949	-76.35898658887257
-38.66187367949029	89.06205474564881
-49.21191101737744	-76.03661008910997
-84.99593044966495	-24.916437211467272
54.25892483394871	-4.762311979369923
109.91009176689627	-92.0285412338955
-11.299794615972836	-23.27742008976553
-7.292088859380038	99.23141295613655
-11.101836871112972	148.10125860169674
89.98090890671534	-82.14149168272813
-76.87369270118617	-45.68561375835908
14.007656474907456	-55.59659351324778
-140.0189544962356	45.62703155817527
14.147598123397152	10.70227123019773
-61.473310255997106	107.48140520557801
74.54351579287297	119.35810555114205
4.727224614910337	-23.31875575326941
-39.08152431800694	-121.61031575905601
127.37027865384032	79.06112662917602
-86.73363882205352	-82.8808267308304
67.92981118317392	-68.67180701783529
-45.54711594695522	-132.66301826217799
-111.39277541521828	-7.789905635107417
-49.213150437380826	120.1685685893003
87.25726264157564	-74.90792636440717
-25.966697563486598	13.68503557267125
42.57988501927149	-54.61424380476159
8.666212616879031	-41.19559653143663
19.80418276220758	-44.81371440467301
18.579589992695308	-1.1926614921912155
-0.7593360521497153	-97.34287563339366
61.95612368612329	13.457356808025384
38.34819507947482	133.3513691165595
126.7436358842214	28.49377752269365
41.86254491840699	105.56519178357522
97.17574862896458	39.494988907254864
-75.87127347834056	-0.7708915191597169
101.75589262877149	18.22488127558324
-118.33684224780345	20.59248585692659
106.75794284003199	-78.75843443658533
-0.3835613556170172	-42.86839595234849
118.50827319173946	-43.54589167633292
18.90052700432946	127.88351068878087
-110.01430997593258	-21.76525031624238
-29.004947181392843	63.09433367844247
-110.06075318796591	4.275959129141417
-99.58667290901965	-37.32766292920598
100.7950175126504	23.32041194592008
10.690701202938003	101.24281211918772
-14.00006603606312	-47.933009425082695
9.209423841657053	-63.484387228636194
-42.4117489454984	-19.779169384461472
-9.639082498778595	73.23140863803857
-63.7039200768164	43.24393805248003
61.143896658986506	42.13823424099187
65.93097807329744	-19.975238783915703
87.27456498561233	-94.49945147978309
124.34535386958119	54.36869008911548
42.97723125913703	74.2490064996258
-72.33255761154885	-40.41535812376361
15.182319061598262	136.96797091781443
108.56062011785806	-47.464508288893214
2.853626726706232	-81.20479740913356
-18.477732606372495	125.35888473070227
87.98834553379517	3.374800804748851
35.12041747066569	-109.38033460995196
-132.76760416578205	68.6077908025302
-51.55462924437848	-64.2494641676911
-33.31407877059254	140.80840589824265
52.95204268139568	66.41355657750425
-49.86288381609437	-98.33688863278216
-96.81789545035952	31.239884547508403
12.351437249798066	132.16857474680913
24.055868791212994	28.211715918122167
-103.9205588006434	-57.53928484181006
-20.018831505946356	-129.28361316495236
-21.77985725668695	100.74173402307518
-4.53715694241603	-48.461302644280075
30.276552780361133	67.76018857076994
-65.21950548819578	105.06685695853206
-4.563413663388312	-141.86795420211675
-52.11379443372976	-82.2821128024187
-14.440247770541665	111.35865495589555
51.59277453553236	49.7679509532
92.89667801396584	25.39698367521553
45.67717079928722	-74.1037566025421
108.16067136567673	55.23218263915845
111.74824892939199	98.32626950060008
10.435070530207968	134.8719280380744
-61.96067114489362	22.013141350418692
28.20482108681059	-110.46382401883096
0.6119552961873193	38.65086153055976
-71.76810388739078	-20.123064338414874
52.48008149610424	33.47743654345478
-84.73822355208073	19.214787694000357
54.2730483100909	111.03040363173209
25.592127729546107	102.86589633548721
-97.05359027628477	107.56885683431072
4.928837440289554	-69.01127051488506
-3.4196021928551703	-90.46000282752745
-74.14478150596891	43.866095714830784
53.530267681089846	49.43371345639826
-28.648891615435648	146.71599542840417
-93.28832868075254	-3.140462453302962
99.18830200225591	-106.41021007004093
91.87342184536197	-18.57222442564236
-44.019100956160806	-51.520690238739945
-30.621487383536287	41.766816383116016
-48.264462355642905	-130.07964298832312
-13.858212979784737	23.024917891736038
-103.85032389547136	-104.4700362038777
3.7981709671762536	96.92716937205451
-7.948471001332887	74.1804873813795
104.94396738238036	53.65912489867442
-47.944922915460936	26.302598406710725
-29.684470152356145	-27.241652611706243
32.93785472089056	-132.43950749059272
36.18318225799744	-90.80677150275959
107.86322686339457	-5.124432941101405
53.70837640427202	33.03135637096963
-37.141312005611766	1.6026366893343216
-90.14768963929033	-12.180190366522815
35.85422888750771	-100.51251140745721
-13.464895429961004	130.5407430012402
96.24985642382646	44.82895430066064
-51.74593331687684	122.18333062696462
50.70346342638928	-5.137736781975796
30.612626256681747	-22.40601447508303
-47.29704909125913	36.569944496631194
93.93592112181095	-92.44628482526113
127.95101592752223	26.710816479204237
-22.139365407211205	51.871226136032426
-3.8335496318699507	-26.125633157117637
22.153702172427618	122.18042823966977
44.199126406758865	131.49249920754548
84.16474664024217	-99.41689278972135
-50.401195831647456	-44.97439852381776
114.33456275057387	-7.8984459360775
86.53078951590258	97.74022293728021
-46.9246715549308	59.61728819537381
-40.88451056501515	101.00581580617948
61.365129382021706	-57.52981822792045
-2.3704318085983913	71.20272426599112
-89.39459277910443	117.57706678686229
89.35855877618333	112.0184899119303
15.91409539038987	-98.86488514287582
4.281898026213411	55.30977963464127
116.36497699561677	53.26449524330607
-69.63257252551078	30.07624097796197
-47.80301806029599	38.81394202711368
40.70416706380741	83.23204720989872
72.92500127969869	81.26232149408219
37.27656270291759	-28.334877695426567
103.2708927934627	46.897956727697434
15.08134106515435	10.857789085972946
4.407529792698526	141.58964490551887
137.6599719776393	-42.028801123635034
110.38636084405434	65.6425452250511
41.28917250222895	-93.76868308236058
58.96920837360727	-47.516297745769165
-93.12825411634338	89.83123246537471
-39.42949689467695	139.32247420482489
-26.316316211536957	-53.61398941737862
-30.020121533070043	-97.8763866432446
15.76980410212681	-82.73270265976404
43.440492342007786	-78.35568823395616
-11.019140261597773	94.91116176541733
-56.45896518840442	-135.01038107571455
50.4817807740822	57.192010691263604
-105.04706091080881	-7.093755958920713
-111.02846893870671	-95.29505337380802
54.50137828587964	87.98226977551548
123.5973348028414	64.45686986557
12.371769369721678	34.19278790887397
-128.58197884141515	70.07038698800427
49.484186168339285	-42.080472042781125
-145.51215291115957	-29.57620051009278
-0.5951723324092236	-62.85002178370406
45.87326408077961	88.84749556381415
65.52817080707167	51.47703265594755
6.436220454576686	98.52046508669444
-29.331892708101744	69.1118421002127
-140.69588596573405	-43.866951705573335
60.90132141799624	-56.3013427121101
-108.39928371981232	54.29807372712818
-55.22341620523912	-6.553077032637011
136.13646289775016	3.9473888599779956
108.07146455720789	22.956203462772546
128.35810851473076	74.57703252661109
