81.4591102566763	40.14447803237252
-95.33895877870596	5.0352395015314455
-109.33415778488714	29.05136215664387
-54.01333199135786	-36.16511027846749
-104.16679132422614	85.35385889346004
-83.2226849539073	120.3050007026416
26.948480557816517	129.05981854068932
-39.751269639829324	10.080584320789502
-119.93720663680992	-86.93122773303381
-61.73942088329078	-17.86970874543301
-21.704694361615722	131.35489077274704
26.814643338198486	56.19844101674193
8.867698127694487	148.91966947687067
-63.00646703460252	-123.13316400146445
-50.381431299068346	9.645530881283756
-62.36782797286744	108.86856445863442
-123.65226720282988	54.48415339474401
-141.80348539351363	15.482584056031618
-51.46585560395417	-23.446254869229733
-130.75291951610424	-4.370573592669305
-65.19781233102887	22.60563894317978
-119.64653856348286	-8.762545343776521
-125.05783076068901	74.10882648601444
110.15271838456611	-17.555854059156218
-83.09813543751342	-14.702359512596276
-30.852529587353775	93.75320146778589
97.51086611192196	27.52208383838736
76.73979774305538	-76.92043192213588
-53.441244251353844	53.363180474711186
99.77504545801354	-52.82915762719871
-118.32139898470759	62.1751092025455
-68.44896729159605	-4.52223769617021
107.04696708694142	-49.24622295104033
-90.97134005474574	76.17861108858409
-115.23368232368021	83.19623088451561
107.03277558636302	83.97719393650017
71.18015719818862	129.7447042119325
-120.26588393603929	34.957992474778564
-73.00712074382342	-58.74809350625203
-138.0173325912232	-2.163162764248288
-93.08549753873851	11.79603949664452
-103.63785421849447	17.604546573217185
37.28522701969116	100.99827560950474
114.00079578883366	-70.01805589572226
-4.97782931283018	-108.58046743794755
-76.63764819691238	-120.92637721137176
116.63092687936185	27.508485904375455
-83.31435328622092	-16.65837628022893
-126.80006118051203	37.68911958744215
31.996637328913298	-90.84687671224148
72.82456028734273	-23.876357859787056
-28.070588710646433	127.03785737813354
-42.06806733936752	108.9403984841458
-91.29285292142983	22.309575561651958
-48.9740635767483	-15.398673321895563
74.11500972902968	109.066020067319
-84.19198982534097	63.392349694748894
-88.35820238692384	81.61041934783673
-92.13959343176924	28.13547041138575
88.01604714105588	37.42060259154095
-34.37350892570337	74.36981708243451
-74.20730632333147	-62.118497866190935
-11.673937060641375	-106.68865483624019
-77.14444834875431	-53.10014439020796
-9.248870659244863	147.00991307358663
105.09951681706518	-30.316048241462333
-78.35898612189044	-119.663906668523
-53.13434089596646	-1.3009033668602779
-81.04011094216756	106.86399699548518
-71.10243586869777	-29.654746654383402
-118.9355705237613	24.69925206671468
57.66680371410327	-91.5588443503248
-21.433437106443467	88.17073187366202
-36.23144949970982	9.970115571408748
-142.8260589321684	-0.6838519208911441
-99.55732586715368	110.63119152829276
120.35366928442393	39.29512876116912
65.26353691565525	-123.8796856417192
-73.5931841262242	114.85742939097565
-34.37755772760352	45.926532930059984
-73.19349189320685	-55.95632627828491
-66.08402407511137	-104.78278144096907
-64.46876482671624	9.253860230258054
60.181269587305586	-77.35260742510623
103.80013686559761	33.77640140046424
-41.444014684491826	-7.51363139299934
-68.44167512743923	15.228414575136254
128.9690919781057	-13.53447839449067
-29.5176811659332	-83.23532321976187
-50.088118264562205	20.487271633041033
-79.20429783357933	96.1372312139015
-123.99557119359531	78.71680482611919
-69.33130358045803	76.64264716357037
-105.59847113492833	-2.57190914555873
-132.49343343878152	-29.86326167107367
-141.09838383090283	-28.082671142936565
-87.6976326794503	32.69109184156916
81.54259859174975	-88.18041491027874
105.88044296851265	1.2532722459020802
68.56874700359774	-34.0581810415672
-62.058944854881815	106.8725645915207
141.6128799180573	22.332390915344444
-135.37970577742655	44.071436974919166
-131.4709511360278	62.83438849664989
-135.30287316425574	62.07798269707679
-80.51022390292172	8.03781889084495
-131.9772280116147	54.27659294836506
-96.18402522939073	-16.084583702719684
-102.7807562731082	84.20133768753821
-81.96016614995163	16.799542408346092
-53.98948010552173	-30.37184711667465
0.4185838134880687	100.69507381515393
-102.66338837482692	31.479689431663694
-85.52858532145076	100.51502285926848
-64.98204673527032	19.264722184773287
-17.606783497616465	95.03302082451954
0.44808475602830566	109.60934000344933
124.65487233696882	62.41670020344907
97.95440858615292	87.60496399323299
78.3279847822854	86.75501367718267
76.74906546903583	-30.05993315181671
-40.04761606445457	130.3935050491723
-115.65771873978457	10.867151881200677
-143.81915143317238	-10.539399482760485
-108.41206872410778	44.13635232557007
-47.569528623709566	40.39454364832776
-61.37757975285459	6.527538943083857
97.45712152440007	88.62095069859515
-106.39007197321415	46.38030104756073
77.98226563609805	67.33282219603836
41.631089080046365	118.17905594503951
-117.35656921094603	58.14918651319974
11.557692947152482	93.5588571650948
-93.43568835941475	103.62449503624927
-85.29905298613043	122.02389978546731
85.46016688523308	14.56482544748254
-78.94664969313996	26.02331302775261
67.4538360647583	112.83803972005204
66.51610942060782	-88.38857241001206
-114.54897537397817	15.825434591283395
-93.08534050955501	105.29265523818147
-118.84642121259387	28.925596842996306
-139.27759133998458	46.856537807471454
121.82655339224378	17.999062176698388
93.17965170886637	99.16891329674111
-120.82146746649912	11.713996200375123
-131.11099654314933	8.357980777173411
-109.7891379899319	17.11862825089699
73.07999921272086	100.59782915435557
-52.92558137214075	-12.821280086851726
-64.72203364046705	-26.989565547713244
40.816821489505394	80.0823900912397
-89.50997884796593	20.709946477870503
-141.04210763664693	3.859406383906192
-101.56699163421695	76.58309139166465
69.71301343702967	87.66487677416902
-81.40700713246224	118.5037871178839
-37.697722663812684	-104.93556288459396
-73.68705071839301	96.43338003323608
87.50394569653812	-13.901659546870171
-78.27911775200725	-0.33470478018031363
135.56329670842186	45.04050664620397
-104.77028801229343	75.94984415965342
74.24566007244596	83.02972580393346
-112.0617436880254	42.06143411917447
112.58912538215475	28.62032620509299
-97.93467678573666	95.26762332583033
-59.04274040604316	105.17697802640933
-89.13119570049415	-19.95599064351207
101.12203890001064	-91.82878466715084
-75.09785831353648	107.02124415761587
-92.0823846834221	63.24014386109396
-96.80252087058442	9.544912600542638
-100.29138287545078	81.2241721278789
-101.96254304565757	88.42137548641546
118.87514397763921	9.863881388956251
113.54419038169785	-12.698948878588407
-85.73526212959077	7.160164509274544
-90.43067767944142	-84.44361307896368
-88.05210109349525	-17.212844637951115
47.3043730615384	-108.79648567438674
27.481163906082696	115.67454320332806
-44.71090146308601	49.837848305212276
-88.2924152027068	9.550866938926111
-44.03357822961732	84.0373053286455
69.91108837843755	87.89766409752033
64.47999685641233	-17.587120999751438
-28.967693737311805	72.07445359561487
-131.78477491005654	22.41267936900792
11.453998829403066	141.81422970678415
-127.18111895548076	51.51018281564087
72.42389940605823	126.61485202280048
-114.72698972164015	47.66526996975165
-112.0475616878413	-13.040780565055721
141.43097286559825	42.12594055516148
-76.81373714521345	67.13388258960197
-74.83569601428212	31.769408286876228
61.93839355922636	31.155813006392528
86.99351051901441	70.46269797799283
77.30055576850717	56.14247569477434
