-82.1345465718808	-55.19032775417332
-115.79150829768692	48.81071209857222
14.824073386499306	-64.12529963335248
-124.50398254106534	52.471951983271516
-114.25740824118061	18.07395701571866
65.58491457828215	126.17695600357824
-7.4626212562488154	146.83830383594938
-37.97418097180199	119.47976926291494
-94.5127824943359	88.94696200760566
17.869209614476123	132.47172858050044
-31.190223695530314	101.31525906175217
-126.86089873939738	11.37008996548055
-27.760143639317285	46.03373231221601
-2.5778121922878894	82.19900767046745
128.10158152732518	62.664754415896006
42.37729030273133	64.7976262689157
-120.45555798754054	-1.0519916293641853
-96.3312330255015	-0.4939314798382523
106.5160421732753	-48.979036168215565
-39.905966812380406	-9.87111068942487
-90.7755648398178	83.45363953141967
93.60404004003323	-37.62091571925308
1.8064975558423446	83.08170901582177
64.31510956682516	-96.65887682355182
-118.68630623637954	31.301388770652096
-60.841831149992075	58.745657331369856
-137.5058238824192	23.125966711131113
106.3083181938381	-25.199346417651142
-49.73665499097902	-29.632782647115857
-48.94879670858951	-13.757888076029943
30.21567432167065	118.17704677732438
-108.5620773391653	95.54977656345729
-100.73020476007845	84.0011853459207
124.20130082616996	56.455377113284776
-63.11064693925642	36.1013382669362
72.4033499899928	32.04473981790365
-132.96012935409243	49.77692326827125
-62.13719062523095	32.82406186565938
81.17600108247599	-77.1103550710835
5.57424970324386	104.05227579088638
-98.53282888610376	-35.945178468926485
-62.98184259110283	7.978091480726096
-97.89699200705213	107.85255211936284
-66.12669879594962	62.28049637962234
-137.11906566476765	41.57101094857766
-125.83759249643113	15.181377266135902
-22.716509437916198	16.435893437574467
-90.81412880416684	-13.386926096643883
132.43909540921737	9.618142152854476
-84.29326297804012	-38.59889647061643
45.583866981633406	-78.82579447364614
105.77118046867928	16.408287419922843
-54.344681673653305	14.669586041643655
40.666976395946314	78.86605006882017
-121.75277502994908	55.81441598808178
-108.45647094793887	20.483366705140003
117.6962135206348	-57.42193027296721
80.03085508560918	-47.722169946162516
94.64804792849594	-86.66995548211678
-74.60330507009434	96.45369853665838
-115.41132779245623	35.40385807759243
73.51349892980649	118.32209720561075
24.17376063389998	-67.11522156888286
-89.48386702116763	119.31902884012783
-55.272372882310236	83.42004501268934
-84.49820114276625	109.03503265743527
123.43804060091156	71.38067928327965
-57.10876265794981	100.66411523022069
19.02468152886235	-83.14424153907088
-86.32301020711111	68.98644068014212
138.2372741944374	-19.967897376005126
-90.93231224840129	38.14695747637518
103.51278896798466	-1.5569201794083745
-50.58450606999779	58.68961019750373
-66.1903291817839	-98.95512940890654
123.76613669167084	-60.5003326720691
-101.98997236190037	-5.387081048427505
-74.24097931840099	2.4681795545808605
124.09069985083876	32.64643003649841
61.58357164587888	4.839121731390056
33.836025223047216	-123.5191381453911
59.58231423048331	-77.47966479352102
-62.7281360885399	-17.57071041724864
-47.880444745946335	-117.17952193578033
91.6166910631872	-38.79839434366002
55.942547097866424	85.10136337387937
-144.79559848909773	15.829524697419002
-111.6285136242354	71.2712111476926
-67.84451459056906	-26.580309071472982
-74.18407239641566	117.22430557959304
-75.55206465880265	-1.3591223065345217
57.48311727290203	97.52744788240007
-95.15675764158517	-13.279842597850418
-71.89442986635325	-6.162171258539009
93.91369988356884	113.68996262310078
52.17950922043283	117.49074999088775
69.22892600365196	80.16846650119378
-73.96515321912241	102.6073560305549
-91.9221144983844	-42.02776429836601
-74.233323644115	11.506532232540998
-127.82067327724891	-44.25716972413384
-63.499104101398956	18.903631166150287
-84.39746531552672	-19.867646033258264
-72.42776432460278	80.44533524817696
-88.45868832748664	-5.970920289950071
-64.2695400475248	109.65954886295634
-97.57850556776502	-8.0421329304751
-65.64076660392269	9.853323350993549
128.93422978755615	40.94612901649866
-93.49123194037271	88.78173606664605
-137.43749233567385	22.152811712138327
-107.40390422222131	66.58960811319685
109.01583341928742	-31.2971931791203
-67.65396456278621	123.12654802132683
114.41528361627745	-17.905529119346934
15.96456277523914	104.31588724852179
111.12094371979079	52.3040788314184
-100.65080046473075	68.25374910623735
20.989861822490283	71.76509858622812
-107.69044294784796	74.67819056150097
-79.05596243123114	56.75100343162602
0.5242976775541044	-91.49841085936545
123.06731437285664	43.08065748084208
1.1067444445697778	110.11822184308029
105.0032917969571	-73.09512485142908
-117.76399498068264	66.26144834085852
94.43493183515692	81.87612685838155
103.23974367111	-39.734896621715755
-111.67967647649972	28.21511387859235
-129.77967224167543	-58.19611183612915
68.88473331470709	91.04471035452053
-110.90130789959149	27.741398939634184
-141.81201240960664	34.67717746725854
-107.8661543190385	69.1061796983893
-78.85145695226667	72.20690970734925
-91.32237220782639	81.4642749287792
-75.63672483572132	49.20670266401491
-50.38326201112859	18.770349825871655
-5.996066864443136	62.822720376361566
-108.04035782438424	20.434863569149975
-81.8678277087094	11.344842409361876
-7.151042344783941	-136.55082672330823
-148.3470595380667	15.577261368938766
-103.69202878976691	51.344688988318126
-105.55744016592578	77.1899043631799
-44.91802061397308	-12.286588571713636
-65.97363378464723	11.824268691783333
-79.1396034314981	-81.74441606012218
40.90751392844551	50.9642626603958
81.79460126134182	63.19442023150032
83.856160023549	-3.1596414346939383
-105.70088624212566	26.813408270685617
-72.42447968035785	-21.255462939766232
-91.60443881721734	63.22656767594229
100.79084819579676	27.749157101929026
115.89035130012743	-11.055074646107725
89.5484778369302	-80.282680330589
-108.2715082048623	50.540414331631965
-93.83114657347635	-2.542214112333771
25.432122518861927	105.57957009606983
-129.76600737591173	41.594121752312866
-102.47075454762408	47.86080052528109
70.31738725689463	-89.13477651306196
45.17866811454666	-118.52946763810183
87.52677137821657	-94.45210103764667
-91.64612532616059	43.93140517023436
56.45510399414125	86.39983928799226
-127.47987639827139	20.468194927624538
93.76012805711338	16.137545741516064
36.74392504511308	85.01017417881084
-56.584204882262505	52.66030591194996
-72.66263352282643	126.53387555281604
71.76752473814273	-103.552924941291
-59.84450696145886	9.929652587217031
-131.48515211091166	70.73923303905573
-110.827335929475	9.061932300987278
53.78086576164292	94.12531978544871
102.17597141360741	1.675520265068205
137.79207703606676	32.392257156476674
73.68407952955485	-18.355613043540824
93.6056694203555	60.34644047225983
-53.93543955670582	-28.193110889601463
-32.07947505064223	6.6450099854971425
-85.90693283760234	59.87813590047786
1.8595796755241223	-138.90733525594638
-47.76368442887927	132.41232616646448
109.06354430108163	-93.67289805821828
93.79370507148724	-21.322236273111336
-62.26273222864453	77.21923440588455
-130.38968181460632	25.053983758823943
67.2677095451081	84.6277335600449
90.88505396924002	100.99963373035789
34.745214450491346	117.04369019389378
-33.26893710368755	89.51685070955945
-94.06064198976775	90.62665028136001
-100.4081907137334	80.49400649617802
65.373106093643	107.37629567068223
-115.13427962025933	78.7785501869991
114.02539465628877	-25.330868576657323
94.8714749973934	-1.1766462816744176
