-99.560175430318	37.46726668596918
61.647436931441206	-40.79280840107689
43.798836073554945	71.12354691235254
107.31946109367567	-8.909302567850405
1.7780010497240681	-106.61583345136305
111.37360382621246	-37.70149651738525
-20.484315461272256	129.7923305230528
-106.1389186606362	94.14557884856302
-84.19672006357536	80.52756795062025
-74.57066254288819	-15.511393928512039
93.22220438381382	29.41036929393037
-51.087175425339545	-41.74717561831199
28.26586182140403	-139.4997017213919
94.38688218200049	-93.2462395716196
-52.71649266736006	-23.23858388268766
-110.89945115970353	95.19303558237534
-58.60940958394357	-43.08006485904189
-129.19010413551499	53.8135326688144
-106.77602236488156	81.29207966682088
-32.44322618988037	-3.975340363718242
78.71052270558232	22.849802340156995
-15.975027739450468	110.6132744471236
-85.7725145834501	-83.6490962851321
113.07138533428241	-11.960237537374663
-132.7222970560048	-8.525757406711438
-29.205908466063246	130.76501771744674
89.70349434747521	-0.6838950661180743
-88.75667064501151	57.084959456802494
117.1335820384708	56.315819783139965
-92.91717111456133	99.93776207661408
-34.90599238918657	110.98037535619966
-67.25200656544915	87.80739605678991
-82.86057594878372	52.97508964807696
-82.0847522962742	-46.92666628134407
59.824577515792505	-80.23931057371956
-77.25405189764966	71.95154655362884
1.2000629791911612	-106.31986942869081
84.47376557175731	-15.714438903031155
12.553402017505766	126.11817319890801
110.23598572471168	30.349589165926584
-97.57568056133623	-105.80246093256763
-102.11718853819823	72.24784830026918
-70.43295217675879	48.25335905893106
-89.96360545997516	72.03222370762938
-17.692813119037538	80.19555091618335
-107.24910107021869	91.2684079562533
-20.988322396259672	18.577041169172034
-103.3636879004355	63.16900733766805
-112.03159745167638	81.94218331704309
-106.67707216161533	60.45504742530662
-72.88837964597516	109.6930332550613
-44.41566896634841	-55.10152491686236
52.68506988675881	-78.82927191055137
-66.80025817939561	41.88268336780017
95.96318791927708	-77.05494644383592
-96.61809386444654	38.21939873728704
-108.77042535275483	67.3994836133363
-106.27251098544025	81.9445409892287
62.084653532302205	-94.14270432083163
-139.65604688945277	-24.228653629938744
-38.93255717355866	-14.949814817701956
-16.551765639597637	127.06480349032654
-129.3937601951483	1.0226426349717965
-49.05639923276165	62.18934045841665
100.9594428178762	74.11145650346133
-39.21806819892681	107.2723800206589
39.39396546592536	-124.14975309200896
109.2489649506641	25.665395006259768
146.09135070962557	26.36189963934401
19.308577641587323	-127.80908261759548
-49.816298593464495	120.64459100447313
53.61178874103813	-105.97730690759599
121.24938518894196	-2.9958226467692195
-78.37971750501639	47.0147816070372
-123.73803524395159	42.38365021121738
109.25763067232157	52.19275032309749
-85.73979655956079	34.035858094427994
-90.36644782776726	-46.492241329755046
63.42496412608416	109.54466273604275
-29.661478795544536	60.98542459247303
-102.43225310644509	29.922391950543066
-64.9824951966034	-30.363331654089986
7.967471500261412	116.83420704023472
-73.01915412348401	29.29436883434224
-32.99244203104228	-125.48058026780329
-114.02095028861018	37.80213725008192
-94.3072253215528	58.80180929312328
1.0797078130146165	-110.23438774483823
-72.79091126553564	43.88216864686255
58.35817229980239	-65.44914650842091
-16.469213554610388	129.48444429105623
-58.69617780928057	-10.49743428004261
-67.37125588702213	11.57364684464728
-56.12026949904104	71.71319436261591
-9.634821650812002	148.88241924733578
50.0132753602126	101.54094554480241
-28.184198051534114	129.66851249028994
-126.39801233237705	29.313946600412734
-6.720464176005263	-95.61398663046853
112.34113937177706	-73.17950587480996
-93.06570104262214	29.83352151976853
-42.58581276467172	104.3932626060944
129.76756590815847	-53.99931070055852
-71.29879536761516	-110.87090251326926
-112.32160889595565	94.52753141720659
-101.50612728298094	78.58751629275993
-83.97107857796182	-52.55776030473695
-78.99113173098361	105.06403893647455
54.234295803388754	55.30474040688452
-94.89110853909042	-8.458822413396199
-133.3397714902266	-40.510227406045324
-122.77972107860809	-26.586942704078037
-116.18537159935748	92.80742427873878
-21.953090480676266	-1.3587749274758094
-85.09419189042808	-111.71275322397543
-75.26571111440413	73.51438270056205
76.03373469455059	42.94416066598624
-92.17138307170399	40.60468951826441
-119.87463058336999	79.87097105684809
-90.55508290002568	-24.532677074008223
-57.159871128929424	4.707724864403726
-114.66323609441943	20.327064668476325
-104.89751034973685	32.74872763083006
113.39563799429494	-37.16929272761579
87.91150084632619	-90.53983718109518
117.16238775211733	37.44021406388485
-139.84841575257215	14.631174794602073
-116.5677295150663	42.66278020991751
-105.41650311768518	103.80899756565039
-64.10958614024004	-93.8700733122569
-121.12427841129876	83.07793790341044
86.29117345985537	-5.301528786838854
38.95251332585182	-78.05365509806646
81.08839303639792	-73.77409437986688
-97.71467150482452	19.079069928490327
-80.03174625375918	116.91160242380661
-111.79744197091162	5.475550120058017
-108.35060346955848	-19.021101102939202
-88.22255814497795	-46.07276044503375
67.10460364862669	40.682484193170914
-82.47345232911674	-48.47218699753947
-131.4654020564161	53.73582709038831
56.12776664720839	53.28413660198357
-94.3504300347083	-2.305600795885057
-139.40953333809364	24.61239667961913
53.6511620554424	105.65509261619832
-18.60288687132992	-133.4755131760776
-41.78332005315562	7.1480474615653975
12.069558426255112	-126.60466508141707
18.911368112274182	132.58553528624802
-89.30278410078138	57.5192360376402
-100.96570045697598	10.561254068930145
-61.40971738470088	12.66464374148688
62.330343439532946	-50.47213574076881
-133.08303601435566	-1.5681487356314088
81.55516996521344	63.94708503884571
-110.66564816706804	46.28091878599975
-83.01804792617125	102.48591356569268
-123.08597360062546	73.76475379418328
-31.11813445447732	-88.88906842391478
-106.71488196523262	80.18141268497278
97.82918128236115	26.247539627860867
-70.4605069185555	-1.6643668557421003
92.79179983107268	25.39216556287068
130.74961727777946	51.03103912923587
135.8017986607953	61.78290340383292
-43.289490743735	7.738076796125654
-144.17937321650464	8.777972702117463
-39.99586380390163	112.99017157984812
-140.20189488553257	6.106433174127707
-111.5174418653615	12.425057432142898
67.22750027929958	103.53497694321936
91.20733270473126	116.6726512256796
-72.43724418091604	-83.15239670454179
-125.12233896508349	71.70802464978257
-34.72996800606371	-15.886290468057426
71.57993436124985	-53.299605636872506
-67.43820099595551	-6.7310422399104715
-87.57177604367388	5.767165468840648
-124.78654274399521	37.53773270561018
-123.32475440887241	19.5995106521152
125.57271094517792	-45.588260996807634
-58.19739671126425	15.358991411804467
-88.07023938036139	35.98415822339392
-62.5582585143426	118.79543709487513
128.08380316932863	-64.01358972524353
-71.87986985543152	18.640780422188733
-24.95838726449406	-84.74130074175753
-67.28219589076537	55.575188410334164
96.7987595516451	-50.27093054503265
-89.60555133429764	-18.199739865486475
123.35354508363042	-74.85223807161032
-94.18732805302814	-100.35432482973545
137.10547951779816	-53.656314596842584
-66.84382574592168	13.337094770327761
19.05290455959153	128.20181018796853
-60.73906736251703	104.57079429599621
-122.02968209659227	46.308614137754645
-82.53836750533009	53.55157956077556
-125.23958591220328	38.87741437707282
