-104.14578537454378	-0.16036815658320933
-46.22479141775691	47.57130684922702
-107.93243857807506	74.63597976717894
92.90075135985629	22.57161555616996
-81.76152701266253	26.581770986028193
43.29506171996624	-27.029262829248747
-109.9628594647639	-19.54782298712295
-97.5288655124764	79.23839358902386
-81.02113988351331	59.81000731420435
-25.783306270260866	-65.39696970441005
75.61310690811811	22.522653696537233
-102.26095419981176	-22.440209035130056
-75.86361606911039	-7.456067297679121
127.67529922280873	20.79242690247521
92.07170195539017	68.6656438913282
57.92011504960152	122.92181662831351
124.94044742501993	14.22394515083711
2.3211301503000517	-64.51257171444728
-111.45405473755203	22.80877861365636
-138.2655683659366	21.29296458506923
-132.99802555328938	-57.38554017723817
81.77210429152036	-53.10529207458218
-68.79446701844994	-25.40779780622282
123.02162091995622	43.92540766726217
-73.77659904302556	-2.7023619849744445
72.90062353758562	-36.21157063698527
-126.86757175679561	58.0557931374901
-80.3231252172621	33.54714919072669
-67.84656417004886	93.73488710694087
-36.948855084960854	77.34298239461435
80.66719897224444	49.13533175556358
-51.2860590938466	22.898940173887112
-73.22207416646599	124.21591880540053
-60.34872929872224	119.09688535457727
-83.20250821233535	25.86636288814118
-102.91825045359887	88.443800614111
-103.64383848481783	12.011045490693983
131.87248204481787	-4.449330147667838
-135.53935440829085	14.41363155252109
-30.65255520857721	108.84882652852293
-91.6678220333217	86.13101339907806
-115.57376500939347	29.000798129517438
104.37879839513324	-77.92131179846625
-68.50743578158868	-74.56252089935698
-61.85453255953994	-82.89688380682172
-130.0064388780201	-11.701456561323248
-43.02470481497174	2.755797453466566
-130.69564060989683	19.64479158576631
-88.12344021496021	94.97767126109414
123.03803047197641	30.498868612344314
128.40086747587887	-18.086060327889644
75.40937729391608	90.99590735258965
-106.46711959926968	104.84013183254449
-117.39653389204089	81.2724786499846
-125.7222922709977	28.695555426698835
-127.49668081977144	14.925348909903098
-102.86942454742427	26.9333097941098
-123.97460245366187	40.3170516762067
-118.14419148375808	-2.113763765795066
116.21958049192871	45.0799828944765
-14.016415382821524	76.80336373335754
-103.70676169975677	-6.800615639999119
-79.42048961086344	95.51542708974543
-2.055925651796587	63.974393352340414
-100.98869265986282	-7.343384702503453
44.893861322225625	98.04381895640073
-116.14263769435469	-19.87651822739347
-143.3221195720458	-25.675439673735116
-107.92951503277928	75.38042854682622
-52.27893975563398	25.350650602234193
-111.38116029739024	65.65238779209925
-64.26659505358182	-22.184873470622232
-71.0406218214887	-92.01147808150158
99.24629277258322	-47.07936736002821
-87.37734326247502	68.36275505808908
-54.63534410793421	-24.29033342621054
-16.291958829826452	94.36773268569536
24.27236604231955	68.4353716539733
44.37295295229947	132.42327292691112
27.9660690695061	114.70875294190523
-74.2161699699855	118.16751580897511
-64.39733470907527	99.3788201376713
-53.48740308538914	98.72743544095444
116.1582943769558	-9.132415196262231
-85.33786182703105	10.701060880188889
-125.39904836840458	30.450198137867694
103.25014831720257	-46.89968120768164
-104.95408766480284	-17.381635769860107
58.66400047066445	68.82401915775007
-67.66987254192463	21.28571376105377
-27.41663115003486	107.31588641150043
98.74253544305817	109.39021107205548
-97.50430826166499	70.38864311286858
73.01724289266029	51.07179250138615
71.24967615960226	76.3420246768289
65.6052803402398	14.615750226384057
94.7645932800483	7.655922606542246
-59.471154419261	-11.565791556150756
95.08252274243813	50.92124651454058
-91.7504301283551	-8.71103592773376
-2.8645027179054656	57.29907091422543
25.865128248541673	96.9947355294154
98.51429533927148	9.429713421680376
75.66391707418028	57.16361680882373
108.66494989708104	-56.96839330331939
-79.53587432495442	-24.90585639591699
-60.80447856380028	65.1192380107489
142.0695214337798	-4.7485462501466325
32.98649645010131	-119.60848994241948
-90.31002697350829	-15.540551336952959
68.28612790959838	-95.28788685429336
-52.51211635304811	38.276468191502914
110.47217022061119	62.81768185643024
-44.34685982999137	44.01216540496848
-52.197894102494466	-20.76172928049591
116.39716987497434	-3.3229808698131147
-121.86323936890219	-30.85779109639478
-99.30902173467807	86.70003483382678
-125.29909099467974	67.6979254505681
-23.488978800137176	114.33025487054341
89.70110196871438	74.01660792013354
-84.26473946263246	104.76041928078133
-125.32575039393346	8.56914110581847
-75.87766405224224	110.01826575912521
142.76447962274767	24.718860343465256
-99.2898653018405	81.47621382949305
-79.1786223845647	-30.926284314822446
12.80151200749447	131.9346151677457
-84.26603243343068	24.773517853891846
-14.180846730483783	135.02215210695218
-63.871134071155936	-71.83504654436324
-54.91634894692521	35.94694856672614
-50.80538913701291	83.6836949600469
105.9840865795712	-3.684740572899508
44.17219863845718	100.2747316924271
95.58078696927669	57.6523619239343
-134.68929342904144	50.07937689941545
-47.62675184819508	-87.22036803082752
-137.02126946073125	-16.85400040853438
32.005190669702145	67.19559388185857
-117.14715880895135	69.30613689436403
-57.94125418676036	57.24286077469766
-112.74681397134063	7.2616743424069154
-101.4503950855747	91.8849800458731
-105.48698272840663	65.7549450188985
103.42340820053819	16.245600172888114
-89.5556710217192	-65.67442948418126
-119.34528471069756	59.06685417867449
116.43572940162535	-18.23843961512032
-79.36317004241818	6.443847125774896
-131.79267137108647	-8.026723104999569
103.15423107028361	48.149627375151034
75.5329058578061	0.43670106996817576
86.59006063222513	-49.278861476015436
-41.316380843002335	116.43202064303466
-60.92268490498671	-5.69947917862203
-97.9966237764138	-9.310500501170806
-84.38276517574724	-20.47731967210637
117.54010257063334	-56.21846197788389
-94.4739448898305	68.2076172823737
76.52474756465759	-85.99155608053934
-33.911484775391294	24.17032956279722
-40.62333693818902	-85.66107557663258
-142.19496079900964	35.520328245922116
-88.24250672358549	40.535248439944226
-133.99940176590596	-2.226769754897554
-102.0574068445053	1.735816224930948
-146.7860210343247	18.636175146735397
-137.532142322079	3.9309395829420413
-121.55648918190126	12.674202440219538
-136.67337522317987	-2.6849140202818074
-1.0344241655502369	106.98805033151535
-72.33638618904985	127.92929837407291
-126.16755331171915	78.64642937096885
-74.00681097523412	40.47359116716621
-99.05918104701796	-10.060740599773954
86.82430521065534	-29.630479121182493
-109.53645446225524	49.25177578067219
-85.27499256516231	-66.68041223226257
-118.72461458042234	37.16505803482563
93.04532126841958	74.62093502526432
32.94411730939273	121.48499783948284
53.75836735014306	60.17552443118823
62.945671005944455	-43.68096813021666
-99.42181244560219	63.66536561251325
-118.3516129861826	77.14389839491339
-116.99333350268822	48.439530663422225
-72.1568290218305	107.78673622741586
65.9879251139851	-46.069571105602904
-82.22944097081736	122.34461760628389
45.550424863650996	-76.61295853290125
100.28770808540533	105.24642172785302
-71.67249600732778	-3.893284301179809
136.20492798663037	-57.25968511098685
36.1581036629222	125.81959467459
-53.36171273320311	68.25202190584706
72.18173403560932	-88.03389370657312
75.41211365532192	116.66349816229003
-78.69968710151424	31.50527069922504
-97.04474756084106	110.42471625838382
