80.99031979865217	-85.201920348588
-47.528906800014774	72.52048691254362
16.809778037381108	-134.61157209194113
-27.223746079655918	-11.047829193723743
103.72863210568659	-93.98567581866224
-105.77401298575464	-18.674338602821372
-94.0804413799981	-10.464264626409749
-93.35407221652945	-49.7119806157322
-0.5271488854295857	-122.54212153812169
16.532253151954563	-3.7291691262771867
125.34124603340364	62.44588707916916
94.66015915822109	33.03170579377624
81.16883981191772	-33.59116158811723
-54.792356057675526	-10.40783091788067
-74.62981092037441	-65.71424689558661
-105.03151218605153	11.646621905506889
79.26965642955325	52.89964267973684
14.014753501214198	-122.77393369687796
-1.6968963563901618	-97.30001253770862
-55.60337342348418	136.162257492583
-40.18358657360031	108.9450481716025
70.67375777032416	-114.77575316585596
44.564870537414514	21.782564907438204
69.3692359794037	-64.24144449587574
-3.642885440473975	86.98162258907635
-94.42039729653237	-62.4351047683777
128.0890387496936	-54.48166988594944
-18.322557623702508	-37.774247600332835
-34.708293498383185	20.694620519257757
-51.29478923769003	-128.45619109489016
-38.53039704670654	57.485088842987714
-20.906407303531083	120.8712966703827
110.49639823253605	-2.303031861464115
0.6797015582433863	-136.8928189889973
-32.58956649109483	-41.861923358125686
-33.197986666605104	42.63813328515524
106.63302307387323	34.02662922460493
143.15356183692305	28.294477092987478
-91.08494216643442	-32.26426620704814
6.478233352283006	-85.52327021556184
-113.62789539338061	-27.18843799160558
78.13025556625664	-121.7815941651883
134.21019999042775	28.609412044525204
-100.20235150711378	111.16595699197781
1.8286510808152958	22.459945620551213
-47.651374589068105	16.390691132757798
105.20136551154215	51.436342893482475
130.27450239000143	-38.62025261503516
13.398922774359077	78.98396400782256
64.79490959098737	-34.40739995794064
-118.90114837898086	59.745061722594244
35.47007051187207	-3.2350903512164235
-85.95686681634226	-30.373123279072953
96.76368485488088	-44.91655375952962
112.22125208730559	3.7730296632396847
-1.416832522047197	-128.03059639571293
73.2817778105751	-51.12543220464072
74.9994568932751	90.33537081837008
94.46100039552054	65.17719246081397
-98.7674950782561	50.659097708861395
109.77259767379269	-48.58858812156843
-73.71061807967806	-20.10848406378643
-42.99388501712622	-7.491515653609835
32.7376055083646	40.14799878540551
71.08431095530243	0.3526268887161228
39.140039775154825	-98.60279324472491
117.21585640057586	71.90552757309437
-83.74938729175643	-93.62232813407296
114.52314927393792	-68.10184927683973
22.82803587088662	85.88266598455459
-48.43115258924407	-82.21394435234049
82.84257110350636	44.66487263778193
-52.23052810881781	-39.863750232200644
19.1060463380507	31.817193489662625
-10.16333736538198	-114.85781933421003
-47.198267965542016	141.52631867612496
-59.65350797034155	13.968799097034461
-26.288238675240656	-18.956185140666907
62.87123855043525	116.56187285803517
-3.9590913193774373	-75.28287153351103
-44.36988590296938	129.22189770080908
-65.843549830172	-107.25298109627656
79.4843911469273	122.31061338921236
-36.36323017574466	-88.76135586904323
84.55110045463522	88.00814053000694
-91.22735515866204	46.225558288180025
2.090917281088529	119.0960694328989
-1.0267457299905483	-100.57296445059197
-4.921657455540178	64.96154887648545
78.71207934418203	-72.33325946887273
84.81836494236244	-68.54917578531982
44.59408312576745	127.47530873085095
-97.11144393628322	-84.3716974877577
104.11383269422535	63.99704196602641
-39.22736407042728	31.818603960875357
-29.08579546068715	-123.96726601144618
-57.174611171183415	-89.37521947050296
-100.48111853457354	-100.10386795938287
-29.210133943751217	140.86825083362584
-25.378992243629042	24.432151793036763
108.43513923894122	81.89173148863814
-5.632784238395629	-28.57381714496281
-90.86465414547735	-2.2206317030965645
-28.29962870175673	-106.77490560434595
0.38318274676936687	57.724528062972894
-58.42208091267497	115.6672868387475
-6.921001517043577	11.835564282035664
60.78732555226362	9.918651217224427
-61.887211597330904	96.1140037268784
41.67279278317707	-119.73762352531249
114.73522542293817	-86.37301579637402
-125.16623420163886	-14.3905692837194
-118.16912639870526	33.92773418460629
92.43373951380283	18.1295226739258
3.900366839659223	-3.699555766456094
51.82236258579347	4.245710491548704
103.12779567745851	-37.31132556904473
-122.96662601816449	8.344538166268704
-52.92059019051529	81.1911172577268
113.95730983865828	-58.77082008722367
107.0900437811107	16.541589038959213
-35.62208783539229	-20.000781462723413
-62.64728356097061	-19.891795022324942
26.33704344181539	134.9307976917525
-115.17497232256561	55.18389755667984
-81.75826506423644	-115.9643514251996
-7.364508987397618	-50.89992252052662
149.2633747038727	0.672310085046074
63.30920986312754	-26.52536541463625
8.329084701124016	13.988336730681997
15.427721769767894	149.01007190690032
-6.72420875511591	79.23980968637335
119.15346424321565	28.859827448779534
45.12565774620204	44.03438522268143
113.83912414157814	-9.787532332465071
-56.819876806738854	130.81394724911638
63.56074865861636	56.25039997276524
96.08457643142025	76.4752811893663
-12.400513408410822	-63.82834805297875
72.41576834724285	-93.88212271699962
-3.799460795648814	86.9235124322315
68.34202696408845	9.030679302727972
14.125756062702507	82.74695859358707
59.47687594960557	22.05505086597435
113.43544450407094	86.17141264083004
-85.91461493016186	39.43835548723358
9.348620804498582	73.69794875691562
-99.94117016939028	-10.046836717667226
-1.8640905140297641	84.90340935263822
120.49145551742771	-47.23602817862204
122.75446016443237	-82.36376950554417
-90.65787939343227	-40.45869720570527
-84.91060817641534	110.28798719029501
-82.80822962173356	76.64669765884038
-50.58765184197745	31.284052578512412
-17.502613531552786	-123.42070416423367
-102.5576069683072	32.159189017529314
75.19053519001406	-94.78939914891109
132.84564919826198	-48.6826485716911
-51.18247401994313	85.38227095222337
-132.16605245091995	-52.99651971527171
107.46287103827162	73.08751035265217
32.10653943543052	99.81373130855192
-99.70103044638687	60.267757385129435
23.256945444434596	82.3692295112219
106.21886045754408	-104.1560988479465
66.76901739005861	102.74872011562948
-30.198430440182488	8.637648992847089
-67.50554461271862	-52.83932556222169
-42.302817209323436	-110.61214406986858
-26.417857433268246	23.866201187420035
15.773098291894165	-16.9883393819101
-91.49631500358628	-41.88042179993023
-80.34440059686558	32.09838525246182
90.57446048718548	40.71837163003341
-74.99602863047846	16.917303625476833
26.175055801731066	-54.96376770194466
-93.64241332738939	-82.07815761991715
53.11321348522496	-93.5779710685075
-67.06039964821967	2.524391437913634
62.37351023507501	57.44830120904322
114.97006755787332	9.87732191248606
-13.230470472531692	38.080375355374564
-18.48943042978017	-54.551202286213254
10.159984557519678	-39.303954078530566
-38.33131079723002	129.64509477274424
-130.0637806636477	3.552563405310753
-114.52483395312649	61.91609948383447
-107.41368216853678	67.67289790756118
14.349063013544344	121.88222357343744
67.83786910696993	78.2964980764437
39.51855801006514	113.53211991201081
27.621441518899537	10.009543003925929
37.85941551163685	112.02506044138018
132.0750512119552	7.6439009634574635
-73.95472702102457	-76.08391065063967
-36.32964690004548	82.00126002526332
77.8848906538796	-13.268207899156788
41.648227483216104	112.82052683866148
-70.71388365095255	102.89593591669446
