83.73534574726608	7.596285929664167
91.84093044319035	116.56062405068396
30.01961318851384	127.14399170774033
-21.469424869439568	28.933739462345475
-27.55243142656881	103.39487502047882
-55.11755336400818	-98.08678090590593
58.96808620725771	-110.30446862838046
37.66576117615396	98.90257007924765
-96.23534097211409	-40.20248888201869
-61.368934571391186	67.17494050848572
-78.10143945820903	-2.836598718028205
-105.88644759237256	-100.3870757903838
66.33623356741715	-52.396843252837755
13.398670820016305	35.319334978369625
52.409186254487	31.893319523753973
-96.8314203383839	-99.56103829400452
-90.39343566250744	70.9103632722627
68.87881104444611	113.04101799827998
100.01022931025166	90.52921529237952
-126.88146960692491	-49.23324641577215
-34.707995763102836	105.75520532986606
63.12029321756355	-1.0207778204194797
-47.948116777131865	32.19029392285374
26.67748280296331	110.4670148494003
-62.641255886280184	-65.74683276719333
4.043999098424472	111.98094257203635
-105.83133958284192	3.934343331885737
-115.7052773258292	12.717924050244804
-25.743331184863518	7.732799692165421
7.761233333475556	-26.049732653544133
26.534160359003792	124.6267614845789
54.3588489512178	-37.28912075538765
31.11301462894192	-117.07453062054323
-55.320725515797065	96.11230577409724
62.77329941253968	134.72152199061466
-25.29657203454696	134.7468579157595
-47.84048705719424	83.70671734147619
-110.31287888345435	-41.235387769979134
49.20652982499543	14.755683994818918
80.06376327156134	-47.78576961239567
104.584658329981	74.6627311081192
-21.648222558898155	116.3678009714677
80.74332753054037	66.19002838635463
-2.641568495315557	62.96766596491894
70.363372022514	-114.54160473891595
-58.74991081303019	-51.91046694763474
19.293709076419077	134.49361370514018
81.24289720452316	-84.6214840729152
28.688415852422462	-86.96799368000963
0.6929971997853888	-30.21816091328025
41.63067961999293	-59.129607745409444
-103.31514853764051	-96.59231804925776
-135.6573686395151	-1.2251822135279977
-79.87837060261721	80.95458881921482
16.80903852645794	101.0431178406719
-112.9016015666158	-42.590358634561795
78.7100520897707	-65.53861897003831
-100.01382837119499	-67.03799706672184
72.77977652559048	-40.24545155963171
-85.48673734714264	107.50909329330631
-42.466948828035775	-118.27810811898156
-51.22939757120869	-69.28203565221004
-65.53437253581977	-119.98013835574544
-64.15864763177788	-82.75792939808177
11.10515621930567	61.6931921846949
25.920495692228066	32.81247168606071
124.3341868280184	-16.79700293662161
133.9056583925345	39.172601970536704
-132.0266439748489	27.13687572503013
-108.24805904242415	55.086349430201615
-35.95576917709949	43.4525190753128
9.182068335313714	-45.0741758722257
-2.5737334237613587	-88.07123488419607
114.81958746063023	-77.79432735966665
-116.50919829808791	89.80352328186673
-67.78182549005969	-28.9178728002977
102.09579186872618	-81.9975723469082
113.54635577913612	-4.391180899253332
26.255596513463015	-5.129270023691506
-22.179031015234976	-108.27607518153026
83.71467186771856	105.47754633731627
77.9861384287595	11.442239213150442
64.68285694648598	-126.51784283877038
39.430780061726324	-61.32758546040352
-0.9483763789241052	-41.469821156295346
-11.212416274646735	58.93145326287336
-87.59578855456415	-105.63873519559363
-39.179553497518306	88.62474691712517
-127.52128653471782	40.860698256609474
-80.83281800035729	73.61249490668692
89.04747506658059	-53.694762241222534
13.390457878865698	134.07550688464616
-86.23594999176515	-45.73655204042209
-86.26468728226904	102.97640592429714
-24.720434304416845	-40.6669256211794
-109.94270342382572	-47.21859076141485
111.65791270296344	-57.798955900924824
114.21466865414749	84.76261485709671
13.031267492763655	69.83891636220042
11.955516321687444	-115.98281308698726
-67.03704608477281	72.48659969425772
46.84652503445773	80.1109564412795
-48.989892219241135	-1.0224737728569913
-31.70149024767628	-44.89170808136718
131.82329579379473	38.14261486361083
-33.5807552271746	125.46627078899625
33.830657163155315	-86.36065115235532
-135.42880774620897	-17.320107208301515
41.58016650056816	9.398346254290937
-23.642641653387454	116.18278112050773
-89.66905510547767	-107.20737727676344
42.979588870994945	130.48831418438724
42.79960513467408	-80.96793130003894
-57.642116541458506	-115.95321511024683
-96.49006952689797	17.54137271970582
118.61559026398095	-69.52302097220206
-84.98451869981024	68.70062197571156
12.285278199974037	130.60763968624755
-22.215520269974636	-35.6977766912305
-103.2159359911352	-51.20600471305387
-56.79102305863459	95.68789731733973
-65.03359099514356	97.44284622955902
-100.38095759508661	74.66993725987857
-36.73842528929979	138.95229373072877
-32.8699529769599	-128.83094749031827
-40.83340740454126	-57.223139087436564
-126.98918863772234	49.56220362539519
-41.98137778396496	31.374458811263413
-78.27457518126613	88.72744252981363
-29.41841777223073	137.8278541562344
40.95032216298154	24.46052604878648
-15.781119437629897	137.36462779324276
-57.98892434123372	120.85632450942398
-101.72291990540869	-31.422839262181625
12.414446175776446	-82.4383259036435
-75.72605599889933	58.205880926769765
138.8262924049844	-50.220201018519745
31.46648020104912	-59.56555747387518
113.67733884910956	-10.888485126837844
30.83204698328745	-30.369420575485826
-52.01645002791132	-46.87091711018869
-106.75443878304392	-76.01387065394081
56.66322189502009	59.98131119430099
-25.69803369240414	-146.69474309601415
-85.7981228524569	-62.50652433631318
-107.7037623672312	-4.694080460239899
-9.971627134736691	-26.788958310091605
-137.7305268354611	50.51884641512335
-61.90965286947357	-9.351326188337516
-88.36394260289181	65.60851408855255
-19.208737441860006	-92.37804463161768
69.06496220214446	-67.6807709971598
65.00315128232602	-101.2365747108202
27.391861378701336	-118.9398216107236
58.69843102189514	5.097845611137838
90.18243325929207	-55.74790064814915
-20.759737043284957	131.73752663377826
76.13428158998158	-64.63371447396905
19.97744530680209	57.719167289660234
-77.98453185773799	31.077226580809786
-0.261125645840778	-69.12649279228017
-33.84296384644987	-41.05541165512435
-79.60629277187634	46.458729194993786
-47.834415745695	-99.4129475582768
-38.56022712086794	-12.248191830278245
-18.76626919468151	115.03848493285572
-90.62507574778117	-118.87028875848286
41.7597795307079	141.24068742398046
-47.083679443475326	-128.21673243007376
77.39758264776967	1.5130229131549604
-21.40766431635261	-6.7736865371913595
-111.33054094457522	79.75085559323117
-11.596169387978707	33.45495591158884
-67.68833247721393	-6.702348808177599
-67.66555590488407	-87.5874984894286
61.85350550907892	-13.698530467547377
68.28354212815721	-118.73329494565384
-27.100364361074202	-129.42821723775373
-129.26543088519227	17.183196942178604
-105.56615117171606	84.96269230954177
68.84506322897205	14.270505420363088
-81.06907526096137	99.13568227284229
51.812568551637256	-72.86488556497291
-91.383560416897	81.56624286934102
-50.878503883890374	12.52464517415104
-17.231570324372964	124.81494716422299
-22.339313133389304	146.19637124941207
28.98396519215771	11.871730346116605
-34.69292100408921	-30.125595570269358
-49.96021165507993	16.90575394606603
-77.40623990755674	-60.79442313693787
-77.40137439358493	-23.48577022321823
40.70650458134912	-128.44720292569323
0.6564516751343183	-103.24622004325315
14.032143736086443	-103.46588400367649
-127.01570153312296	0.6073251757343906
-54.8097153788198	71.69516864578142
81.46321847714056	-36.206451114491934
122.988611476654	43.642240646682666
76.09403590517991	108.44647057875325
