-131.69405174736326	23.252417084286297
-104.7713289164343	88.37630566204504
-130.76287959382344	-2.210403575506063
-104.23558405337933	-9.128857768436921
-85.55541296523674	-37.83422954980464
-109.26720699055278	56.42448952502089
-115.35235100216494	81.99182678484887
-44.811602774710195	96.51034132361143
-94.69948223541626	54.20527127596066
138.33303214623044	-22.380162069335988
-29.22448687100712	128.30397079939485
-70.48853372381376	-22.392862332310262
-110.66997017302572	94.79195318683954
-63.352572802244005	-0.4438924032499194
-12.373386532718275	77.55884839962029
58.25328494555965	72.50576052536599
128.5878244431724	-26.265397239831167
-3.0286500255923876	90.4877038454687
124.41865282681354	26.58897083188506
117.31399653616188	67.3506136289577
57.71569250323846	-59.87036608560855
103.0969076218512	-35.998745020549954
-100.90164193871497	94.560473743545
-86.22996356218854	71.28574985110068
-87.71848214033146	86.77601975630755
-78.75420566898836	-65.9979414361967
-71.68538484363621	77.19864592862012
85.81373486345508	91.67963114443505
-76.25071328403065	75.44096918735501
-123.63448510823477	26.708189703240713
78.95889944946781	78.00957974529842
-94.49724955889027	72.16127502698257
-73.38955999185448	-43.64367656729199
-65.01314690331905	42.21482799642844
-99.92621498524866	103.49199511929702
14.85181518786015	106.46561260387898
-119.01257709663967	88.4351445087094
-134.49060720086436	18.54820275368054
-96.71796255434754	57.96252526726721
86.73278546195598	-54.838604063238364
-101.29370939611579	39.43895376865175
-75.5144281136018	-38.27216443935246
141.30381806365006	14.22973479485519
-73.11172739473506	114.48875866819834
-41.25916037828473	-2.3373616216674376
-122.627304469533	2.495076378097132
-41.66734418147395	-58.39732432034941
102.02173363822901	-0.347206218419448
87.01356927806036	43.4684497041608
-64.3216114319451	48.823496673567305
-121.85405254420307	53.386203168809814
72.16465756535968	26.780854075552
95.95396444485738	-73.26111858734444
-72.2924902825852	11.056444535404037
-131.3641250452601	51.724994058397215
-57.19882391594393	90.68530557990046
103.53985664118545	18.564109124338664
89.50340862233226	96.47847868396752
-111.1580101323446	-6.010822818662172
-74.4454167058109	26.83087124564711
39.00588784342587	94.91684581239313
133.0872709688099	-8.434143364159842
-70.85333004586072	-14.76651396288706
78.11489969051354	0.7887846630043119
-54.85026595352291	46.04619331386482
-26.914025083984164	4.674916467485107
-57.68634073231078	-25.45036862132051
90.40084702753013	63.29965433595142
-137.961685596896	50.54021219774187
-4.834571546808688	-111.44265014752435
-82.88975773851864	-29.334490074770525
-24.16658183915036	-111.38610166491392
-102.14374167356056	-57.40300429361973
-22.97594539903426	3.8633513347244035
112.58788514077797	88.27664488506028
-119.92982939564456	80.6272397130409
-119.78130158498261	78.16307246598298
73.88707106900999	-28.300862301246106
-140.52117112754812	-7.181569187187601
-94.18764670747122	43.341748050234905
-11.209669853987046	93.19073042743298
141.66644546597678	39.82761884925875
-118.75446108749622	54.581714634379225
-122.05926501520872	9.683704931930462
-21.34505964664297	87.54260657026215
-86.71161151353873	37.21452697392588
-103.86263727622404	98.9029644270771
34.95023974697734	110.6128708434377
-88.97662780483603	-12.088747373714927
127.19023821797396	-27.882997900043442
-141.00870777871722	-37.729626508003946
53.20459607583065	96.99128796151477
-126.36652682779737	-39.47710835644336
-74.80652591401204	-23.663693135553675
-61.65817247878617	40.232705470230236
-75.18536390808592	-103.49676800135639
108.64787733247543	69.532419993091
52.27784936173077	126.33330232078367
-139.25443628965482	47.28842911855044
-83.46854197685683	-23.158914390088892
-103.57746457724113	91.3035172585237
-124.51601394259173	15.706756818493401
82.44205110676106	33.74036057920288
4.770877656092462	104.7294280340761
44.466331592415116	119.67060546942346
-118.29507312203111	84.6195279764167
55.458643100685535	112.47489741895065
105.20594430784939	-25.939634676180948
-113.14004569055564	63.5724786044198
-104.08392852860412	43.43029009792951
-107.82595952138901	0.3815081781815815
-144.97401781467505	22.032564630356834
-7.643996701126478	140.68746222515753
124.61910494218418	-7.0697910856194435
59.980674258550195	123.54662751703923
-91.60579632250791	-20.297650921012153
-76.75557434079687	99.10362090963916
-13.913083604002288	118.48973316998786
29.94154877605344	93.6893541202521
-99.12829178604025	22.40945358179471
143.0971168349422	15.940567490739612
83.19065514077718	-68.83312918546973
-64.3599953188465	-0.19709709550986756
-98.98608373863551	95.67153103809625
64.81305658696554	-89.36681583694042
123.27331819275514	7.5746600468904
-102.0714351895038	-10.907146854130106
-89.7091951509818	49.32528300910207
-68.62159322637474	117.9781202373033
39.04048820264378	-115.00298082075518
105.56346979669065	28.23551753911098
32.335191188211404	80.94646058369955
-108.32022195237397	51.061213695529034
-78.84502320656881	-61.91733227859139
117.99871589853919	57.21470690900645
-118.48598896702431	-33.21371337544577
-63.905517964612315	55.919200520524896
-106.9857031920306	39.059473143990736
98.25336873803072	33.560908268784615
46.69008573918005	113.93334400054665
-54.366046327680614	-18.864238121261383
-139.6075162152573	-21.55886395703768
-93.69260371979136	31.068558981800408
-127.64713717030305	75.30855138111447
-96.87594988536507	-24.64758172456028
-5.570974200656778	93.74936183841282
-74.28151387748663	49.83148392461867
-105.4224612884659	20.50977415575224
27.580801358558478	131.6622930169846
-93.75170671243603	7.274503216220883
-98.10503483275045	37.761483701939895
-60.666800044515966	-35.55454850358083
-107.59689226571874	-27.341415488558756
-89.12247562971395	-80.76204223775918
-106.43612177386838	-15.644751283614795
-133.01693008584718	27.688617316647065
-17.164244193970667	119.23160674887636
62.97469236339041	-103.76418687798277
-80.87207766111918	107.08597207515264
-100.07684213999526	40.10043339667628
-76.04973995267684	23.647154660501453
-73.8487615380763	40.853527076750694
-94.89194987853155	47.79920758191256
-94.87661957633172	67.00379085438445
-61.76587492642163	112.05352437482803
-146.34030074259027	-12.706247469367662
-87.88908671599813	-86.6786163133241
-58.6787862432774	8.223711543140057
-21.78366050625941	124.7514730528922
-98.1183643793139	29.578634932983007
82.02013330647523	60.94011442776167
-124.0951076386046	26.9625249616396
-78.7146943450309	2.714509578964283
-10.861394274438828	107.67021901574677
-64.58374078336479	35.784246750115145
52.681105251023176	94.1487800289006
-90.84808118931348	-67.86042364435647
-30.235360840689953	46.45628717830659
71.86857577243535	88.13656110720599
-58.66636770040816	119.28556565168806
-59.32316491273701	27.969961814750242
-110.1029246656051	89.89000817499604
-34.70086227060379	99.76502690707531
-5.7499861750067325	-59.46294778243758
-97.22980735545836	84.48421858105422
-109.85207804956929	53.01591527712624
-97.39312233588238	97.93844335845628
39.87437659781155	100.66930099473964
-73.51098558753783	52.782234130638464
-91.2960044414206	21.922157470290397
-26.59532863120192	76.49224686039949
-70.89885435766658	58.15612735893394
-66.15866154357536	113.38209827944112
44.25585773766624	-138.4196203196009
139.72013601866246	29.65995066592886
-82.09183924346222	77.1415993250636
-103.50467548699255	89.02855984489034
125.18816241535899	72.67060762998142
-32.826176833811274	114.8308754043026
6.255278850771537	81.52902294344649
