-75.33789067224927	111.78564108162001
-96.24334243552022	91.5276859064117
-10.082561662592289	-133.85923610194033
-104.31869287961702	50.27260175712739
-119.7343550054278	5.187031232143438
-81.91486720544492	-17.086660444748848
-82.13769054299561	8.341833797970299
-87.35566272752423	28.819622586878317
-63.46968223127893	105.43858623067247
-25.659160642720867	116.38116468348942
-120.46032078351571	81.48912567912254
-118.96993422915394	11.135484939587343
-105.21536905023486	21.04383107402665
42.02889106715727	95.57559891261886
109.44706720743348	63.470744449388945
-86.61452914814124	41.658540872319236
-18.657338400692613	90.55633102420072
-49.931552892101394	33.622107940742474
139.78335320937657	-39.204615815058375
59.20805175030282	-73.05626945627542
-37.53608236215405	-0.08358741673604857
143.4504059872145	6.269676468874541
59.94218313129658	-80.50008328391908
88.00871189462023	-79.06166943112218
-48.2800896821343	-10.68229124387215
37.43610619587702	81.76662442271909
-111.10545001397072	13.559092199087551
41.583933016082014	65.1667948430366
126.50185795078805	17.20899120757997
68.01515041012512	26.419589855309393
-108.51870339342746	-0.3283769890055668
124.05001154529818	-17.729723037580218
41.419763781361	62.57550466465212
65.07184390462315	73.30763083446008
-50.90146466098515	23.305750502698434
-46.61133672934354	97.5826310369522
-2.8297250549335113	119.61989471953274
-70.89421746918525	-87.88669962702522
-68.70263912548387	4.677220317897247
-82.33742688994032	-5.406798032568268
-132.89548383364382	30.23811688495014
-70.78255130584859	-0.4928250406526824
-124.99289359603178	40.83629473912862
-112.05437247135382	56.90067837006374
95.64042868048848	59.55800565330759
-2.5548128427970114	-123.2002944892336
-43.012434155110085	58.56541789149292
-93.72818960849008	-21.164115383426584
-64.88717313576342	-29.6508820281546
-42.10079758414409	-66.35838804764644
-90.73390475977365	71.72749822155721
54.32812732610392	45.208904991587474
-101.27363267577655	59.14270368034671
-88.7944408353473	114.11324717885421
-76.18662200995134	-35.029485615141176
-62.81125578692841	130.7407757309533
5.746270267841671	127.8903561962349
105.15890765094164	17.12589150649694
99.85651592858746	-64.85356700266163
110.6526289075443	-51.797173022057265
114.36222419900355	20.720471705971082
53.374101625459666	-93.2105752386124
-87.8315043573114	11.682052673154624
-43.55408735940503	89.57480982001721
-93.8580755839823	73.81714078957465
91.635758667854	53.08942425446977
-69.74858895997691	105.87608864386041
91.83294368225683	77.36437208049723
94.19094862530032	-93.68771755746131
-53.176157391721674	37.83357054214413
-55.59833675896691	5.876026170370941
-110.67841641215311	51.262528696266315
56.804627851640404	86.43182293672456
83.4981505784039	81.649401695506
-97.20533615941576	44.24897954909922
-117.95864076339447	64.87232483567468
-126.32080867682026	59.20245801020019
124.30346505114294	-51.17399459306335
34.6253625060822	127.95495159744135
95.82777167612745	73.47605040111159
137.24754945193442	-0.03638958109062394
130.21463704392073	31.887618442076747
-84.91178608978869	84.67109124734836
98.29587576682155	-95.74363013423101
-121.0590433606224	-28.74589144534591
42.45748356573763	134.0124673113771
-81.73302957926286	45.75743455713355
-80.32513012626362	-15.985950064205788
-3.8223811484572376	83.55085272546401
116.03096140106108	15.767288053152644
-110.32205610751166	89.36953233883993
82.05154702326062	-39.92167253937746
-67.65379956902137	25.472967209973696
72.6445483445842	-103.71666195996119
-134.30624722526954	54.039252193819685
-120.89438760557455	82.76082999512475
-28.157617154961795	8.653251574591481
49.09221112809501	138.22434946374275
-118.85327449630913	69.8066794653656
101.48488229540806	-70.5195497666969
-38.31373236833415	1.7510376957154608
-84.2124733275008	90.74031712797222
-67.9996850123611	24.14908161396941
149.28490021185695	-3.2846616958093016
13.638920276797492	-134.70750402099227
3.746569267165204	142.17832289581617
-66.0905780028651	59.95275344706701
101.91145735327918	31.57196962812627
-91.7214893369887	-30.862535344112178
-50.08594689601445	59.84898687184808
-102.9753891462141	-63.13890689964224
107.47325363289116	-36.388649998558066
19.777674027168594	110.83802923066234
112.39107180511992	-5.792281656346757
-119.02932786185758	63.179042310372516
-145.23752330491524	-13.710309523237886
36.547523785235974	100.50132057377495
-114.46464836930262	86.20722973958371
-94.37516069531114	55.28059106636256
125.93717485284843	-2.699122534034444
-92.41850851650301	35.284209038177494
-39.16525646167734	83.68763917347921
-126.61063435548256	59.70674798660694
-18.034138172437554	88.26774698802883
-84.40947930230683	-17.198176741587755
-91.72278541301446	85.87292012304363
-82.43216054623431	108.19685745956583
-61.92591731009268	61.45135678883058
-37.49574268846848	128.8535273572602
123.23080551335666	-43.39944066017249
48.07698170022272	60.917173298302195
-95.51610759065555	15.61717715048504
-127.00290632407012	64.46606799744075
117.6326773949082	-15.618980828159792
-37.90831256482193	100.97648832299218
-113.33795488786221	55.16394327373764
135.89860898506373	29.081011613507584
-70.50496717422705	-4.137518390947004
99.41268322315715	-20.501490812608232
-76.05529312033931	113.38248348086141
-97.9181912850516	-69.60952140700472
141.13584653058206	23.1315556758315
35.72528139283521	95.1763282437185
-114.73663446841907	-40.49544531399021
-49.58732057764884	106.4922735413592
-79.9163688003757	18.029468747983152
-136.5813997765977	-33.32734881007211
127.47143601602413	11.435832054286905
-94.58592472502826	72.56759540801157
53.115572586138974	-44.64076211185074
-79.7548326176639	6.27012203969043
-84.49914204952572	105.208153906843
-135.47884033198883	-33.48760179248938
-81.1668217105081	-69.70707793638002
50.681517178982006	-108.02988596173978
-125.71907096866651	-56.06082674821125
-55.62637009273624	-89.45458564222798
-105.01172185045544	72.34264642810989
-107.63612780816628	38.14049495511016
35.543603222370606	-69.46169733219466
-128.02634226086752	35.544645258929755
-84.69662978993205	-69.82042285998536
-93.27853884343276	29.54473158149014
42.465758210515276	89.56262943017593
66.72062608019587	73.38752499329104
-62.11205928230148	1.5243863660811667
-17.04456290683588	127.09496999829786
-123.4162998108955	-16.55343143371495
89.30349769534226	-1.2286629768533914
-11.625286626106334	142.60478600168327
-110.50915862966654	-3.517000841203311
110.99287923262185	35.40333659426813
-58.676279846786926	89.15814552551699
30.025332921591602	107.5001418432534
-129.99933711314077	68.21500409965206
-20.06419003289754	117.54784554771692
5.555106953402482	-110.85613069578247
75.08332523078136	-91.82764394073605
-81.63011180121775	-43.07787758276727
-113.6921545848994	77.33420873283721
125.73647286744226	55.720872023800375
104.56630619461437	-50.175793489277616
-83.2318901050847	23.283221180685516
-76.38129724152141	-3.663600104819354
42.216492986232836	84.8224422935992
-86.51623275369242	46.8600958644002
-5.885856430531593	141.7538517029964
52.45179976387015	-57.21059158340526
89.94695336095248	-60.964557548587955
84.47388495278958	-34.649512700030904
-77.17729472814467	67.25302941150936
-37.33104018445502	85.32947693693885
118.36740058710853	63.35154585228828
-119.54775515778297	-24.158280034364203
-99.8819759219871	23.96438506431696
-105.09019583865631	45.620625830182256
-143.49842653276843	4.19152136832474
109.93524664600933	-27.18684395348896
-60.85845217773244	-115.32283222728665
-104.86064302213074	47.99738913959527
