-24.897874139778274	119.63793917001567
60.23167236352779	136.6173273927165
128.38028157971033	45.23503622302401
-116.03262454199408	-57.58129569837065
-25.74520226493887	-63.3895439432123
-64.64389919157318	124.63671791530732
-82.22392200840146	-71.20025020395721
133.9252301852893	45.53084906342376
69.9176793707037	50.32538398736031
-11.15394116486573	-35.66143969034272
-69.9212608292381	76.29204794009624
-36.96404972773362	-68.59303999771319
62.312310892846114	-110.4981218444911
88.20055995797202	-117.28409381651421
58.5748823121208	110.07225610039701
-140.74160739456102	12.157852049286126
-10.178825127104703	-100.44616381454777
19.778536296372486	-130.2717394098481
29.7703146906805	-134.47009217045692
17.29464914869377	125.2820686748638
37.76025236584536	99.99576129933146
-100.18934486377744	-63.593102158275414
-7.02801625054423	-125.34757432976872
-31.76020831969885	68.4520871849167
106.79628094676752	82.52325579208723
-30.330634804203214	-143.0466872008496
-31.43155840888766	97.36499231005591
63.00491879023546	108.64801805927284
77.17459820555378	103.08813836758475
-48.41532823853179	112.05590484569983
-92.6653222352331	-61.01825950020789
-88.68348570099029	109.41808964634455
99.65724925137322	13.010904280633065
30.414815446171993	21.2074402586422
-34.70382091603438	133.40975701706162
-66.17709121849626	-103.85167897044907
112.58592081535738	80.2042987027511
-51.826888172522565	-20.767549623353776
19.188263053201805	17.993102080234745
34.631477267100955	140.79803954922295
27.077295643965435	50.89898763479694
123.10755700380317	55.3326926883241
-64.5661586361756	-119.80582146971204
-122.95327955224982	28.781210184752013
26.495634769563893	-47.448720612335514
99.63787772867825	71.33556177912342
86.87519487584869	111.61159724749838
-33.987061636776176	91.75697057617938
9.599867992875682	-95.97901728001716
-34.26070196237801	93.75775310118111
-36.096043445608586	23.413525744479035
-45.13393704439822	134.28887902595176
122.45201249995444	67.54346063293238
139.12342651056852	-55.65637372520674
-109.45073034493053	-34.455163773745205
30.61410471743941	-126.35105228095976
-36.77028118602441	-56.63977677758851
-122.06245767000364	-10.96151620910109
102.21761649867787	64.57977991887637
-88.87014584880639	-111.26227452846791
76.58567525491567	113.2584240117607
-124.78828268027675	74.45387776742737
-96.27767393567254	-101.38719168278847
28.11765687781317	-136.9489321131265
-15.02822748775957	-34.75524750411524
-65.2968177151548	-121.53382052718024
69.28671982013864	94.16801119746432
-52.54539557757712	76.15104443361277
34.370863100962296	9.498569283124208
-23.536651300198635	-121.21751514469312
82.14812732764916	-25.223492296998298
-9.083644860947652	102.18832300329602
105.51965455307088	64.84205685156131
-141.54627543007345	21.899297247103476
84.67140413096689	-106.78522333920057
-95.3683752276308	-32.30028500296571
89.40287756577544	27.060054055793948
72.49336164637903	-11.821871306961924
43.41776029714216	-80.58846066428612
33.85071786248736	36.778697832604024
130.32914700272784	-69.74372645441544
-108.22511740611047	34.64774814506902
-37.17233419383906	38.65034325169485
-86.44184399483142	21.585708588232766
56.21762296292078	-95.64496641153491
-58.97418267389738	-92.26035227748346
26.327581705381125	10.280283931667888
141.1078307168813	-38.50329051562963
47.149251130042984	63.030952325523344
-0.5313386234619059	-19.075448362614427
-27.203582268925643	-31.304237941837048
43.70519419189079	105.56628876553633
26.59894784452493	48.91492807675302
21.020433225473145	-22.2923580228124
-80.90342806295187	44.67919898508452
-66.79567067816548	-97.72648160201157
-50.14727853032475	-1.2829906228451542
-11.907068703235698	-83.11496819647485
-96.12818658198846	12.608999009065505
-13.939120111881133	58.25421127016323
-69.75079892431516	80.75573518283845
27.715014373097937	-33.899777780817686
-31.701894301836912	6.454151023891888
24.619264957390754	105.30995942430292
68.4677245087972	-29.830397038627424
13.3706518692613	-44.3524108284616
91.74983168357782	33.46642503326078
143.49131816958018	-0.9530210373809818
-43.2949524760795	-120.08279285481538
72.39525078956194	114.5001561502191
11.280865940614857	139.60947965915207
-52.33793654321701	-138.36496875950073
24.362280807131018	-128.76151279766555
8.053715336343895	116.7232449554048
-3.969111989494639	90.58878769922585
-22.454859702259068	59.856094913554735
-101.460573342511	-71.80250149982987
70.5795061899381	131.92766197325025
81.32475168194357	62.46483144775063
-55.15380920027793	-115.06886248150501
19.189089352978172	-103.78515777629012
-98.58078219012123	-0.5756808682780514
-63.01029221928119	72.53674502994248
-96.98856111808342	44.12793195026245
-69.42432376888337	58.61241900147267
125.71664401532922	-32.291255139954934
15.907253109547097	-139.34877070436585
36.68920861538487	136.08387623334886
-53.44860840000192	47.60742917008151
-136.58445968595734	-38.76391355053865
-66.48579382797197	-57.13617011844834
-81.76179383027332	16.56597546403705
47.168507479927456	-118.85765938119569
9.140707334723139	-82.29286191014654
-34.50351994981535	-1.1185871853243268
55.93515370343304	-72.64749450019079
0.8721976634925539	-127.40571132919689
15.320424610433934	-84.39104837502009
114.57922072103047	-32.197530011666665
-12.586941001886942	121.21986805856312
-14.218381631058502	127.69846470352176
108.87246610212324	-91.28100359241287
13.732594355238374	-97.69399718413707
54.79157981327854	-27.25077075002488
78.13311155670839	32.72683112805873
-68.50889254262357	-70.92457179284158
77.9123480974394	99.9611128080614
-17.177625815265994	-0.4207095048380983
47.05152416047524	69.93800970554919
91.83635071598002	95.45963943000278
122.49994353166339	9.384144056861336
-87.69563884317174	-93.66762692394904
-85.50724571982498	104.66256848458934
104.79746635469493	81.48800353666014
-54.74075693132209	111.14211968926732
48.492632800767	86.83806217545543
138.89332728763512	-53.28795393640421
-48.18237351288271	102.38459739356168
-34.00011331899325	58.36351176115518
43.43097637352599	-68.57141919998358
-74.84422134009394	-100.01748742760238
-35.72162468337752	-139.75194362500955
-41.6355010795466	-47.8297810677382
40.60783367863851	-14.275853677038903
37.58838642677544	135.72605419290926
143.16506350788194	-9.875176774261329
38.404456725589675	-68.87403700393965
-78.10954849725172	-48.86539912768931
-63.76484410814906	-103.86661927474708
-51.15601015244006	-69.32884027761557
131.1342604572683	50.397189112107355
9.820491713916702	48.20869997789615
28.381095223994237	-7.008095710745111
-66.90009463686688	-14.67368356245352
-57.91444432015425	55.52379803921517
3.809132554373899	-50.26269802928309
-37.98989668276529	-5.899356761323244
129.94287541396864	10.771382591862658
-5.250635262369409	-60.56941110942349
-15.988698627783032	-142.5047753416768
46.24674663210737	78.36600543939844
118.309467062275	-33.03786800280459
11.622730852046532	70.25994385024009
-70.95816636041982	19.29250937110017
85.42304558984786	75.05904573517583
-89.48333289926248	-67.87635043978467
-93.25893907240837	92.73175245492051
-78.84325449697123	104.08909932575459
57.124890756753615	-108.75303012312503
100.3444435613142	6.0357583594587805
42.00417984813222	-135.1852712635502
-106.62813690670852	-51.36590746578361
148.694055346408	-13.020903964102933
-114.89545699870163	-72.35229688532752
29.68260019299432	10.766336361325209
80.66759392926835	26.57258359606413
84.21160231544266	-75.99743190438835
69.08784308698941	-107.05108378571413
-63.060679334021074	91.68381493794557
-98.067956394343	-89.83657625954102
