-118.8145697404208	55.2725455480792
-73.91627226804624	114.9242790014647
36.4101706398197	-125.90792303879999
16.31388932786751	44.262466783091085
45.716720715416265	59.633309894672934
-48.54178003181635	48.83442950382968
50.60767382465528	1.5395534588334323
117.44684443041277	-25.710778549784997
132.24894178710343	-61.03971083155025
105.99127818361696	4.002188035857989
-54.12357679939224	125.48033655372693
-38.20014962992913	139.92454944049558
129.08546800620778	-13.567107113008111
-55.37298478633729	137.2534651087151
-67.01114448046668	92.29924913272909
-143.41951830652275	21.53054126745316
19.424644711142584	82.97810320875381
-112.82710846989228	56.10373328456996
-72.31724638804299	-36.72124165525166
122.51758523632405	69.44341637239387
64.62034889247526	-50.963164108305364
-42.43426654523912	13.41381828531815
-43.910443690187726	3.6641752760710617
-82.48439541853287	105.07000974356878
-62.41382175521176	-45.452981327254044
23.286130974935734	-109.63225872471892
62.870195346128995	-18.753185759620674
86.33773968625503	52.35014114794078
-124.56848100065159	65.95643307627016
-103.1894975628557	37.52739571560986
-24.16467564536374	94.94127500683635
-80.07018864802943	104.14240583667147
53.24688465027094	-107.4659158601368
28.59451847105831	-123.95686523310607
-50.57284502258607	74.22070352832529
-97.61154243563236	-13.701250111819867
-135.98753724759217	14.87906925374801
-137.39978031412736	22.9557260016211
-96.42122830876686	72.67390677044921
-68.478673457308	70.18785567167355
80.79940300941824	-19.00947633537628
-80.93280828079372	11.831249733224645
-117.02486861569278	-84.0096063406313
-110.80070392385268	84.63534763742507
-55.40863914647834	85.88553932122095
-55.22037359172808	10.314877687442847
21.880434109925346	76.333483047501
129.04992538203982	64.78049083421209
-127.72139204384615	20.28987982390442
-79.90806121571137	68.61783644050485
-102.47430259532915	98.17049503601936
60.701933404461	102.07174633105465
-135.96063921917556	-40.9736470562305
-128.87619812588503	31.43701719984414
-60.870528457614675	25.14054008853994
-118.00584651466211	70.20707956061973
-112.95586080927403	83.00687935762767
-23.313202587065774	-83.87448152400685
-47.71856650851481	115.77726901716298
115.29601080956408	0.12781387843136002
-2.833930460074421	121.03006980030193
114.79108255411617	-15.275680329690097
-75.15804271302328	115.7561449032323
33.20385839567752	-84.23996048045622
-51.52299298535161	35.441517674957296
-116.6093054690237	-25.062869095367574
-55.345516431367834	-30.801511341940675
-53.97425968438012	-114.30708940237965
16.792524718968387	97.94273565622578
26.616652443032574	-95.79114033632995
-38.073154259914	33.056458148135185
-109.006650894833	-2.092478385768067
1.7806764639966668	57.955625272012774
63.43204265797732	-48.01258811724226
-128.22256111001457	53.02171743646525
66.81450691920219	98.68111368793063
-102.38602922842139	8.159328360054594
-78.36252325536817	23.674742058399193
-63.5811871906428	-46.26991154931294
-102.39552546568036	92.52323462826071
99.00492069734159	-23.908674947602332
-76.59869890940679	42.20258946511496
-99.74566895546377	70.59531490457313
86.38505212091658	92.88233344366992
120.67890296093792	24.56031734483097
-48.378650381382414	47.572390425022654
-102.15761432488151	-8.616983418304699
-83.90219262092282	46.51608898546632
-114.64669334851659	29.286976065750974
-114.49639297609085	9.975770525789962
-66.64377216648913	53.87480783882817
64.53187973837373	110.86948117756293
-57.84132361007396	79.86367296903681
-69.893728386328	63.27428291476148
-69.34492928974471	4.38378185765285
-26.24411181537333	-62.14012796467108
-71.21324663603386	130.98668556902905
-62.90694190111141	71.58006261395875
-82.84940243213764	24.769936402030464
89.00977764457562	-104.84476296945759
-38.44480927262231	11.838702324746215
130.59849484911368	-40.11925213462947
-73.53922914121343	88.91630986474487
109.39810832641373	55.500759366935036
83.02706264425115	5.835764793335215
37.92049997136931	82.27251590192802
103.28093100783835	-1.0327857543568093
-111.45468407276817	21.208747838842047
-12.701584528350937	-142.83210884125583
103.20440839599769	-6.464120263940154
-64.55796267092461	33.87066200087773
-114.72576979980741	29.93793298061796
-10.073048766480564	106.76795462972188
-147.46892779439077	1.2492127810149578
-78.30382496950993	-28.975577790879395
85.51540108981563	-54.1829638358483
-136.3084549805552	-58.5061246086446
108.02210017982661	-24.689033885648026
75.1101694717365	92.00987678164351
94.51622785204438	78.84199300514703
-42.15348216978226	-27.854331190931557
104.2810655749803	-63.625959492391914
-79.79431213203378	-0.2336932203189839
-118.77646524139855	48.96442589030021
-96.162782780953	16.12328141789604
-79.61048322052481	-89.37746581200525
105.76664416652982	-48.94852641686455
12.488733340987913	117.20861179883904
130.75494388878533	26.09192865422888
-128.43101351573137	33.36262945221514
35.65210023202449	-90.79828258798877
104.04900898975254	89.01471411797064
-98.76046495578466	107.33424404136183
-123.43168658634093	68.39638926226468
-91.10400997956224	54.5254204591952
81.49451520045872	90.86208796349999
-37.886781526972136	-10.235351318601653
-101.67358269534951	25.3981436224585
72.77201751113337	53.10147634275299
53.091497181056724	91.25944765211975
95.29676770939534	2.8627507480466705
146.07820361768205	24.131767676394063
17.9328758263321	-111.270551267373
-103.912711298435	50.4738370064073
-104.38055658813242	29.557288191104632
-115.22614928205337	-46.011489935659746
23.17934187085401	131.93751498416813
-71.24585110705483	-19.90969605213377
23.522561966481895	-131.1389824966097
-138.21796532434098	50.70364193001894
79.42073661240221	56.210121192416004
114.6727251016548	-70.58223485616465
-96.149475832951	28.267160208660986
-78.57420344590277	10.80418583710652
-85.81666401691292	-28.836572093062752
98.84336776925656	-85.33261981680057
136.64148000391603	27.09402450646165
19.63323833057046	-81.66985794531182
-143.4199892836272	-15.07101350088773
49.58132398024079	43.128442008793456
25.568108478914628	66.67701208832209
-98.5391521727828	30.251922790288614
-137.7292703398978	24.985898951247687
-76.3449850223486	31.248806205108966
-80.97539612836388	25.538957067118442
86.8297399348171	5.347810171694053
-40.91731412803429	43.842596005086754
85.77925465229995	78.86356048863333
-69.16251643437873	-42.57110400773592
101.66590725823617	6.017862364549713
85.91468959919314	45.35343130937473
-57.20877960892476	-5.8251281369251915
63.09471716279223	132.5708691652845
-80.97781659262414	30.33136104330074
-68.59678273784121	16.135975223517153
4.159967389800724	-88.3339232163397
-92.52835164084792	-42.35920269005712
4.272893399397735	105.25632348715814
115.52292937050787	1.7464978356105734
101.26201152203402	-61.51187854968335
80.91020918279402	-31.085351027792946
-51.987066933143886	-89.77907938376399
113.79036690389457	-22.212895510282603
-23.032398364260214	141.34102960882024
-97.43450831941853	-22.538452111624117
-41.45387065746561	-119.37115010797464
-53.66398518381721	12.370385001080104
-80.6000347964805	-17.820936754147507
-79.31402061715104	77.96217379063313
-82.62815418162405	33.46177549539948
107.05998819078187	-85.77828416342835
118.33836492033285	70.30177446130944
-36.972577263700074	8.539230079558637
-126.20062133095524	50.62189451885158
71.97401352636264	-57.09511791887327
-71.74016740371952	22.968469993999534
48.98031608102618	41.69439669903394
-45.68008366892917	50.31011469518355
-93.55075024767831	83.56016611412699
-61.2595794360939	37.40542525129132
