-123.74335936928625	-6.143308013757118
106.67194294159891	86.92843923032531
1.5139185595101408	127.68651243465158
-118.6003128274219	76.54033644938508
-81.26302904751353	37.00380386756182
-133.11657432002843	56.729581128494445
-135.2807706781947	55.70542335330969
63.12591236924028	-92.43288355736193
-74.34675180576713	125.79711469454725
-18.008024113043422	-106.88070374843223
-97.30675712981666	14.362434214759585
25.97276552352574	108.71493306150992
-75.92038588269797	95.37753342445686
-62.195720267717654	108.56935473775896
56.877779305961106	31.72240813702494
8.375784710042957	128.14146233472744
-55.10970335301521	72.73371927980918
-91.51015496613405	-51.55372078036766
114.80559285853518	-13.489730294204092
5.635281537219627	-112.86093623826278
-67.40127657363769	-8.288876626232152
-142.70901001455405	17.691200432356293
-125.3446340557229	-76.33304022794319
50.99877613021122	134.80472067158954
16.266753945665016	143.3501204005536
69.01430805091553	-103.32467725755488
90.35855839405184	-77.32678987879115
111.73698287686345	-18.9415050652792
-105.02050330527068	-30.832365648792894
-75.03105980992623	49.44482436286425
-105.4423223374632	-8.92422981705365
-63.49714118133791	-33.692613148836195
-118.71089750675041	-7.273718762522615
-54.634886478202155	129.29347989751554
22.92743873221404	80.54481740500056
111.4310991324235	58.264105750193806
23.879976076401046	135.25347684913902
17.98751909437241	142.84525105088952
-35.96313084390776	-116.32374422217221
90.94400905247188	53.01084183898009
-118.20308646794322	55.5360676187057
-20.17661406049135	-103.04109940683763
-67.18516125437506	-8.453394287678286
107.1360594693886	45.476856952453936
-24.331895893346406	11.064210204377757
-33.31062865646038	106.119494287259
-114.03889059365156	28.06831045317217
30.904727940623637	88.21991128956289
-90.94712872492545	-62.72983193423454
72.93198215123472	-120.87026228469067
-119.86926912663102	33.16780018078331
-128.15887964741236	67.61435313417005
47.42423621355608	103.69161098708433
93.58769781570234	-50.83279200513523
-77.72491342874194	15.612311260979872
96.26135222697516	-87.96576194235593
-39.614063971282675	48.05039970642019
20.643947052049782	-100.00418723521744
53.17722256740071	41.36608563658748
-145.209631784506	7.386406754114809
-107.96556722331296	-29.915369948092632
-44.90968291855247	100.50876583579608
-128.3798438589561	29.48897275084194
108.89671666286868	-2.5896429354640027
-141.71700544022866	35.06609408219462
-61.48283062663777	-39.457784328094796
104.63075533785779	-101.4603280879849
-142.21933813969315	-8.883691401044977
-108.47826398094661	92.25557979812041
-95.1578882247199	78.19772067427658
-54.192968675625394	23.616716722417365
-38.3695454017992	47.77131304492678
-128.10706954394402	19.09780933351734
69.94919858733925	131.81323696677708
-108.92872848983517	57.667485113243956
81.27275698709704	86.15961164758458
-103.19222594077473	-58.16873475404325
-113.19244654024808	36.33565448919555
-44.524417887693815	15.80099670421028
-127.84140879996052	29.736678357218164
21.009486365036928	-98.49981438411534
50.426576474074245	-45.10501439243756
26.779808123446315	85.65333160969907
84.92655560878235	23.949113566421836
-19.032704368819473	-7.230858687612392
127.62630193837238	56.56054694050134
93.79038869103327	114.74342862175028
-77.59918686801535	-9.626172535097988
13.60129400185052	-125.78975093153149
47.961788844020525	-110.68121820891861
-134.74883498158403	44.53172343164601
66.2171036037002	96.16787745788876
-20.127503752653382	9.286792353388126
-120.65904863179458	-8.640860245526492
106.1865443620437	-54.510521406687666
-83.42930330274244	-90.27632942591039
73.77055782867345	93.48726694639345
-14.569939191499543	122.89813193581548
99.62803274210087	-64.18063196783525
-78.59419334510712	117.54651742536792
-90.72285240941075	0.7982852410155779
98.41841738535999	-44.091664137080905
-73.22939390229408	-102.86839951364215
-99.45357735460009	55.70957228771459
52.67448516965224	-7.617329991743771
-25.16284263228816	-81.4091559507029
-67.65390975636704	38.364402724044496
3.7864184570302046	103.58969828007754
-137.88553405486465	40.823950817950006
-45.03402564160155	-134.62416521262557
-115.22359141298135	-23.872070546044387
-59.37041870640166	105.88692084205668
-110.99647910631893	78.14273751043486
91.92860504339941	-12.686895289432762
-80.57707155486268	23.666102899255854
119.69189359467303	-43.75939822509594
12.94304604695503	79.13748418844426
-85.43442358619296	-29.86559204429945
115.91890077089693	-55.19367199062127
42.50719068087006	112.42807745536462
-130.20716591019126	45.64764041656529
-142.23916934802568	22.31981642532889
-66.82293320250648	96.34020727828408
7.778530988538613	109.92273561994362
65.08581927612217	-102.27194949324823
-107.8379519960576	71.54144756661913
-90.97468262889424	97.6536625845227
-104.17505914910228	95.70820971614039
85.3406709407325	96.06305832801635
-80.2910646744222	106.02364037633548
69.09161099800477	-20.214148445791885
-94.31211175346466	-2.888319092989769
5.35434364199969	-58.340605998018496
-95.64735316131119	16.07120782396201
-133.2652044147719	48.704020994170136
136.6848330019713	-50.769967885333365
-71.97066115293573	-95.43746577611263
122.52280640366708	83.22647933758128
-65.91883249297663	-105.22593709983956
-85.88288244549148	21.990737930619115
74.05926036781237	-1.1876072953202939
117.74559554330554	-45.17523209578021
-98.951062973169	-29.514687499980152
36.03691499455791	-67.06769830653641
-128.82511982744077	46.31551267472129
-82.72069675000026	18.027430215286824
122.40681669625968	5.745195734287832
-85.50279554939958	-83.5043446903458
-29.98988487161814	-46.078932289669396
-133.11755837266261	61.908473924345806
-99.89959096375095	89.00556495848103
-107.04326284232093	82.06987079945308
-107.06495660976023	-11.683106707029545
-59.972382017665424	65.9775831398326
89.96916225992535	53.23639238966915
-103.69741448828299	89.15507849574334
102.40706057412652	-59.90105723582333
102.67165289067052	-77.26951968484859
-18.569311961195808	120.98342509636244
-53.83470355990055	129.4479972679838
41.00884572985361	100.82161839900472
-70.3462956294962	104.68729753530218
-40.233006472947224	-12.47369304304187
85.03988466470355	113.58503213397421
-118.09081609634634	59.59627982985572
-95.0719200957857	-3.210557625718264
64.87261695481901	-97.69072664277725
110.15864964217734	64.21492293502425
-67.57947655668464	90.20407095974296
-77.9496335038895	-51.63129508351874
104.28113222793827	61.89325618481218
-82.86141326233658	-0.24342228487358253
-84.95015389452584	35.40497100693413
-28.40849935481283	140.7085497296081
-82.70833519542188	8.105560808368038
101.04614751478323	-40.77293228294874
126.24987255472195	18.482153261028976
70.68416643569398	85.30484821852377
-57.418602064841735	19.66509600209687
-129.90615701726045	-52.88957322989686
-25.619317434813723	108.02430606206971
-13.460258288690614	-103.58467215028982
81.25001382821031	72.84552201566946
-0.0001982582528704117	139.68285230500265
-123.25157996343592	51.16670916405999
94.99498306893948	4.056017850768043
70.76518154624544	-60.21280903873763
-57.07999161259556	6.747726888248882
-147.65079148710828	18.805210101620425
-37.299762552623854	34.95961257613096
-86.46410358715174	-39.22195605304972
-123.04348093271041	23.634539938893475
-92.04857155185357	-6.701922854282686
36.299979285923776	66.57927358678445
24.912045779150557	-114.36660703071887
-74.0407994190657	101.01631942124713
65.73997512298132	81.4180011599213
70.25502180565958	84.8934376364695
-77.88485970400072	109.1624909229956
-79.74898299763386	-14.011451125796958
