-106.57306338253261	-8.163750087812877
-36.27797971291593	68.51665645339182
-20.95436344048061	35.1144231636004
-56.82585012388515	-64.95564089367907
54.83536560371636	90.24254644531591
3.7282155748585035	-35.716158182430014
-38.767760275176435	-21.96155867718288
66.20237686166209	-39.18307080576037
-60.03222718981093	68.23078560641129
93.51821429223043	-10.196658558730654
-45.766240342217536	-23.61964725431977
70.28789914783405	-11.857137530477468
75.62080735609739	12.982937504401894
-5.3809555248058984	-38.63715869688273
34.81793267921091	-78.26209061361781
38.08216937524214	13.218689900072645
-110.63696383892427	-59.89377014742133
29.8796534558386	-88.27956194328605
-79.51448635591568	-32.083877891681524
49.12333236106962	20.824194500029172
-24.836175642426273	-66.92904173054256
67.17759207332254	26.889371959206358
61.24227994973177	-135.70732471465203
132.114967369589	36.61961818306591
12.04406799150344	14.083394050024088
-18.507951901698462	116.3455156363803
-50.763377111278004	-56.40085738489674
47.927482506182066	-7.17198152955358
93.02129115204464	84.9884348755819
33.96789884537502	42.512430077193045
-67.88180407914375	73.32276736716774
61.49447406302106	-102.18681846799382
-109.3374188385237	22.835517406366883
-64.50325322784606	133.5514321706663
-123.2522804138675	-49.88069935393984
-8.720212902752792	131.6939970150469
-72.74597803879387	52.04727702774205
-6.8174885604880435	11.934002749321069
42.89023465448556	-121.18033540502209
133.31319969034067	-68.713628087709
5.744060756149299	-95.39017606787934
-138.13501278594114	55.61370756533875
-56.44526212541338	-1.537806267437295
57.72932375614519	57.782809645121205
-1.2208761649069182	-61.96664768724827
-84.97718188326603	-58.909574349435594
109.52998183772262	-77.0406685623938
26.734307981939025	83.36764861941828
8.720862721789468	-142.5275329166432
-44.18132916907741	-101.52189149525236
-10.171496879586577	101.82627342891814
-66.02007627350353	-115.54071134554474
42.482373352329134	-21.856958566860772
114.99388714591716	-64.69804109331476
-14.024446204432017	-72.59293982576813
75.88905907875426	23.64599382060716
80.69736514737009	-83.52032781289724
-78.0026853966908	-119.20195314861454
-42.28475430780853	105.95355549943913
46.4170190740881	111.56532027539605
98.49080290230545	88.16427853602552
72.61210100308784	23.712652007911707
3.516939344820403	-136.3832422834201
8.61463671596558	96.59136290716063
62.13842979362376	9.542989381427988
-70.90007536236841	53.393221493798166
-73.9734714502913	8.11637451409235
34.86272638940576	62.694867606921896
76.70067360642463	21.787120954865806
23.8134097039084	59.19345276270691
-52.81195886691021	-110.60825708327225
99.31982822896425	56.439226198267235
-113.63836874938895	-40.942199991024445
53.281715933757646	69.96331205201741
44.04188985889023	124.01336014951524
-42.26698127426814	33.61099471050169
91.36370916813362	67.10624866524203
36.53007534943786	69.73697348257993
-63.46064428096179	88.56618651122722
-40.95420689297068	74.86380554495699
-0.6104665542737794	-133.36469564746233
126.26395829776393	64.11730818458973
82.67498370323194	-99.36259152987121
25.408198713426003	-57.48962495309141
7.88849821534713	-78.24497945328262
-52.417656149375	133.93261663228358
43.8484355828507	-88.96497945397459
59.632419669666206	132.74235847949708
66.6922737184139	66.19896997438222
140.5390460874801	40.78855707316802
133.95665570966668	-53.709790681790764
-43.45768901822178	113.9003261184725
12.246667122206967	-6.973358931079684
-13.439696042664531	93.95160943134167
119.71011660205642	-78.56384920097133
116.1815938369013	-80.10504827069191
57.6080310435832	-29.95897630834725
-94.74365841885725	2.2902726291229403
91.28193091073945	-102.30631684551597
108.61482811381319	-34.71412985994379
-62.38768184678535	123.17471293379906
-119.03749491850355	66.54202396696324
-27.44522150274979	-140.2323249935473
-15.980334656246459	48.80668129111481
1.3679864800491415	-57.14428489091892
38.595626421762496	19.328237708477992
-143.48569638209113	-21.34019349475474
74.33712335237568	71.86894837268929
-10.228420653314128	36.64284772358639
-4.607316672229703	84.93053302345231
47.140934097571936	-75.39573434772444
46.898223206919944	126.55296396474068
46.18687921893219	-120.0624931519479
33.964673214470906	-119.82324310663606
-22.178947342603525	0.15565371836725
14.506594030146516	142.40861683633486
10.074067646239694	68.90940913012659
-116.0926016996732	26.00748807913374
37.23804169174212	2.063181698495548
-42.000913099726	-8.382145662686328
14.038169793799577	-4.291730626239425
63.59852856341192	93.21265561520507
-106.5857741094138	-52.91989535021182
32.728721929357484	-8.014523293274628
51.73661024802872	-62.122725851611214
81.6234055995349	-111.78257456929138
20.828921678468976	-42.96038029659156
-25.297173938771255	65.05662297692301
75.53383252568813	-61.99550253535256
128.4182853990027	-49.59749272317497
-75.6974042696509	2.0016774288407175
-91.4850398832784	118.6004651054546
-76.73392996433536	45.883491452213654
-47.06605473807445	80.49770995049546
12.2622827768641	50.96102448237372
-91.00282798023493	-83.80297171861933
-68.36210592811761	-28.365279581270862
-115.67993846392562	27.706907642696617
58.394014480668176	40.1396059011217
27.128220332768855	-89.39343194089975
63.081346242442514	123.67645622840057
96.95318644931376	85.00272140050096
-42.20536356235274	-41.19469062031422
-94.01229210433043	69.53504655357135
110.63119567014736	43.64806075021296
-27.79498613863622	35.57006324628752
13.966319923886008	-101.41779493926211
-57.36679118533695	-50.7354922280165
-66.72165226472065	77.83732607974187
47.27892710591867	123.48603304211336
-40.35546442127356	-43.95766812599955
40.064023031101485	-34.193839858874505
-47.21748557033151	-61.88804566550334
56.3589918158459	-135.09204889370633
-128.53040583301203	-17.492270523375847
-4.182182005188558	-20.500396752325923
75.50129836959482	-57.63820694974289
11.044133228199984	-75.29596038663985
101.11341599770316	-64.29875499299611
-92.28927463982222	42.62358491463161
121.43285971749943	-83.39830567984446
-50.692641864035565	-48.55173743533786
78.75386762837246	-83.81287307776147
121.69580313078322	30.73852367361935
-74.57440144349538	-114.07830494715235
55.25652061919178	-78.12531672698033
56.99527945671235	110.48656498391377
-43.47117230989915	-70.23026615462467
44.913569315140734	-88.20988249348825
-33.5286589153478	137.93998507834758
-121.0419211221919	81.98642900502222
-115.2346142619066	-53.799386444206256
-91.11167788896199	-11.02631827593402
131.73838496480658	33.11039415794324
19.635061082415785	14.016908186606463
38.81533169612801	28.375218280332827
-9.39366075605346	121.62511338554141
2.1034046829366253	80.92384464616157
-7.146990324895447	-146.13387849265686
-88.88470408625693	-43.71353510727997
8.620085402180163	-97.9101761126779
111.79709045512475	52.51856381380407
-130.8497835704074	12.191258813872045
-46.25085394627463	92.5252944715981
40.76521315764283	-56.15351889886988
-34.57547473732646	-127.29485852938046
57.82863994095523	-62.1590869240852
60.11756828372784	18.051877818197088
-21.73221962324973	-117.21610343105438
-43.69536889058638	-11.221508133867761
67.11609028264968	-131.72268451032818
-119.16440489009669	-5.364984292817878
-144.21045122024114	-37.22895351193681
82.74323059643983	27.904476679086684
-72.41423837963794	-128.87317101197178
-8.291352169853662	56.62511857020251
30.028051475571736	3.7347693889387563
24.903005737215768	11.044531021313496
98.61087463952678	-27.119711305803825
-24.532189997959584	35.577606681343724
