-33.05853492101216	64.0110434659064
-16.654283116342235	5.317104838753993
-50.20152959075198	-90.70559130721024
-37.150191849206514	-27.559264517313096
-34.81845302194554	70.54109076283453
39.50357437316066	29.186476662048054
-37.77570674485787	44.12917179848786
-15.483294400194383	-90.13538673268772
-5.278396535603298	-40.30941253533925
-29.820157338873933	-5.4219836666319505
45.741984427818224	116.9503890497052
-54.05448538313496	2.769488535063364
31.218858730441625	37.94101236253692
-28.773074521490663	3.0164769377337897
-6.024169250326233	-9.684790041381213
71.80098511743545	-67.66229706868546
47.05279540728122	96.515249377394
137.9413651510851	-53.1621458032975
118.32500843143949	33.49252029086754
89.89428192678864	-55.38889502902566
-28.99806394158993	-37.49213348989934
7.297192233306814	147.60038014891532
34.87691515354991	-61.70773019323065
33.55148964529265	39.22546958654261
42.08039678746379	-3.61565022643334
41.74558450648287	-6.817582310149151
-43.828181209147594	1.2553649546755157
108.63929290359043	-3.653373191856347
-89.45916320306397	-77.71378061721491
-59.4468909926889	26.947050820196555
20.548703288964003	130.79210666719362
-68.61478448711298	11.913279029881474
92.88270532606779	-60.22464407994144
0.21347497506414428	85.56240210677608
-30.705180077684957	-11.055253016956877
65.67543232567542	-54.06851311476261
0.4760008987038428	-113.86394149851967
-136.57839804922108	-51.723298443810606
-43.06767339866075	140.05797625370892
92.94686687241307	-8.912841827152972
-35.024072365238865	-105.00878985450241
33.821711800656146	61.61960948080258
74.62606756946046	2.2751894593983137
43.48563056805035	-71.06235040469636
-88.33757191351059	-41.34081761702486
79.8722452592844	61.8278563160382
-23.139599544552297	5.418687773667103
-56.126116450955934	22.90328484047409
-17.661213045153115	43.84447469159875
-69.5980166230159	63.83065776433173
-41.10636972943107	132.07289358537452
35.87804939094205	0.5004832452492926
-2.3724349772068347	90.62806218206048
-10.634169824694721	128.52036929397926
-17.163695201892516	72.27336611129482
-53.0418864896666	81.45040738715511
74.45417053595688	33.01182959443048
64.71072914989828	-100.06638831145493
42.81229035403364	-61.48492677343335
14.671529625884295	31.42643146359719
-2.069782108559724	-1.9669113387354542
16.395970296505737	-35.14389121924201
22.870368543503414	-10.967567998995841
-11.236207541115355	55.22005387485373
103.33635439459309	-84.72899560202347
87.40269515654576	-72.4491085011196
-91.73259613119427	-96.66591565203429
8.208439575179352	140.81364437102698
35.839934412790434	10.303840990785458
-59.44866555414537	-33.007950315491144
-66.21704833465549	78.54119458584759
-45.493338695033145	88.36285827808919
99.32491942693709	34.81238071565183
-16.802811184975937	28.652982506802008
98.91645620502244	29.047785655388825
21.08996259471402	-37.21772716850707
-54.63123264431883	24.611828231072877
-52.00327459702226	82.68153868284914
-18.200093447385342	103.78517693407692
-115.40184299020027	-36.60122087904509
-87.49102274537256	-19.42962637417282
-64.49558623122628	-6.285395971866947
86.5824908499823	52.35351928502526
31.651084212356956	119.91593246002614
-58.34887658911346	-72.72057965659003
54.40844567606161	55.20420990950706
2.496643673846588	100.90254998191618
-67.64332796481395	54.596109780205026
94.03985176743484	97.69856272655718
33.013941170544264	-44.47484728546833
-70.67892072527475	36.32797489102421
-68.17598249634138	-32.64404511083094
35.85171906156576	-9.008353923953079
12.43589072960065	-98.27223742703355
84.39467856150809	26.895164762495046
67.07426038123648	85.29577922631431
-5.982269435625601	114.37806867297871
-99.36703750987277	59.62578174201307
-67.72397587272559	2.784631887448395
17.079544595883576	-4.510528405142794
92.69479453487202	87.93274310936039
-19.749010867558134	-21.30272783247774
-15.796931443177954	34.23870829265956
-14.442633490197695	23.15718482316114
-13.466895404751979	39.135886009063015
124.78125569765857	-22.88906765384367
-54.08589696771871	-115.92724715178704
58.90667228178376	39.074904781574155
51.66009909560484	-15.22971381630608
4.18880506699244	-33.42527603035624
-17.87068676599329	72.57798087322026
32.135768735598425	-79.37164995982432
37.90373672923589	-22.73007099840156
29.099425297267402	106.95473235717394
4.760686351689157	-65.98531940058861
9.730263490175371	12.227200605406829
-26.05550821875876	-34.621347783089604
4.724049448502641	-14.206132362455218
14.12910093741269	-29.37665332322012
93.44944279656931	-55.70220518292872
34.248565548056106	-65.64821741231137
-11.407601458145383	5.19327801675388
56.78299694422747	-121.52365815798373
-60.83623357568276	103.6223472132535
47.88574118509431	-75.42222257816253
85.77589099066927	-8.817873766960664
-18.211481399284825	-55.95804588926781
-107.73417707947861	77.0724982236677
-71.30078180253453	-112.68999335513831
-118.23346868894427	28.37212155561477
-109.71989063532477	-65.79119304224992
-70.7651254666417	41.01309783640757
-14.403352991661135	28.16060689692544
1.3787300047127071	32.7508306297639
-0.5050064275666082	-143.77245058542883
-74.51130440391559	61.27418889335023
-33.06083951847316	-13.138986121468355
-33.38648965476452	21.27356707915743
-101.17595270918737	-60.6702051363337
53.07502576026415	53.06286853310109
-74.66160150403971	-69.59768591966736
19.116741840124792	-35.97538972769234
96.34957096766104	82.98383701575641
-71.50707560580804	29.432780969324554
-110.66341496379822	99.78314416203395
-4.502474464462055	23.340151045953615
-17.00138947052365	9.014319187222846
-78.82243770721755	71.15031399243384
31.310163411489153	89.3488925959582
56.4797139885384	75.52623277433968
37.51756348036114	-25.905608642940347
73.41093528123858	-13.831235605092578
-84.07068959136926	-15.79527627088094
1.9666422288517982	-8.103933052807388
-2.5826756327973994	4.5494732015097235
24.37203914947913	-69.9855085758624
-56.67952416872619	-58.32862573008232
-81.46663681931021	8.025236481076126
-101.03275145399112	6.098538833184067
-17.184288506707496	89.9247265283293
-30.39181747733281	116.18758637807682
-39.389520933754966	18.93729262477533
-20.93428102567004	-40.013477745319406
106.07349142554656	105.94087833313895
112.76958050740475	48.89169255059177
63.881313962578425	35.689511420258995
-3.530522856044158	7.054449927855103
-20.047808443642488	-22.843607907685783
-14.101822334831365	5.759807238955039
-8.043164322595752	3.3867455787680187
3.8563498448143325	-13.084349435813829
38.804262987807405	-48.08032046375022
87.29871559475629	9.6058564813634
-28.767089572964494	11.922293364846206
-62.59696289779935	-103.99186053845354
17.66537462534071	-58.81993717016656
50.68646699485484	81.41246550655156
36.40852662149702	8.164061433868573
-142.3635725386357	35.76458133519039
68.3354710367621	22.356128226584744
22.924773877548976	-31.45787025580344
15.349157889935048	-72.98838270337119
58.65157184022302	-70.0504934906285
20.950745610600023	-68.07194326068009
-69.92177149501161	-11.84688613970298
-72.6388253624819	-61.80397758423802
-26.780448144572784	18.135227120804885
75.08398497831912	32.46136245324892
-82.47303168734993	2.7552350688176044
3.802975288540609	-19.50254075169291
-12.800456203276093	59.04343738451939
-74.4587586194097	6.12385298290037
81.00496023830362	35.79303926869204
-84.21610830510997	-34.48787955503465
-50.44987517428923	-13.807457363094512
-73.1285830898804	61.38139416535267
-41.666017360535264	-28.087205909285885
-67.54939023726803	29.00231931544968
-126.55286116371154	-24.324020118049123
-46.64975336424526	14.195039174225498
