-42.295389	125.000445
86.607384	-48.722950
27.153484	-136.312661
96.220826	80.201828
46.024502	-0.857618
72.876678	-28.386647
-32.652621	12.585987
-79.286718	59.307137
-9.790838	-4.830888
-51.597040	-118.392373
5.752719	-114.100927
8.870015	-56.937958
-113.177112	-32.373611
4.365626	39.142890
-56.173063	-107.578439
-69.805839	-56.163536
94.463820	-31.877310
8.821010	3.344329
10.832816	-116.061492
69.590022	-54.766311
-127.471364	5.099710
-75.706663	36.693989
101.622105	-49.288739
-40.171145	-120.145519
-7.740591	-117.532970
-105.790817	21.870725
-101.670211	51.344419
-118.610739	-64.769440
19.072134	-8.898731
-106.682222	-35.708279
48.894862	73.546530
-99.323636	-11.786936
54.988195	-66.471356
-20.168219	-21.487290
-60.830204	4.138555
55.772396	38.603276
-56.757454	-129.720213
-3.271125	-39.391122
-135.238223	9.707184
-115.252307	-80.356339
-35.645020	-112.028957
-16.613232	50.305060
-14.087101	-70.283947
88.890056	-12.003271
-79.965258	-75.223262
-97.079201	-2.858676
-13.754633	72.133647
-76.356613	-67.631228
-41.991601	-36.518737
99.379383	-31.318172
-17.390550	-13.156895
82.602764	-16.913313
15.063097	-119.533594
-93.401977	-24.136577
-80.602848	-67.205975
3.092331	-108.126547
69.170730	68.120331
-84.747711	-31.663541
71.102861	-30.007170
-26.071485	-38.819349
45.992612	-41.072675
-6.748733	-67.993613
12.084429	-125.333874
-97.079637	-89.572126
10.142137	-58.099562
-28.664969	-110.038111
-9.467446	46.846911
-53.528075	-24.821620
-40.886720	-60.371286
-62.799491	-29.545573
-92.605438	-52.894710
-65.169414	-82.852230
-67.293039	74.603056
64.027115	-34.046316
18.882397	-14.918365
-22.812413	126.382265
-24.355747	-130.138417
-34.835132	112.824401
102.534246	-67.372364
-24.097532	-35.920628
-33.331420	-19.584708
-33.013971	58.230119
-106.879242	20.470040
44.097623	34.189625
-36.270350	-29.161710
-6.260075	-74.513144
-26.047528	-46.942891
89.255940	28.320039
44.059369	-14.770571
87.259548	-83.694865
-39.893490	-19.654758
-114.003968	-39.463536
74.584529	-71.516888
-0.276297	-57.617851
-14.888132	-115.088567
-51.108906	109.149738
25.544173	68.608124
-67.153244	-49.715650
-30.232553	-36.677795
-123.123986	-47.466896
-22.663663	-2.827425
-44.365612	-128.963555
-54.739195	-110.924759
-26.012412	115.220116
61.371152	-99.919934
-38.530225	-83.282535
-18.849999	-14.453420
-58.043193	79.741290
70.746792	-98.985699
-55.413248	-34.397652
-34.516047	-27.517553
-35.621203	-108.474646
-39.508846	125.144252
-58.127545	-115.402822
-11.445314	-51.042837
55.941378	-63.764881
-120.571852	35.124014
48.219809	-98.059409
-93.775988	30.472453
38.286782	-99.355354
-27.712675	-61.920982
-12.572151	-17.008737
86.653638	52.376154
-36.215510	-137.822925
-40.507704	-8.346100
-61.031595	-83.498822
58.520004	44.300128
65.494024	86.970005
74.649429	39.622252
-65.637295	-38.280451
-61.613077	92.871750
64.923387	-119.218622
27.785425	-31.368673
-72.935042	105.767213
-56.256569	-47.213823
40.409220	48.296700
-49.781059	-62.877514
-20.453294	-85.785796
90.906153	-66.123504
-114.685725	-0.276735
2.845545	-55.800481
36.333241	-7.482329
-11.074430	-2.007575
9.928383	-39.350914
29.140552	84.491334
-41.361349	32.588855
54.640476	-112.878372
92.513262	46.590824
108.308010	-25.453108
66.991724	-21.781208
-111.759653	-25.611596
105.334273	57.992725
-8.100442	-32.821409
-72.724391	-57.238551
-8.597614	-12.967274
-68.752787	99.789783
-56.907141	-31.702281
-56.913945	67.547730
-31.476731	56.048217
-43.709416	-80.233129
-35.720626	88.840472
-84.277900	-79.754880
-93.356168	-48.088275
-41.454031	-54.689678
-35.735887	-107.862878
-22.581737	-124.259155
-101.900603	-43.391776
25.725642	-77.934211
84.717982	-94.011771
-23.497366	-77.967363
-47.536889	-15.938979
0.020120	45.759593
-101.634030	-26.113772
-59.502020	-103.740061
-0.203352	-41.178068
31.242101	-71.657169
70.247765	-57.113415
-2.203779	-58.203074
-51.427469	-0.292847
44.938106	-12.401102
-68.151218	84.461853
-93.922814	-69.562151
72.485431	25.610017
-52.462329	-79.137874
-65.128819	-36.230348
-44.087904	-25.611441
-75.258102	80.248049
-45.960182	13.714972
30.623433	35.441623
50.002360	-101.451255
-17.133465	-117.433024
-36.537144	-81.409575
-62.823694	42.426758
-46.934986	70.886920
57.287101	20.351772
-70.088998	-12.106626
-29.448081	-50.400825
-15.043813	-1.505714
-104.940987	-14.026395
-41.152343	-124.726499
24.115485	-54.430229
-68.277540	-88.499646
108.232755	-57.980663
-47.188155	-66.206343
92.679154	-79.723421
48.726687	52.242446
26.505667	-92.915963
30.589680	-84.885745
-115.803294	-27.861146
104.735848	-62.480851
-18.852862	-68.320620
-70.000618	91.857565
-101.256657	-49.796911
-4.768335	-17.355680
57.546131	-38.212163
-58.514207	-52.461009
-106.128456	-41.203588
-90.759564	-25.890389
96.522711	-24.543027
19.998199	-145.034366
-33.296395	31.111288
-88.660254	-60.666389
-3.219751	-78.146010
-30.247907	-127.039110
6.117064	-50.116321
75.243512	40.613385
-4.566773	70.650745
62.282610	-58.180452
-17.924006	52.741664
-63.707078	92.686189
-9.232263	-1.211294
-70.654028	68.207203
-14.187476	-74.629140
-37.132329	-132.431992
-70.345179	-18.811350
-57.170183	-53.515172
88.110909	-52.677691
109.891411	-5.132788
-31.819433	26.615601
-57.697214	-10.095623
1.000654	-75.450993
-81.326390	-43.873889
70.408706	-22.349578
-25.537234	-3.509718
-15.019496	52.415150
-58.352459	19.653874
77.445524	-79.782983
89.560930	-70.371395
-70.091772	36.777784
-76.728662	-34.746924
46.157444	90.268348
-27.016861	-36.252504
-70.447352	-6.653949
-95.680824	52.703784
75.656373	55.424717
-89.799817	-72.806985
-89.019002	52.784352
51.631273	-77.875813
7.612208	-20.608155
80.659928	-16.251107
13.009813	53.209602
-15.798137	65.315439
-51.640839	68.950401
77.623640	-41.442256
9.025992	-14.161654
-23.292075	-42.860929
33.617327	-15.821952
25.476705	43.731456
-50.502105	47.265632
-97.896892	-56.519692
92.572673	-58.851881
-102.839853	19.923494
-36.336746	52.800527
-56.674666	-78.225125
-14.511609	56.684390
-71.264692	-43.843565
-92.937784	35.380709
-57.753538	-52.624206
44.259580	-134.572638
41.540747	-11.123584
-16.079468	57.127949
-57.145418	-80.006089
-106.622509	-30.707846
-52.517519	64.794616
-40.247202	73.226004
-36.069136	-63.168898
-52.250178	-87.705580
-26.556028	-73.298805
-94.779372	-2.227902
-21.044312	-20.437096
105.606493	45.206457
-35.688350	-76.466485
-62.384421	-23.060003
40.607813	-70.550703
-26.507196	-56.778834
-97.762573	-10.771719
84.683620	-58.828430
-80.851717	56.433693
-110.638383	-24.050717
42.951596	-3.996072
-29.922015	-4.018798
-95.693606	-26.833525
-81.619535	79.377985
-41.130372	42.497187
-15.695979	66.163036
24.471181	-53.022526
-114.579879	-13.722026
41.335436	-59.610470
-66.681463	-67.214647
-71.684356	-12.684232
-19.733786	-86.824951
-52.020706	100.335469
-57.626370	45.044149
43.109509	-49.889858
-79.985232	67.575532
-23.113480	99.591877
-60.151796	10.432313
-21.534770	42.622909
73.312935	18.894065
-40.059418	88.330179
-7.199053	-111.474838
-94.038068	-34.778657
-20.799647	-22.781920
87.453383	74.126631
-58.069034	-47.843417
-65.678508	70.958408
-69.642040	45.647007
54.669599	109.978050
-61.433969	-33.324860
3.890575	-92.972110
-63.044071	-69.480434
-25.249040	-111.008146
-28.866603	-35.394977
-12.819987	-42.823455
-94.843709	-9.468777
11.824170	-80.076008
-7.368077	-49.913657
43.237320	-126.585777
-75.445524	3.235261
24.968892	-105.203186
95.366292	-32.094768
-53.844800	-66.612409
-42.721112	114.079196
-22.944633	-5.306445
12.329333	-94.714570
-34.334136	-45.371048
-90.342324	-63.399833
-21.365700	-0.601992
-97.699035	25.700315
-48.720828	-28.071944
-78.811817	-34.768198
11.980898	-10.804970
44.966899	-120.552269
-70.730055	-11.875460
-58.085209	51.211720
-57.629147	-95.334109
-102.818085	2.560928
16.623077	-65.332082
-66.143762	-43.113939
-14.622792	-31.792850
-86.893032	-37.125613
14.759666	-110.815420
-7.512632	-69.602542
-11.987291	49.042195
-48.193187	80.209326
-52.909873	-86.613420
68.673896	-25.254971
-15.786654	13.558211
9.938716	-7.722526
45.241505	-44.979665
-23.642399	-23.214076
-17.533144	-6.470173
-62.037163	63.213114
-6.558651	-46.742678
66.146299	-89.278610
44.850027	38.197475
-6.779534	-69.636254
-83.709702	-68.300915
-55.630020	-70.181232
-37.351274	-89.365339
68.628078	27.385231
-8.824647	95.203509
-77.025645	-92.835931
-71.189449	14.950901
-64.453577	-75.288094
-77.300646	68.279144
24.756394	-109.009823
-43.167584	93.655171
44.662407	-87.664052
-78.212076	45.145363
72.714719	61.108775
-9.308511	-11.808070
-109.946709	-21.631592
-67.239888	-10.930138
-34.291593	-54.243339
48.947231	21.194810
31.514307	-7.145930
-80.213714	31.438973
-44.779413	-77.367044
-65.257871	-33.272579