-36.5769309555512	2.6485652123553733
71.42224722317475	-18.808389546169227
-40.339172859037305	-2.9832274918742847
110.70025641813722	-86.95692082062325
55.99303202006002	124.50399592693269
38.743861401667964	-14.884650802783993
-100.35421690872417	32.53943639333238
145.18567554444675	-32.72295309080876
136.50775983511238	-51.736769180391676
129.99699920371853	3.5674729137878507
92.14272494919895	-58.218442387836035
134.37854821617654	-44.43260031206821
-104.60280864574017	-7.110368811081947
129.3615667065429	-38.02535824293722
87.32008704990893	-10.159483756407095
29.21145170921756	-84.46068641967192
29.59060794637785	-76.7177905678292
147.2744750768052	9.602167688967315
-45.10441308958177	-13.423337150913277
54.212081437285086	-70.02454367095267
-78.73898150035929	-5.412949337170797
115.82815797801537	-24.126984339556085
-97.71308767046185	91.76388642766665
27.37095221102225	131.56673302184666
-105.902204321831	10.921926711978166
-77.09148102031362	-15.488164814748798
-113.97270943971967	-14.211587700028058
106.84003146032367	-10.576695512115597
141.78843881931522	-28.938994507194092
77.09793845367315	-50.02372243236185
-50.36934650922112	0.713708907265094
147.9554584850305	7.054276028509995
-41.06971673665371	8.546244073419413
-87.39732643835961	-18.82875919259514
55.68806379119394	64.23475888437721
79.12066302330668	-73.62840164748617
87.1390739878051	80.91688316229812
-132.73593585492662	12.238869936104306
-95.71194715492143	41.129108498708135
-123.2445209345265	-35.464597424133395
-87.93935288408345	48.049986092721234
146.43535047566388	-3.068164563719512
-55.51591846172548	1.840791087350265
94.42689226886863	40.03838618338033
126.72144993745304	-54.80215428494354
-89.82506601629977	-3.6464746678621225
48.69583833498092	-33.8593437074439
107.62970625256247	-38.20569594520417
11.650607034932179	135.16912751130667
-42.62872453226572	-67.96492480414547
-80.82812949172008	-50.26619842050987
-117.84721765342574	5.622175715790954
133.12499085163313	1.4562666733356846
69.72890707934289	86.11653903531914
-72.90902720212054	15.125161530079833
-35.49261830397016	56.896285655338076
-56.207730479030715	-106.3487515375658
-55.6148595171903	6.348407692262157
-45.38534165641412	-27.886246149603394
-19.47535595336743	-38.03255373232161
-38.33927428599252	16.950670785431885
143.27256978178875	21.936943247593263
115.2580525024265	73.01586472157082
68.11128292391501	45.638079216726524
-62.663025817241085	-59.6814401529863
-56.653313499663426	74.54409650086929
-105.67033921888607	-18.921215212199602
-39.577430759013396	3.2260102013358023
126.98113483698455	51.10137843427171
126.98301732546335	79.4539759896586
-89.92753684379636	4.395462101428629
-55.871667943604386	13.997425283190218
-56.408937047247214	10.908961671225347
130.27287125596416	63.23387993703916
-63.38864897695532	-8.535029394346457
78.84545595249341	-23.539281178184826
106.33674012698609	-60.0287659934126
73.92366096393624	44.27248669007399
70.03396376061066	-57.13630538581527
99.57219759444719	50.31185581765068
85.79954682188544	-60.04487629343712
-56.49823404215342	-31.73336138024972
-46.17511341707424	82.49704056788033
96.95869446821546	-45.72450702913327
-78.20747755167271	-22.713527361661786
-104.21683099136769	-6.918468520065476
-97.60709036933011	0.12382587231289141
146.99773971928457	0.2678254419627932
-65.2195726054026	47.923581577442974
56.666809115122916	-38.602190550276376
71.03746868481602	-2.830738124644539
-46.14981578375493	-9.384400990558817
45.637170383642484	-36.78408401502012
-38.71070475230445	-38.88996551766452
86.2576588427185	32.31913018911722
-70.10678964098732	1.7385127973244352
141.86288626306606	46.73507764136713
74.3222373591022	-37.73929548153317
-39.869671497387635	27.54285492619539
-50.416178461800385	19.229888890682783
64.47114287300387	16.90609115128465
106.42073957266612	-13.393821481149406
-56.14341191858447	-10.913211125902558
-60.75843375498913	30.433335770306734
-71.45658469862624	-96.28077781611701
-1.9108911883353206	91.15293842056782
81.4030847388124	60.09476406574216
131.96683970754717	-8.76225574927553
-39.19867037379664	-59.45376640821294
96.52423746301307	36.265568877586944
27.17969136643707	-55.44574370411227
-74.59803953764221	-13.279349531953995
64.509882637647	-7.1124297638683185
121.34230756031589	9.84182188604021
-47.170005278278715	6.276875214535783
113.69608315991707	-41.59756510337924
-73.99525729404337	16.42044760230413
40.95034204564737	-36.24308214229891
128.22753951450784	-9.531611776181382
40.73597575028346	123.94300607360023
44.04092681225059	-16.396628146493672
64.10152920959413	-52.40903831025072
39.2546952756111	-5.96125235478268
-89.95055180144708	25.476196134815442
-80.74316846744658	-47.450765226560215
-40.34213034191838	38.25589166650642
62.88461050100004	-25.545942367308943
81.97559193002802	-52.00055529609967
14.453417122499555	-4.014515242591942
-57.29982373378051	-78.61309220647333
115.33913925915923	-34.944444740960584
66.24588770755696	-46.939716694311755
126.45559746981043	3.6184905027886614
-36.205265719905675	60.84501461137086
-103.40705864612275	-68.5779742911644
39.17337438240547	-5.82045311850365
147.86898291426854	-2.705300136801958
105.46309307692823	93.1767339775039
-115.57706194952824	-57.15644332965832
-79.98268127009734	-10.269770836856496
137.43234898821302	-54.19163147886439
-99.81072357016905	-3.184945412961399
-113.05404430106266	-36.197647614504824
-81.82970486675028	-28.05478838959019
88.27771111797641	8.140988068588692
-90.22696254313024	11.075692011435505
106.72970574333203	-56.9861278006095
140.1425454869197	39.49723252300224
128.46961601363404	18.416679211567544
-109.66444506254575	0.06655042512987056
93.84611076321895	-2.252045898688778
103.54090850388425	50.49085511656044
133.0361459133602	-59.16007229094826
103.92811504797606	-107.56626137575367
-85.64287078326484	-11.617399034081693
86.56105690854424	27.286383340899068
-20.419938551180863	-44.54798273847062
-71.45959200233058	-83.2891473393879
119.50009729716655	-56.543776575901774
84.86438286813744	-122.71250353869885
-54.954489744499405	-15.04808349965033
-79.55163678017688	-18.178700234699082
55.87544151333269	-36.27608580798182
106.13682698814644	103.36864405881033
133.71426643162354	-22.626741927795088
-76.57484066434634	-69.9106621257916
135.2407223322421	9.203545977144191
-122.96523656326887	16.614998336884263
111.3846190124419	51.70488534734598
-90.0867318752535	-23.066386197996685
29.40436480893707	-31.022768984335563
131.7559171233828	40.00987258189639
91.74433353316648	23.062458972293932
47.101765875415396	-39.0272187101751
-72.1982529203216	-7.176490064772812
-66.54784962891132	13.410610209299904
112.96290833823174	3.452566373374458
-66.17155734568178	49.986930267223464
102.05244864147458	62.491718291058476
-54.65311987052527	5.301810034058531
-54.85836721330543	-22.74998029271292
52.26109543965035	-48.16199837681733
-51.89268592865026	4.151626166174991
-75.83772666734592	34.528111048237086
-58.92679069186678	-16.215734845244523
121.34821124177566	-34.75544853566544
55.845184737092396	-1.2647831115689998
-35.05751671882236	-32.236497846731226
-62.21302301064229	-32.08650057321323
114.9701036443078	49.34220185993746
148.43506819790974	-4.651402976994763
123.13533044019854	-55.8307630347946
23.45172800011402	-13.14544537249668
117.1612692288279	42.766839414890555
-65.30041696143506	-12.295314535991173
-82.80118667230175	67.92376614197335
-105.04990609446688	-60.24479599352478
-71.06157774647662	30.340661777981865
-42.89458415857787	51.3188897384889
85.13539236722671	-71.2198720983204
