7.637742009961079	-12.350897132789557
-120.30467508604693	43.96579046568928
140.88030573556568	-12.600871885445681
-36.961431966045026	-11.823685235614244
-35.9326398450256	-67.95610985591844
124.36835430122929	-13.339415788632595
136.38419572142098	31.825127074546902
138.65686332716396	32.757125312927926
-84.97813356767458	-25.29964906798681
-64.09575067347028	-52.590700461695256
74.8862787444577	-85.30933154361053
75.7895026860842	-13.918904858530649
-79.23005472290899	-29.1993008627944
51.18790689738771	-83.63611353857358
-45.17968751946591	-10.502414248180015
103.92484307744147	-65.31289660630205
94.18342859837463	-28.284469786913085
-69.07308156775075	1.853755715304128
-52.309150939610866	11.821453701850137
87.9018105089178	-0.15075288862728675
101.63781511041906	32.61724142589718
7.162527886545891	-74.4607119964991
-43.637566199572454	17.21672386916557
-73.1788248606823	-13.193295858256448
117.64247885970167	59.5736746251035
102.05371112223888	-31.422630619823114
120.2263625166676	83.57804907600533
57.46723315680381	-17.55780184027683
-24.858581445854128	0.9412417034080458
-71.56412055288477	-15.454379745184944
-62.99708821076474	32.88438096046493
92.73021862765208	31.899088556248504
-68.24666038690012	18.456645353485218
-38.60853355066044	-79.20351589829409
-90.31228726084532	-29.26095818960813
-97.47600083225889	18.96325170720622
-56.500292109164356	-16.046678993673776
125.46536969506008	-30.213849596145007
44.56098097848412	76.40415752936451
-55.22132408575711	80.87371564573955
-73.22289309213218	39.480131895785036
-50.1314411418862	7.319325929098718
135.991354681588	53.805670181981526
-98.40253514445646	-23.264801695758514
50.68145896640134	-71.09173557526863
-13.1397027189159	-6.5945118227547415
48.94633208357348	-62.07598027833743
73.30015762321769	-21.07210530766927
-57.48655750554547	-39.16449797861841
122.61790212030753	18.01168915629516
-46.44963097710704	-11.684821357594105
-47.39173622992738	12.80387793685237
134.07124178354795	25.228904502175805
143.9073040245394	-38.482973283352486
130.22799148980934	41.39594570193647
75.99757098388943	85.00196535889127
-100.7255039489729	66.619435314529
-103.49071771255915	34.54471060555638
46.4084136763055	110.11858424043079
89.22229358976746	-22.992248954346778
-70.98982350954711	-31.522660919598643
-61.91377812129285	-82.09410844617804
47.42312702793405	84.75826313743319
-47.0602789584086	-23.82188245298259
-12.78521610522021	-0.20604271728126858
-115.5435417527125	-66.5133287262568
117.17481912173108	20.829252013778458
-91.20989245459407	24.349941373137302
-53.90155553211861	-19.368259624522675
44.66272513030588	-15.255326407373504
-17.779747079522636	90.41978838329543
-84.36744859813359	49.758431947895
-31.013051547520824	-33.505891994369655
-55.390345849837026	35.88738994194543
-105.31119082479059	-17.70428365283758
-66.21106549508234	-15.330438049149214
-77.93379764923213	-3.7721425084334452
144.36957273604338	30.645622415072577
144.12587325075003	-18.641296370530362
-94.78524219512315	101.37495746639829
-4.598096809599156	-91.24994778260164
-117.71289536049673	34.54361200459771
-119.69948780978338	-14.51120407858664
-91.22705566678346	-1.3278279280487313
46.6583319144437	-20.527190585193715
132.34407208009202	9.366263977249895
-5.978336127293228	102.91391486037816
56.899406654566846	-31.36389020947384
101.54861515717168	-74.51437841722579
-95.54398101503604	1.9878360114079996
54.480452441531334	-28.172267570503305
-92.16673689557527	-19.151088340578923
-120.72509953271741	-6.610513812507905
-52.60545212534998	-24.071902985561103
91.50645992532326	95.31706645108389
65.30653018400413	109.24523363195941
-88.83212952136566	-50.38772535014251
-85.01124446130062	-54.73253311410264
145.5046108013151	21.94761348832478
-7.293785440355492	134.82913425438798
-111.35930916327771	-25.94165686896486
129.276470243998	38.06643673458136
86.54005578070226	98.94505415152648
142.86088599529577	45.124178705607655
-117.69916036568965	17.74400406278501
121.46647753849753	-46.650862337504826
-83.6608910079615	51.547414311586635
32.90505784487291	-64.75713944209883
117.73816605849771	-28.028988797061093
95.91662501454854	44.32552892150963
-84.78944413455899	-27.433275155337896
-61.71963759437438	36.188368986675364
-36.3511167240861	-74.73407983351846
144.2474998025721	-36.70638409945847
-118.50713845451519	20.088095178615493
87.18501764656247	-1.1666090012456862
-55.353420181586046	-12.63811972547943
122.77457331693266	-10.257832179993118
-107.30594508424302	28.82914670830541
-35.709438573670525	-31.832698979903498
31.06012143849229	91.32294008742896
16.435690969730114	-51.62845504784642
-80.00430754463451	8.564401513456632
44.89152830344813	-20.9295323290926
101.29998690918836	-79.7065510603926
-63.993049299574416	-48.21091210298392
-54.02410048180323	68.52337882819126
-75.78882106473752	-23.148288054637167
135.6253997154657	-21.561641958498512
-74.12007275895394	10.34310758407265
-63.45846873515685	22.884609647983336
149.04185963483923	-12.104738893406598
-87.21110930585834	107.2294884943639
-58.82752314446588	-15.854549852795408
100.73221397421356	87.54334787038071
127.76542394734913	-11.604086607849252
73.39817015840056	-58.17755104611656
60.72672099612061	-60.140873304935994
71.18994552819161	-37.30767075162698
-57.9338771213294	-76.72668926948266
119.09955412450734	16.343955716513737
-48.71076577280255	-5.2752290548639875
-104.16641073474197	-37.392987355256146
-46.01900867473908	-46.99733316018202
-35.531701033982856	-56.02231756937607
-114.76269395045884	2.5755880445195696
-105.75871986027958	-25.140644200417082
149.03092095590793	13.393704884126594
84.35068599765177	12.22990026178709
71.23484857454037	105.59857945000347
-56.904960079461034	-37.34683356069932
38.362534613794764	-66.21455786603953
-0.07485574412820825	-23.410314147317628
70.32065101617425	-26.143625287974174
-53.08955464153144	73.39354367476085
142.72608425597855	17.683288701657894
84.69936784344839	10.139854205677326
15.709260851173473	141.49209167838376
-88.62219385312842	21.391027741124745
2.5628669729709173	111.5984810604834
104.97149146788148	57.35897903578993
-78.00051261718735	45.86557759585757
96.6467860783988	-99.04543900131739
99.89492709105313	-16.688211566932512
98.34641123436502	-30.842305256100143
107.56364451380612	-42.80932246249153
129.23250020678122	-8.726256734365936
115.70010146509706	56.41939832436234
140.5583493226404	51.16952244365597
49.99150982885097	-113.57441045330981
87.75240483141013	-83.18133063049457
-86.61865407818568	-26.828111530252265
75.97123913669097	103.49585252592975
49.912693694916804	-16.398943843115948
92.57613046906471	7.838525561544034
-46.072455816890674	26.787932632918707
-72.88280610169764	-30.36279436567233
-46.86148461528944	-13.12824113067531
-36.994117280443156	-13.201865304436067
102.43772690541789	-91.17191693561163
118.25155695443964	0.5717929759376623
88.00538701866441	72.40595899804148
-59.84066613798826	-30.961743089229085
101.36491645260223	-66.60840442262408
-84.0407879138671	19.05613661964081
-82.66161378826993	-21.806645961215796
128.08425629253028	-60.90213350239621
75.74458242523762	-33.83040344009591
-52.644508725215736	15.42157870599038
35.0276229546511	-57.319424779858956
97.94878835915512	49.518087848286605
-94.79545885454277	30.85477683178871
45.04968870848059	-53.47766410038648
22.748306503331612	-95.67614496290841
68.69012637760011	-42.76546557264627
91.25603132561305	-65.18688968902605
35.543513179383304	78.7770436678067
65.37277343396919	-30.632462281034112
-122.92634557816028	-25.93067254745089
-65.90095490504406	9.801002562553588
