-68.34979919017871	-28.22691419205352
-45.142323552831975	-52.05987744910002
-82.9797821509417	-82.47517419842585
112.05013480584033	-47.36912830545883
-99.66872301042314	12.846789995226905
-52.05012853481221	32.98835273834199
-103.67779502831873	2.0040512808767565
125.83979767442773	-0.20023912998699317
86.50165258607825	-70.59325584530174
61.24771863423971	-25.61081430304553
-19.946503561852946	-93.34389352661655
-93.51112823246507	12.4720768067483
-89.8440632026076	3.9072875589384277
-75.73539200806457	-10.518172889714203
89.66704411894331	3.5966368601913667
90.10127541370412	65.58708188817091
36.03063044396813	-76.62857178255452
-23.595728185554933	3.3513091532574415
-61.03433477199767	-0.9265468488732984
-58.55684753210124	7.731100263430217
62.66525376206984	-15.316525222593059
69.84953413954923	-40.943222959253156
-71.14389061794245	-44.384349384648395
-99.028616554939	-65.03082754815725
-81.25456776249683	-8.635698982097047
-99.70028160816209	-5.722920649395329
-69.18697534023171	13.205284050405037
-88.87793057711342	-27.577522201661218
27.10406912458728	-141.41134965075665
98.73302370909344	-8.3445911994035
64.9340826720168	117.54704201849698
-74.96729435810914	2.342823061124638
-116.45179226534388	-40.30270658066182
42.779010862023014	86.12262998297699
49.304355777360236	-39.099328389479794
-80.38959409714329	19.824221526034837
-71.91828009766884	-6.276450372407837
-117.27115059616976	46.57943777658687
-91.41749099998911	-76.82291216578851
35.274716283068926	124.41469723901449
-40.39132408600376	7.895550058959308
115.17868546340254	47.97822023242808
103.0244785765324	-67.35282803490195
-105.75388361106775	-55.982967388004525
50.82021549495555	-19.919252036692576
131.85988290442955	44.4066868697656
-73.44425541001533	-81.83169417605062
122.5520868676009	27.422055272252045
84.01586073552822	51.680971703865666
42.909826415632594	120.56318385303807
-76.23139208726631	-20.633112697682677
96.13760195661578	101.18539127577637
144.9794647743903	30.950845707175183
-80.8347174367198	-41.269375836832346
-111.45670562134329	48.40911266515169
-26.32071029160864	-91.81440511726954
132.48044455801667	-54.22474133216064
-5.425629963176314	-81.05148534980712
-57.98448493577986	-24.24178146498282
-35.514271884727904	-39.38204577277731
-66.84823651434182	60.329842753876086
136.6416676309691	41.361610813321704
-101.47135631784141	-32.17077519498925
-12.717597417987706	-18.964049706521067
-14.654032561185568	1.219977408286465
111.8084907472776	45.26112624221531
73.28679635487441	2.289808919656763
-68.20708452275666	-34.24336384777399
-84.69108378924473	21.347997118724923
63.558559496879056	-88.95612918225869
-101.67949201435432	-51.10964464569647
91.54650938369086	-3.3738378014687425
147.08805548488428	12.679725116262404
-34.80125368725352	-88.78383986848529
-80.98967897331009	25.938030194428375
55.37447647795084	7.144073557726461
-64.17423038487057	-38.12180438707985
126.40093655240561	79.42064860059516
133.5176459649216	-14.962602447568274
-75.311934840193	-47.9963076418589
-74.6218664422343	53.87876405742305
55.27981313433679	-19.343281279959402
147.69611419665654	-1.2426910257493908
-118.17638026011248	26.29391556913089
107.43476808957317	-5.633667822346553
-68.82573148649027	6.111711828851485
89.43060697797682	-24.478424056092102
-72.22038085877206	24.128811689011883
-68.90473368812374	25.545958902289538
77.35012542055001	62.58142155028149
108.68028616619415	0.2643899555542273
-99.31124907350386	-31.83608258486628
-62.12623982111628	3.441601839281391
80.66551737612922	32.466289727522295
125.12129716589446	74.55610252257809
-95.42223482690667	-74.53242012203101
59.97403703016245	-31.332047371268445
-71.91796312370136	-38.86546492936448
115.13236987555193	5.049820401440141
136.23547319119535	16.97949794248315
126.26608848378999	-20.934998701422728
-71.87863082088855	-23.014146907085195
140.94880884042357	-7.51061949456541
100.46163703827492	-8.201967488414791
95.41988049922189	-56.8910293901221
114.28741197481274	57.68770905724921
-97.4127900746287	-11.037393525786289
-2.2313439385547906	-79.82324935593199
-56.87329063635731	-1.0277000850221465
-45.15835447571484	-2.6708074582987296
-43.69780208921921	1.3505871916462755
-60.529492348377374	13.376210834762118
55.54847945808706	57.483904670941435
-114.96623535486562	-58.94962606477247
-98.17971555931136	-64.41275378960476
31.403488239714054	133.8349481419766
-51.36981561620964	-30.752122146609018
79.86475527103542	88.36245669671302
35.44847568206741	-56.20649285819191
-53.919453625420225	24.57138946008106
-63.41554495077106	9.880251813542339
39.18783742297312	-93.01577881270602
-55.9894016089909	-43.54772410712451
-75.44509631175085	3.901676667577534
145.5999904856226	35.73898489781826
-84.791259493114	-8.174843561797205
141.9440246854022	41.74012776174191
-78.55321473059878	3.056484039930127
-111.87659277778798	-42.95169685755863
60.713620332018316	-28.089780662687495
-41.62923205113313	-16.598218948094413
-71.95447143799873	33.913983716606
112.27151364594562	-47.55694971495186
-82.63449410856055	24.276647041438444
-98.78167164049155	-41.41365797768902
36.41899342193816	-1.2262123641722085
137.55375020771095	-37.47884475069376
-35.385651266308564	-72.98010513188116
-81.63709245577296	-45.22017456713876
-83.09204530304575	-17.140540778879632
-106.25373733325344	8.087625563532335
112.95095741754788	28.34090012347729
89.21894176070806	-51.80513030217624
-79.99730214077155	21.96950188170755
-93.18682990983841	-45.05128422519957
92.33199529863928	41.924517325517336
129.86391419333083	45.736714246846766
-71.03143485416723	-48.03104892183637
127.01642693450631	35.84778352656138
-106.632421005226	-1.7118267221011005
78.86174674599465	-6.44811320542987
-56.904447930458126	27.283490312809125
59.51909118417298	-68.42495055315767
-74.16623197708458	81.68041484301648
21.342555855797052	113.53545139279372
-90.33238044530287	-71.9981060609555
70.35282539188587	-32.528218575624074
78.03720981225608	-95.40461401521671
109.89941062816432	40.00565093061862
117.74267538573518	84.33884193867438
140.3448167074613	-24.391747940882134
-106.20502626389307	-26.260426359355954
70.59809517486734	-19.45331057620954
72.83239122483407	-44.98174492974158
64.13432349385543	-74.54251740887909
-29.409101799727114	6.6309565061426765
-100.68505562502985	35.74654685121034
84.7097585156851	51.52573554481298
121.9178284250348	43.870611986108194
79.7137495637033	-25.346416455900712
-127.29941257810869	3.5886040124956025
-72.54272355745213	-41.034547777018815
-23.138004159579225	-29.629853825241373
122.37021342011435	11.472861718042747
90.80061961491292	76.13065276510928
-89.9542961676386	-34.40910420340113
104.31987963563846	48.48017039049413
-11.341557382046714	-45.63467325012631
-73.12132143811584	-59.198967895948314
-67.87782350138934	-1.0246960471345676
-95.25661395332358	-14.42460549778148
96.37674592176785	11.73552973755554
113.04679136685873	69.92102984027676
37.80454299175603	-25.707826681801436
25.461247781945428	7.819629604694049
-2.4331665650483787	116.91803040788237
111.21469998534822	-1.4806906045169328
17.738697697583728	72.48946745836069
-84.59340818395316	-6.792607426035626
91.14929447506199	12.947514749481083
-91.51412793615339	12.853947919535083
-52.646974384010576	32.56397370952597
44.0064447935673	-46.716668242261555
-58.83085896117909	-30.1318962920116
31.693296059692887	-1.5625438158129334
5.1596513509650155	111.22554001485
-103.40232356452843	-14.888863419609407
-116.91514941816921	45.749255887157304
61.526976884429004	-39.623033115020085
60.48326516999977	-12.681922955312508
