-88.8072876067033	28.835218671144542
87.95645201000355	-68.237548883774
-89.31650856374456	-47.324314455800646
-92.43329191860614	-37.1608074412315
-83.00869652158126	18.074823621319617
-78.96915399399988	-66.5398275350192
-77.61457655792536	-0.45312542974028813
51.21067407201516	-30.508265931825857
76.18237905945624	-56.15091617932158
133.1946663861357	-10.308129638738864
66.37293263061099	-41.19454973317989
-77.17437721544177	-25.877561189893953
-14.270783206551307	-97.2645659052674
-95.29110514690805	30.013061447111603
119.58869420663343	-71.71210074176885
-54.912947405921564	-63.35109547867895
31.172850921980995	-119.05426270781494
123.4363230187805	-3.2036690551125626
80.88763481714734	-62.19117846417382
145.0884756258193	-10.83639309148263
108.25135714273905	52.40595202274024
82.12502069040308	112.01485253679976
120.78239170188857	39.33788560702629
88.59744892329876	79.91424778655986
44.52634314933874	-121.74499494719912
66.2715040984497	-62.79048913426214
31.30004671944638	-10.057922609391898
87.47697813067649	-61.20541248912717
106.46181232009162	11.861614669808702
-67.5224064231579	10.301875060364472
82.84172915117772	4.376974921705546
95.16748587845517	-53.12983020158237
130.534835189368	-36.3611824520683
15.380174755561145	-58.87819682625348
117.45534978639907	45.61217486139356
56.66610719759382	-33.22773086001908
78.35624706292892	-13.047010677388394
-93.83753812964186	39.198858806664504
49.60236685833353	-77.06758640829564
-63.25659484677105	-43.677495071141074
103.49692747794816	22.116950716407825
-36.945877170252054	17.883550399433194
-131.01411558147845	32.28939270836922
-101.21819349366078	60.89241387429296
-30.790186579883226	-68.34911803558558
45.702090586281734	-29.886560332817176
39.875659948349444	121.84455564782637
-103.63466083811443	-5.275992168736397
64.24397013183467	-63.42976412811011
-66.99286411468411	-30.027711603745523
131.46339984060177	40.09804492963346
26.76291709848631	93.34125142446646
-87.11353195231689	-6.432543195500548
100.98152614537952	43.424746815387344
-82.57961772406244	-2.227183283158375
-27.401465601507486	15.941883685692767
-86.0036702986741	31.666026913371567
-126.87025714624056	-23.94964312816739
-93.02215647168762	50.29663422034812
-76.49013778823925	24.318292762656718
104.22590663541494	-49.04275261642584
121.66511900370867	-36.10302731811598
48.39433272349632	-12.22049394879476
-118.73773349554094	8.672044723341246
-52.927846589343915	-45.08397537956666
-102.42598131318627	-63.242776870861306
134.30255336498485	48.071637123730476
-77.88157588383851	-34.27056697554172
69.17059857912831	-39.90921140289424
-68.61071546444786	-15.668570007950018
-78.94282776791498	11.173673542173708
-98.26038843121425	-58.86690173119893
137.3626821485004	11.957766580473313
-72.74163969584642	13.019637966747906
-54.09603027922388	-102.27916222461609
-48.786094167649956	82.19285108247574
-80.06624368975801	-30.23097420377414
-69.62322313427902	-34.487479470050744
-74.97598198119361	-18.95968734002291
40.298924863928505	50.902694564163646
-125.70244542617327	-32.37864742080992
-77.05208275836478	84.73586276588576
-61.64714341642794	32.6210811286245
143.9993335906379	15.876507443417347
-43.614753713998525	-8.02747516441667
136.13309987390332	18.103445900102425
24.37997448163229	141.36811416192876
-44.409134733442585	-59.74557452992697
-52.922965765761376	-1.4619475867453735
-44.7939367555248	-60.41116105301698
-103.20269713645457	-21.10399937352511
-38.97802526759389	110.87273453017264
33.066369492609496	-89.61687126887182
-24.97869112904254	-74.8580977444922
115.0817777925498	-39.876483135867765
33.27777142680819	-20.703365363784997
60.406283513031816	-11.013624000106239
126.37835866741183	25.49681220336848
115.6049175149622	-23.220940776912297
-15.07940349719748	-115.38014195077673
-71.49050992313252	31.385454113187606
88.76115313586182	-43.24714162816868
-44.500460008381935	-7.946279681365835
-86.61104579146004	-45.14262799568949
83.85097916753058	-87.98077690015285
-44.53316259009099	-70.57691145501862
-61.964741798524834	22.093934519290485
-107.0580506876531	-52.049310211163814
64.72530569745244	67.64062711789171
-39.644676461422044	-3.093605045442669
-115.67782247321725	-6.234419864041598
-75.28999896741472	-35.70502899284526
97.61574085439169	81.93294308421027
-74.25518752781032	-5.4403713986676125
80.12708971320615	8.554172974221295
108.63570589503605	42.197270534953624
134.27719505340235	-24.499173731595704
100.3542202726055	-61.23825422726852
65.49233509864858	-7.401966341742424
-96.87666325567845	-45.08910180291019
16.591408537556614	-116.20799351192106
-30.474494223751492	-100.74348350290853
87.06281416534532	-6.330737759110284
102.47098182427503	-72.116292390369
-63.445931387773165	-96.59307804726686
111.0911345215797	62.85897298362278
-23.865212429473694	-74.91922696141262
-44.16173723020652	2.4394919298720144
-102.3537900561854	6.146624105468331
-101.93731273752633	-24.678455531649593
54.403678022239546	9.405296383703957
-57.11010472482938	-70.16711402614548
-73.6630431157138	-51.71827037488166
-64.79716844113294	4.184620393949241
65.51295103406798	-19.05169679998317
-46.5982771958511	93.14170936957797
141.39187991293167	34.54742259957617
119.30022826009791	-85.88858194059233
86.6850260550737	-105.77997001429657
21.58568440238624	-5.421737746183399
124.32204983294773	-58.50781937016314
-77.1277400726655	-7.692504718975332
87.15338135063386	19.37435314061843
142.39317322491092	-26.109739692877092
31.0486668432856	-23.16442335569817
109.73696483957451	-49.7046943442208
16.019576271955103	-99.61831818448488
19.540695711908434	45.056352779033446
106.560590419859	-77.86551110611745
-61.18157338475812	-29.52553784462641
-69.10625512106945	9.489482214480782
74.6223690741386	99.57928360185305
125.98680340983002	73.72688491898893
-66.68740867548539	16.558053867525743
-70.5001420951009	15.797120824252168
-62.88429308069449	-42.77410426111456
-76.60063736295263	-14.635893540158907
-114.97065212350905	-0.8720264389460909
-35.513344911807145	-26.590966638821786
-93.04919889311886	-4.368785559686602
-54.30410338506463	-16.858402974304127
107.97818990743383	58.534556869336804
-112.53164876069529	-46.002353702122015
51.22444465589148	-17.03735436340547
74.22386088540426	-72.42676256131487
-132.5577855871505	-15.393335812940293
-23.208167478887486	-14.768483177603569
-49.86181734003422	-44.36512775187314
-87.82304045070295	60.471906114247744
111.59695647144001	99.21438564972587
139.59426091170207	-1.4115809541282534
93.05905390724095	-36.37362339114202
58.80249896736169	75.56105225922845
136.69770470320714	-56.7949201684617
-57.589201564169485	-19.115777818925217
94.75474788563584	99.52234873078748
76.7223728272266	-13.826394069947037
137.01213747739394	-15.79338384911916
-12.847423042008169	99.29215936077172
94.98847028646775	105.75926496866471
142.96289045342536	-35.281668482165294
-81.12822587547254	35.18283525542128
-37.05072814373941	-19.674608523637
-106.74035795665264	0.6208352204695256
32.365207037685565	-31.2128040882783
134.21337515640874	64.08260943396395
85.85779896822652	-44.7818310839757
87.4168777506926	74.92743712828562
88.66796513120073	-68.18367590972103
-28.207865434866736	-36.00547181736309
-57.65969174280292	16.456675207713825
-128.08347350188694	-45.87745274486151
-95.99633717303671	-24.676441501557456
77.97531784928614	87.38649021586842
69.38009199381835	-32.13804817109557
-75.3249570625115	-41.4587695952331
81.85849670851894	111.49454897383711
113.082285581404	58.76401994223196
123.16755959662548	16.097985966849095
-76.42118083088621	8.883852279588385
