129.10688011570278	-36.674452031264394
87.23035409769635	83.10317295292151
-42.352359650763624	-23.690768610376395
104.5257037439304	94.51628209056696
-96.90203504540102	13.291112855496413
-82.05736484255776	-7.198774714251278
-75.68752369515701	-70.81925362765904
-60.721409026452065	-5.488658524282564
138.26920722257276	-11.085129535465219
-77.19709075030677	60.31055933154936
48.26553350983383	-33.44930406475905
-64.86280197395149	-57.06679382009237
-42.53093228901639	117.26105293750456
141.73333315573396	46.437510499110424
40.07352695753991	123.89829618196039
43.18824932035379	29.123349938110678
112.12321316363962	29.059853473678803
-71.7672850127044	-4.518965039181194
-114.16484873416938	-56.04110385612505
-123.10555726957918	5.737605376375643
-75.0953625222866	17.388866573811303
73.96188492592682	-13.83855242775643
123.57735103363848	67.75706545528584
-73.51989371250139	6.947789303750282
110.70433353098097	-29.578046581544374
119.83996109521591	11.159561661164561
-79.77362035326651	-26.29206906740752
61.286480815962086	-53.82926336148129
123.74944381916183	-43.27547217176811
-39.06093794137094	-129.15523593855696
31.559663330970366	117.82925265901775
-62.22234924849674	7.820446439546638
-104.6342338457483	22.383443278060284
-126.66173745124814	2.795010454093218
39.14121258291144	-24.463740103761154
54.83682353706702	92.98107951300464
-83.44750732087859	14.976957474807678
-20.757417176463893	-0.9805629980999503
-79.90841451703167	16.031531466389193
142.44991618103572	38.4598284539424
98.82851034141653	106.30819124367768
-59.42226559900512	90.00526265643342
137.3620029017848	-47.6942653096206
46.540934888275196	-127.72594726800594
-19.637494441038776	-13.251638279039383
-105.02244433198268	-30.98768126880469
105.78415603486565	57.73176036636831
-94.76586159337634	71.14885667262322
104.79911351258177	-40.915410447528544
66.42454341376683	-14.525024646175323
113.6623297586383	60.45292701859733
-36.92990850339115	-36.8530540394475
145.01527621329296	36.27563182090332
67.9789381468494	-41.55930406839488
-99.53216654165738	-34.39228699539546
-48.461397480599665	-54.21749747730534
80.6986046805871	-87.4084691710508
100.88522900266209	1.6699428641764025
120.40066932875663	55.74420239976186
62.92780087628426	20.57853050555542
62.187763691573416	-48.84430154145851
-88.12338098033977	-96.56473581718873
66.90673320554593	-17.43551040992417
-115.80527064129416	-37.71724508616494
92.80855862471448	-16.91652808288508
64.12686688218292	-14.10649269548391
-71.13628643534679	49.81021153528641
75.61103635030173	-61.507088360336645
129.00818019902175	-22.019174206982658
-70.06336680651434	-43.60178896446807
-67.5439365068165	-9.417868063121567
-94.50891296253856	-53.903823458815786
41.426646508410926	-81.50197073323835
116.05798281144439	43.23076383862438
138.81608336278597	16.540665675554333
-57.29878462003809	-30.713855633359554
-73.35115465000035	-13.315319357701412
-99.94989293249674	-14.006535580692397
-40.152906394576085	-4.061307847228157
69.10140138870193	-54.006045839071774
85.30367980604095	-68.67742554716055
-100.94922136297322	-10.48190273851196
108.7352324397753	17.62335029387161
3.4839031378851537	78.92300098826901
71.16689476612483	108.79560983338222
-86.16029189319404	-69.43649330335833
149.70690115748263	-6.316267590619848
-79.42261335379544	37.91511005592263
-93.0062588701021	18.83440495648535
1.6037360183422704	63.62409761098226
-109.04149488012534	13.109191844977998
107.52389883333865	83.2512873092333
-100.84648597992023	19.31786168629735
-129.01645234906084	-23.21926356988146
114.50258008132094	82.95440513979459
-65.68087057633979	-5.8254388948082285
-86.71270800497489	14.566983612749222
117.20756023904133	33.922807458918946
106.11500651232258	-77.1851271029275
125.52158575618897	82.11742883529524
60.56627854477785	127.86105989610829
-84.41549368961692	-19.76501470548565
-45.17637981726292	-55.26418213016105
102.3058429643488	57.90811410477987
-91.59709074575152	14.740530429117463
-74.73237461039496	-98.79943320491198
-18.57970477217077	4.198371497899898
129.92410088455713	9.711553272499106
-72.6199303172943	57.93737791379235
101.03119401298976	86.249590236191
57.09670336357292	-74.70027672732924
-6.34065304761555	-14.440767909772722
124.45669738641583	-50.274452993044484
62.3326967074377	-86.40144562110744
-97.2281645381981	-11.016574259855972
109.19769591824758	17.288030153304
142.94132773429456	-36.62196195969192
42.536014975557286	108.12623529644218
-73.26762999240957	-29.470160861152454
86.29182998712815	40.979670364430405
104.15242147139396	-44.10675428039398
-46.194498772768206	9.987274472588737
146.71513633356088	-15.456053219448199
-72.12524907032471	21.954473210542613
-93.67277989690471	-10.809682711274007
114.91067884886833	71.09392104960334
-62.75576446155834	14.330985995604228
-94.07079078924596	96.7276798648311
-111.92048328839289	-15.730019279149573
-97.49057011224131	-33.30771401763088
44.185543450627286	9.314045828967807
94.14220681148038	83.96189090439783
110.04803819882474	-48.03778921521534
102.35865139281374	-42.503928262804756
-95.58499868442071	24.67763996780215
65.32813779004402	-65.53195735367552
-53.429793544409556	24.972967685226823
108.30492818544259	-10.49811395881231
139.98817087212095	42.38319425999537
-79.17593600608703	31.57928507797178
-69.53958131889614	-2.946110224357101
-88.73943811050142	-31.841358921931917
-55.848271898440096	-107.88033844035222
137.99710032028622	-46.590196403208296
44.88442917069265	-33.11778848884356
-67.74827394819441	-8.808348161264542
75.52492512659293	-72.05273905374229
114.99983014775172	2.7525561912901306
-59.59584108194834	-36.33169167070906
-67.27030941917377	-1.8558705323287683
-2.074497364404932	-78.6133920163726
-94.59225092086982	-33.29085454215669
-72.84419536048749	30.21213403124543
15.682433212446483	45.92644215613167
-103.8707504720385	45.11719845060329
29.32841196411219	-91.82090313476593
80.37401695561098	91.62659543643412
133.12968751836465	-56.78255151056469
-52.62076998280565	-47.30745420619372
140.23383428297956	52.41985047637208
101.33184629256492	100.1308583159426
56.94917868761008	-93.4294317179757
111.23873775570284	29.377880358868005
116.02871734302451	-55.92389414510262
-82.52039122527958	28.78912071921788
-58.76774043713525	45.82428543364251
117.10502969633141	36.87501629129802
111.82616146041308	83.32808510696282
-83.02954164106502	13.24185763926232
-8.840591838374548	-38.281548625770355
141.59891661242432	1.931785277952989
63.78437641054645	-20.657959638150448
-115.03903320417731	-26.75990853104755
-57.65828556815352	-76.89617116592098
47.655245762435044	-28.96991039195465
-65.4417607037278	38.62879384265214
-81.29285980957762	9.305889938848631
4.018565517469435	91.64787332334674
-14.460280436025654	55.36498948958624
-33.17587287349476	-4.773875342478889
87.41032070852627	-52.30254686596973
79.38194365607612	-4.35685156814199
-66.79868886707787	24.6797687776557
103.10947195219559	-61.76284909238068
-33.58311098359507	-81.1638129481993
142.70531998786345	33.24033013112148
15.801861669511473	3.6636033601253493
-97.69752559866704	-17.936783447148343
-64.05204764317106	-29.3109109853345
58.421828745388126	-39.60926800483279
128.50146416844066	-1.3708479641492721
90.19527607923746	-84.76147401524715
141.04519847002015	18.63019716516804
50.0300693064662	127.34857167818545
-127.49668249677029	31.00167224934941
-54.056930955844535	44.796806335881485
62.02052083751467	80.52165946291115
63.21687562122586	-12.467281601888088
114.48398343814377	53.639758906552316
67.33394412036404	-1.6334382130009133
