-88.37762343229734	-41.83104103789145
22.740063004219262	-35.91714711099914
-101.8060139088575	-41.16270335795141
-3.288577824602464	74.621125994047
-87.37815411070238	27.731249980992946
-136.15826826634398	-3.123025576040324
-100.59811669768177	15.89932526129587
-24.52345327683973	-108.57250768948514
128.20318487582756	-14.077410978147503
-94.71593766514718	-12.863503342053797
-129.5174250869292	-16.87575188779089
-88.39085051814821	-79.49827215356798
-87.2009324848056	44.38563991869998
131.27885489860932	-29.356290126583783
30.683519507496463	113.50268190073723
-76.38272576275784	42.332835876085596
-46.8742475356447	-9.527083040629089
130.44173353895056	-67.39543657010844
1.414283025362762	133.62098558016913
-96.19188577096936	-40.53445009836836
45.59385483034509	-103.44236870927116
93.33531406105507	-26.136407407891447
-7.921723655323122	103.8068869881647
-56.98845167858615	14.062679130343415
-15.379649464452585	72.4046575991451
52.545717160172444	-8.556736647936122
-97.29400810847339	68.89884873707237
-43.82536409350019	-0.013158415805454569
123.41539496122734	-9.264549352461504
-60.941168786943095	-74.27390758644049
101.41182820044824	-65.2940636336369
0.928540510360298	88.77582913783917
-58.71564863702312	35.74423100686561
-78.92875478858794	-34.556620740986645
-10.328650380617923	-85.91595642896796
-83.75874429968465	101.37224171182741
-85.01003228119289	27.941006399782857
111.98482633663441	-51.910390805787635
35.55002470047397	0.3044264928023693
107.6571498258529	101.01843832206255
-49.42696393660784	-31.35567709796115
64.39538785940158	-19.71067608784753
-88.79865129675869	-100.189197791007
74.99949081168299	-107.37783935706342
-73.70229823937231	-9.396926138641996
135.3369789970485	49.23599571503502
64.92110877310874	-88.07997502246918
-82.69007958738757	-6.313502074494322
95.97718720789472	63.088261359758626
116.59230179204967	14.024313325917944
23.476064912755866	-80.16432158365875
103.44723953146756	-33.35262052024583
88.94006798332363	-59.39932012425017
64.70906770834044	96.77503387032527
85.85404336333558	-20.862119084595772
67.69721146107386	41.09962892817125
83.12536619453903	-7.384368471453002
-64.82068972309375	-26.42426742273085
28.221084703224918	-19.30336273243002
-56.67308620652497	8.23629444080508
91.55355991653306	-23.942961180809046
-98.44384284933703	49.89356489251199
-95.59980498676343	-28.13238715876613
16.58136354059504	-64.52689521383601
89.96756749515346	-15.758665087854972
130.77702823409328	67.23141349390836
87.87956900739024	84.04317857851248
-31.010187404440682	-42.93702798613176
121.15639826774981	28.20602105488445
-73.93103125223683	-89.33935332476723
114.86995192287534	22.470679212660308
37.70392372652494	-37.449184874351936
-79.6516489168223	-34.884056692494774
-56.02566749928605	7.9359331329235365
140.56192336227483	-43.644477078385165
-56.90965582544275	-67.56536616769591
94.17792245900594	64.44457894490917
80.9552198387241	-11.76253573975253
-101.40419615000985	-44.147406124921794
-83.36131785463454	32.640890779879136
61.12230260813773	1.8947945348812054
51.07667140297879	-33.6933100303927
34.36365912875621	72.09749301208772
106.92366622882655	-38.80997755431506
-74.78543641287459	-1.763748991125624
-122.97244854219844	-63.42848487119146
-52.0625299144416	-24.378227741462368
-41.32802939912233	-36.091868801124264
-64.12035059768313	-37.38369037842186
114.45042979151599	45.184173616171854
-106.86007857798147	0.8171090292668332
93.60251374268893	-3.597963848716648
71.963331533165	128.14215752863655
-87.40375582828362	-0.8359412587670699
-83.4546853386173	-102.99101566721323
-36.84456860948257	-9.046186907924936
65.67776740335208	-16.931659587163505
-73.14248330354582	-22.869340314521878
100.32530343270427	-11.313736612664146
-55.53576418477095	102.82720954628263
77.5503983303743	48.637166155037676
140.47800722142702	50.11999494161266
-81.62009370955023	5.078414814676254
-53.56425293665398	44.22749418952331
71.07052238939201	27.09128205743087
-54.09718837743207	17.443427996997734
25.114212979890354	49.85642807679503
-64.39290800594307	-33.13706234933232
94.87335866211409	-44.445616371366604
112.6948839299126	49.35181045652744
-52.65373401777328	44.99802450808017
-100.13652276006674	-45.10647892807589
-52.17873449338444	-60.311772475708636
-71.59874692009704	-68.07956588634062
-49.766559024665526	6.185242355845258
57.19817722840804	95.98183756958775
127.32469735084923	-42.46673177659413
61.22686364768709	-50.186864784638296
109.20745971226654	34.053847069170764
-81.09841793137582	-67.73024022796947
-100.19870573841949	-6.635937650248989
-82.1819226484199	-28.379557052027756
-85.81109682076236	-34.866320420718004
-40.874093971057206	-2.1988073747177563
148.47765354403566	17.755358819834957
-75.84945038437661	33.87816485238121
-141.2971920158191	17.624211638427763
-79.08992111400534	-81.76550735428164
35.59918624032034	-37.52005099394646
-48.22782029997548	-30.34852504476343
-43.66916260060436	-1.8203229586892038
-64.44082838982287	-35.60084668263313
-40.044888956962325	-27.49270887186755
109.15526230833439	81.24869161039825
-75.73298445094454	15.444135391099655
120.59117209792366	24.707320811437054
-31.014970384401458	76.35642396404731
-106.30943854130341	-0.7594798434161525
101.21813601110046	-37.116779002742035
-50.94669562878947	6.995767375046173
3.0707245463468626	66.74112835769863
106.88837520121737	19.82008110196056
14.62463353149312	-46.395886756541536
-45.528756993644755	-35.464930439496705
52.87628897478495	-59.88550233731627
40.50699345347321	-22.868280599569452
-120.82134663115933	-5.545845054112598
-50.25879422688553	-37.52536416783173
-114.45779944240562	-47.66767396413731
111.41079292668195	56.56071767361971
-94.81298315627329	-10.648680706855055
-36.78938677471927	4.735064031260328
99.26500692971136	52.760567885984415
30.051610273975854	-41.96088227033234
-93.73195203221707	-42.63511043207157
114.35906002589829	-38.07959987974314
71.10755697648709	-66.49025999042851
-65.2714419960193	26.87985815977245
106.93581935071447	42.92720649014948
20.297384313189294	118.47253508044274
67.83814969232033	-110.8334802704455
119.3225058329015	-19.095569739848035
-53.68326639665476	98.73244600950733
94.48480491338258	3.2015903322970063
-28.19920835389791	-65.0051690892958
-96.9323884638964	-12.839134133593253
118.31888687102669	-83.39465614493476
-35.5524085674566	-21.402128054765782
135.91105140277182	28.573316639989986
54.03870448125789	-26.904460799792194
-115.31850041238529	-9.105440889047443
-9.818111048648893	-123.27091441077684
-41.84485289220608	-6.95123439177067
81.25892036291644	85.69986093873264
64.83543297741467	-5.809817275644807
-94.74654694217661	-40.54270340867311
-55.47411468499008	-54.55608851246192
-78.92902357904994	59.10693902187011
-74.8400783108008	17.816272247378585
107.02069243414749	-48.905750719841194
81.86566173803293	101.87265539975084
55.82056427682799	68.98467043561203
57.80093366183471	2.2719849560717
115.35411990949605	4.754699438965704
127.60878883849901	-40.84134655791565
-75.43953541328922	73.37555319977295
92.14133319189386	111.83396310209588
-83.7131312662265	0.3692201293977334
-127.323203299562	7.000171427284363
124.28713487786197	21.895261790958255
-97.71426717679657	-22.673044726373842
-135.6768101349171	-27.86250841477393
-99.54741235023269	-37.14570810901418
-67.89337979032702	-35.58745254293734
-72.27522043567511	40.171322450623684
-31.6591463266198	-14.631786570770961
-80.8613900538914	-7.725650052730046
-43.54457227601694	47.593766911786766
-84.10763028249234	-44.188289161595534
-31.964580899264742	-24.26988126006937
