142.036436426794	29.338685739196276
108.36311267693631	74.87898423700352
-32.595904610592385	-32.87108096145417
125.43718958390241	-15.791375612215456
1.158130408363788	58.13434555986608
133.193439753006	-38.914262927017894
-108.1260303552776	27.003111289944968
70.25266188504578	-101.49751667229994
-45.53398069848935	-6.339981353803874
78.86799680025094	-62.94342115486985
69.33403374080206	-43.43524394625091
79.30318795672696	-98.86413733750791
123.89244058815996	-0.9169373549419341
-102.70502103606229	52.81747631954893
126.72434417609432	18.321822061813464
-88.57056813740869	7.380413676249794
106.91711291915281	-29.351328102313317
95.52473745295616	-93.12004344988567
127.20734209991211	59.891969988657785
-53.02079654159822	-16.76572125350219
100.10273452011451	67.67832611260687
85.63487834434942	6.658693426439993
-59.75722727675365	49.4998303627957
95.6041582914318	14.846315989567179
-73.05042395546045	84.49248683173853
-71.37916148125575	33.80932692075964
-62.23705469102015	20.64902534409727
-116.75982237827193	-13.489545423929043
-69.17016557566687	97.84907378439306
55.882854114932	84.49827153726245
3.442146589720485	73.4029786500257
114.15309248630315	-26.503685041286218
-74.57204188624387	2.8990430407524626
-18.896604949602047	-25.830571169547643
139.43220197240092	-36.30755934495722
65.80398044900453	47.195360051410574
-58.376503734174236	-105.22019222163269
-117.48898640191857	13.436784632154355
-38.599510225170135	-46.16304122406747
93.83418922841867	56.886207842977754
-15.333999404196279	-39.175995253949544
81.63724468977685	-57.29259018383971
132.91977161186037	40.835116316554675
-65.48208299419565	-12.955712404200654
-76.59996721270868	14.784121925637463
102.08128148507203	-45.533578308841356
-79.26010093212658	-13.43115257799768
96.05668063060179	-15.800399205216932
-89.13486012333458	32.681784931172324
-114.15102257528798	-3.1596199551382407
-105.16857309101053	2.288468081895583
149.8365943255985	4.795622998097352
-5.224753806090716	139.79263110638234
-93.82216253254028	9.476354166918727
130.2026285644502	-62.58756339670696
47.159670384341574	-24.97197943632203
-47.11998653213218	-47.11862068459874
-106.12093446641349	-0.7595432886288342
35.84224033783805	-14.635964823835419
-52.367296361044076	4.236189807608169
-72.66091175501754	-8.278815645174744
59.01208879763937	-64.21635116195556
56.998899770653495	-15.466701688883507
146.22970271036706	-6.067722504398009
107.79689426633358	-28.564913046632768
42.405657142307305	-5.993955741010798
-70.16953118643283	49.42997510512098
48.07524952618766	-90.38618347602755
-84.15524850412416	1.3179737261909255
-77.02862070586914	-52.87536539142847
84.68526131073621	-53.22262855897069
-62.55532192812551	-19.79047538776373
-1.8023799021340683	68.33926180609413
84.97369930694398	-21.562407495521104
-59.65341910556223	8.714720414581993
46.72658954180416	-17.282414811642067
97.21104822627964	-56.35590556834544
-45.56760147647103	-30.572220387456472
-79.19867766504797	24.271938969188085
146.11662122771617	29.490434743985833
127.23144448966447	42.93889908698791
133.4663965620197	40.155290067599736
112.15823468934967	75.8283994786365
-102.82502182034655	-9.52181902009492
55.90504132605885	3.525306211301823
-52.58527792853673	-20.729245211292987
-80.68699886551258	-38.038851213748266
59.050944013147834	90.1930389202677
-117.95035285631386	-31.815220694693632
-89.77984763439613	-41.48062138091153
134.44921551252864	7.934228162845047
-60.03930258788843	-9.765347943486686
-57.27486123661832	67.14018235837837
-31.04841502805247	-10.721262916417324
120.88153687116969	-33.74467093820325
-85.85292861930587	0.7209987493310289
-67.842070657295	-9.358717667225017
52.79337130637328	-41.507404134209374
92.96709773983612	95.5282898247461
-109.07321660435034	22.77015537410599
91.85258367870279	-6.830623127971292
-100.70157045336752	-46.98687159607721
69.9518287682969	4.2805051443780915
-51.8572430190668	51.33430120119133
-30.744238569616282	-35.251104584551555
87.73284687528616	-97.51888208835086
106.07409465908809	1.2364831452342167
104.27176789420653	96.24240036525754
62.63003092328797	-23.101128213556834
-40.63149362359756	-81.3486578829461
-69.53102745372115	13.446678144483654
-143.09175800550716	-29.26981807837575
-78.44900175857414	24.3092768729693
-101.22257680193019	3.9301428793370152
-119.89345239720163	-58.22835654329546
56.403878288900216	70.65555018221741
106.06485193899582	-49.088564254232175
-41.21679225725696	-7.718704636874943
86.83463586541258	-69.78811745876565
-108.381578117314	15.036498035447394
125.39271455699202	79.65237046928792
57.96990048083751	67.15028988383085
80.22386003107927	-42.32266933626837
121.70673254804883	22.154884246039657
124.86395241148972	-38.88472953972489
81.39165306957184	-79.47497228613926
53.12845758995154	-22.520731372258417
66.03257286511028	-19.769409503206163
-89.01885719716141	45.082991545964596
-39.04347495188938	-89.85183401727888
-109.95966846228305	-3.4225059544571486
-90.29357591652622	17.5264386078553
131.85674771726244	-70.56226091278545
75.26915632369808	35.20832952929381
115.03126765721723	42.2037234600374
-50.08570054743707	-15.298903843381508
-64.80523857862252	107.0191442086702
-75.42372690815175	-45.04388181703515
-74.36529520809957	-9.747676622800666
126.9116408042685	50.60130032300727
-27.094628211561528	102.44234926996982
-132.54364412927737	-41.525049670708796
-10.934381326024948	-105.5274197118189
77.21986077281218	-41.48245545636284
-17.914866786324346	50.31076276759148
100.84984842609443	-52.504482544635046
139.9469519183074	-22.89790875280695
-126.12527951215134	29.869846483514163
-49.591640177981894	-34.524872427560275
104.72303273666054	68.42886792775823
49.69954974068071	110.68971392467027
58.57011597812389	66.09469904173477
129.48081471929865	-2.076629445930691
47.343733353610816	-124.69769471299078
-83.7168669726291	22.43429997291119
110.35077368581425	79.19111786097122
111.27849859636666	-17.83161430585237
-49.310972277535775	47.088372459027426
132.13721151051757	-0.41715200024801014
-77.58261821921086	-53.64463681730679
76.00572426542531	-94.44115300468489
-118.00092150038142	59.84675135470645
17.8027655489743	-58.33609831822644
-95.36918514171559	8.8494029311136
-60.060195023563196	22.351424456942052
-77.95594390475193	-23.971285555254916
88.45407846824199	-53.5671932618071
-83.62863745281616	-71.9176284871159
-97.27938896160724	-5.9572293377404995
-114.71337209967184	10.917824074360105
-50.59236879651186	19.971147106525905
106.55061564100876	33.03867025521752
80.8249094816258	-10.474321125998648
111.19934295255129	-9.150372635588207
125.3889528998617	-8.632570348767196
-66.88931851881753	-50.07193115622301
30.396435216433463	-82.68006925435206
-36.078208091287095	-45.29555183853724
-79.53970643217316	-81.95599758072963
-64.06635163507814	34.234028692180246
-67.53059823059074	-34.75709543294305
-62.219629899328815	-90.40064260753688
-34.68978108142181	-11.578217043442026
103.18170438347657	25.54165224712935
75.48642397679505	-17.798250555770466
140.83033861722606	33.40514274381628
-64.6977404484286	27.531343489839408
80.51767595271764	50.26089397247539
28.293614348464597	-86.58017380232056
70.29916849703638	15.209516164736325
75.40522720252432	-50.32850364917696
131.77495279400526	4.292447460417297
-91.01551315599944	-5.88646755797641
-60.009403570774076	8.501226859192395
-90.98290833094723	-68.11603250931523
114.55885044474839	-41.047326194132175
-106.90632629464224	6.758334772885052
138.1696378895655	51.34146370113014
-14.123902844269372	-105.72207243782218
-33.885762530753944	-21.39577651162884
