70.7433553705785	-46.57308558388385
56.08099373797509	-3.4925596135912023
-83.05681561285786	-26.193190108172434
74.41259378111265	66.61169872193773
-26.362377260594606	83.17989686650408
136.7571847009687	28.632076172786434
64.58344924571233	-21.528495487387076
134.59239251735607	17.800251934496373
119.3550082022847	25.252228961993442
45.2882258409989	-35.626112220496296
-79.98606605959237	-22.274612207983157
113.42232732874014	56.78106613765634
-86.5593132112616	17.620159748268605
90.9070694119488	101.71257000549338
-92.15591701713988	-27.634869690585596
144.33102965781768	25.71612642348905
-91.24910178104365	-68.64762695200626
128.74696922767404	11.802071352166852
-75.12525600056144	1.570174901510573
-53.08224922042109	-78.44414054613424
-88.72558861628107	15.23752158299616
48.86828631443274	-12.223117812089283
65.75354654942956	-63.12103541169141
-11.378136934365346	15.035697035319203
91.56273667487729	103.62068191323438
-44.12084081534662	23.410135658639007
-60.3945762620337	71.5301584311367
146.69253282820955	-22.714135057304517
121.29250197191928	-14.605173781797308
-75.79930609460217	-44.9392760576954
126.98590129457038	-27.073376312387605
-5.2985559602430525	-60.34103713873826
-101.25200779884113	23.2109154881234
-65.35348261528294	36.582819807354056
132.93243546689945	16.778836092106115
108.35825480538378	74.64291032435702
125.72558395137271	4.855677560956495
68.03095010244571	-75.87921179860628
-15.13399415679266	-35.981183432564784
-104.72666245675427	-21.925807377564134
116.40297512074872	2.343767960371834
85.29145958615449	74.05368155532778
117.47078609553834	19.464023677179934
115.68874903900954	35.6289821355632
59.06727249365663	-6.342280140333881
55.19626965911924	59.792679161741
-78.21634771404757	-12.654881497695506
-88.37933203512091	39.704446029512745
-49.80333782787798	-46.196737857840255
120.55021385167863	54.144222658033236
-112.04630849632699	-18.58892851223475
15.471306399375798	-96.90424110300857
-105.19268556405964	-2.3586798843389407
-62.51646425029045	-1.2255084823846436
-113.93107856765782	8.862551266742784
-84.60486384028833	-59.16035628338853
103.71140551323516	-4.473042337234403
-59.265045162850285	-44.22070269473199
-40.76054408560697	12.020023509974644
-67.34444197528252	-70.66213245583488
139.148990049134	38.69663671827366
110.19154885237022	10.63057626210926
81.94552803657173	-1.3395012099012493
64.29890583705519	95.70265148582855
-93.94527583888491	34.772580518585116
-80.1193466455715	-29.13811049933657
1.3258169212793482	99.85667719863501
-101.23843916084122	-7.0605407502363144
-54.81299818747562	14.00643223457835
100.65408221205014	-50.922628540798854
-5.484066150894476	-89.70192587991149
-81.67315456542059	-34.95265043224051
-99.46032503399618	-4.324426789814682
-80.6479872896913	-7.649366130097507
-40.65727628595675	-1.5719188466244634
47.96427380648963	-122.39317494834542
48.39253216581918	-90.5362150872644
87.75846135267298	-14.111514333438278
-25.0278083491995	-11.795662608301482
131.3640011902158	-16.552696072237584
90.53711054239231	70.04434709078758
38.47592010779133	88.19738860142901
88.59183160943928	21.903619847540167
107.74511945849713	-27.032192500761216
-90.38372057477962	-79.57064257174795
-97.84165543116677	-55.70642227287093
90.9552389369881	-114.85177533141903
74.80466498687213	-45.32976389016661
4.9895488844153	103.47982822854361
140.64397084903598	-10.403086781880784
148.08582019810936	4.152112363121739
-119.25605132443322	21.31723597315257
122.52898184206433	-27.56166951674214
113.59199673686825	-19.331119659713302
130.92832518278158	-20.86314152465189
124.84813121181705	17.219418876321324
87.31408665805299	-41.431850932862254
115.06856988466828	10.53142530141811
73.31630889026404	-100.52014142757196
-49.20197255609138	-43.33593512282327
-32.077805912919125	-10.308499902917813
83.0309757600494	-59.88955537324386
-75.57318190034542	17.33131529535942
137.59123468481732	-42.70022164291078
10.182995106976861	87.63997838020605
-58.30895636935064	112.56227371207447
24.820790613949153	-95.87264012810164
142.96608409968815	24.872689883215635
85.06567880246949	-0.03085526127786764
-108.36642244120164	1.0020844162669744
-80.75179906284887	20.446358461373453
143.17316951780992	9.135792666115275
-61.785804135475	-82.11488311226789
131.61479671988906	-71.93213341764442
38.569865192835564	-27.615140098859875
-29.20280300234995	-0.4550909095063393
145.14549043505286	-29.391289483180255
-72.26222376171923	-36.16742667140791
-23.541287124710323	-1.1699793124707443
-33.30622933965813	-7.370262102957326
-62.5568117534377	66.58553490095844
104.13544406449334	-25.181386356191158
129.45154728659756	-55.12372252366794
43.54916008082878	86.97725476791328
-42.56011882193578	-33.07339243638142
136.6439679766449	23.18998112250994
57.659662631058254	-21.645089105629093
-44.03155187095842	-12.663216400722765
-93.93804641735797	-51.59921197954866
-38.47573038732742	-44.254395130192705
124.44819949361866	-7.169741348524902
-84.54484489247879	-26.679593840657525
31.40149792645477	-34.60621942863577
58.09780891448775	-27.99806006794088
142.81843451489218	-29.754145939570844
106.70825186766994	-40.25658954201046
119.4927107073192	38.32439999407615
-27.196699632721316	-2.0464230811411275
-38.092776333091194	-43.81336373673059
-106.04435319189344	-7.616761660642055
143.29135017925938	-4.788256411016846
84.1661706945554	-7.047625274160702
120.23465088696597	41.25844175758246
113.15630662945402	27.07848699934108
-59.542297024425636	-5.635457302773034
-19.61670293149049	-110.3049149001428
142.3751925461568	0.37852842314843366
69.81479863295142	84.31559825477956
36.26532916717259	-43.10381704304869
125.91522250467301	-30.14825001860025
-56.981434779840654	32.87631580502042
74.80105587881405	31.34138243487415
101.10976132977221	-51.35126158424426
87.97004575484237	83.35269949878958
68.8000694815184	-65.50999678765356
-80.64601149324596	-21.466986246778927
-49.96743013924176	-81.71357594886413
-57.89676370647074	123.4479938993616
-62.358401092726254	67.27263579159366
98.36372379083687	-25.925618806203843
59.20559317899015	-33.24566531413897
-94.68593894483665	39.686395622279434
113.3720422236067	93.65199655915363
-75.202424177909	11.334056858464775
-64.66888083250294	0.6345996230826859
102.83840646824443	52.40428816452173
82.7359486720127	-73.36137119393547
140.94002961523645	6.109179504966316
-93.53862332610412	-21.561021956057537
-42.147057310367465	-31.09814283880781
114.02744731772363	16.478960390447412
91.9451925060782	64.16980912685203
49.06238306069873	-18.64177728258643
-131.2043778790131	-5.731848028088213
100.44425695537102	-10.451762974440111
86.8785489826105	-29.31453929896183
-88.59383813289493	36.36605690416817
64.117703986634	-46.795903180370885
-34.67277866831198	10.015008474922029
97.22738990213722	53.62345530201343
53.58054831226193	-123.26964653973918
144.2628492746749	-4.500487166030595
-69.79199063983206	-15.883951553909124
130.16953467545318	33.89978989485497
78.1498566157287	-25.085814881806474
144.27369818164783	24.105271617431168
-36.94534549732879	-0.30524385037599067
81.71706577213156	-41.95720691281996
-11.83184440014973	133.0047724670082
66.70192748245	-60.565680483761476
13.30410308097176	-5.860512610172709
-96.26479801575225	-3.0030487210737395
103.68827125250861	63.27977721235746
-51.93073892809597	94.77884720296068
-24.302775643916398	55.22157872372587
125.89400194285604	52.746295894038376
-99.83550902827375	-0.8278397345369485
-35.03635227190433	-10.63832755611967
84.5578549488463	-32.639472162908774
96.74092619671956	-81.27083908536586
