99.98607699631512	67.48076431467027
35.12006708327671	-21.06274070578655
-72.90204509326301	3.983866440551818
-110.53500901788071	3.482820130163752
25.153822527546932	106.64950268608763
90.38029678464231	-46.43263058917634
-43.79930199235077	-35.75174578921808
85.5701466744418	-89.3159786957338
96.87854126934864	24.91404747924454
102.85483792418742	28.888916645037618
-78.16331240435014	11.005782218554888
-69.07169844098453	32.982392743976575
-92.92238935628596	14.262709222149807
-47.131881746615946	103.19724946709574
129.2258278999544	17.780966889773058
73.40900933011292	-94.1527329934108
95.16663466567144	-24.75527989069749
142.2630025114313	-8.136100791308913
-53.64595442079691	23.894751048360877
-67.28705508926643	-23.589416060001913
2.3044870787591356	141.021719904813
71.32794804478618	30.98689076856514
-120.97974089117338	24.866642298050316
-60.70565741930439	31.765835687779084
-44.1989037263655	5.384334258803359
-48.38054465429891	73.87923931060077
-113.55020282023304	80.40521561076865
-123.23354770783581	-15.38494240981363
-37.51849327022889	-21.73804860554118
-104.85452480272994	-45.14475166631521
143.59330608747374	41.607868989364405
126.7252077460245	55.40497621862926
126.73567539086015	-52.78341669341291
-112.06891776229863	5.3534123864091
-83.72142887562406	-30.976851921718595
112.49782069435825	19.06360662737384
-76.35347662833422	51.039999691271355
-66.95268813188825	-49.51524825428842
119.25931047129454	16.61535129563909
145.40142218156532	21.918867446975312
45.06963334110628	108.46198534602361
45.257029449450755	-40.277683442535455
48.36519430017683	-61.73062551301335
119.1223688604645	83.99307216450975
136.36738956824146	-58.43269367460334
-114.3769425854222	-22.482649551897318
-54.042559183573616	110.40537195224168
114.99212202483204	92.99268754801156
136.8799246547587	-6.640392519097444
81.94129015544237	92.20805270477233
-67.01276187014052	-10.702028503956106
-48.952497396991575	-2.73564137391714
105.93738582893965	4.581046110434915
64.25757693685928	-28.3335965830995
47.615950115553055	-57.25881382598535
27.495498697964585	-21.964632310447442
20.417896154857402	-54.686254351514116
-89.75408128862054	-88.79230737027099
-68.79731521581746	-2.645785615734817
122.24798188327397	45.54511955400223
126.09815050825475	7.000229043105321
-99.3701471011498	7.501031723042782
94.76748106543754	39.324183905082734
-112.8144814788102	-28.345342869611017
-40.56063295521791	-30.803263810619644
137.42150070667958	2.8520387002716427
140.4069247290234	-1.6734238738904244
-65.78249517370394	-13.30131035111225
-67.24376523735849	72.0329155544475
67.94501678168477	4.105758694104309
39.46350047875112	24.52542154690988
-100.02490001253405	7.962300137129132
-72.79745962558601	5.344195940918565
-83.83354158520591	-6.942605491970277
-41.21245645347911	-31.46749106858636
-71.33965900081931	6.982807514115858
-116.62139666475545	-3.438452078413977
54.43060293745767	-38.65026337848217
69.39397574672962	84.18293875963346
-3.1305638540698655	-78.94068261432504
-65.31588858977311	69.41545415891731
-55.44750505570005	80.53319242529611
138.695660498137	44.306840012025944
91.23230719598463	-72.84810130341666
-98.4081964246637	15.906853673858025
112.4948957093919	-0.2728077185172076
122.73157165260243	44.77114501246079
-74.33313319783385	10.206424831127432
78.32003497653184	-112.84023170583697
52.88162293549041	-48.99465036923151
11.982300449520176	142.23332290165618
63.96974462544506	64.36264647241292
103.32916477591232	-75.13011213469156
-98.2741800034541	-6.029449864619875
123.464717782874	-22.403610565862646
91.50437979102475	103.29441801173044
-88.51911361253863	-54.49893596418644
137.97377959679005	48.190470985434565
35.67876912292385	103.50550309854313
87.19996363911572	-64.84183812875357
97.69030273265415	-57.53685698975854
-55.93069441738472	62.007945609728
77.37982623565124	-73.17799450913517
86.80170216253681	114.58036196388767
37.60448258427546	-37.04272402487056
-90.33386501863129	-46.634656428117275
-49.363680162679906	-4.430359655603654
83.31461895702172	97.82748974682295
68.37963146444811	-24.099811097684512
149.90796261263418	-1.5686637674378343
-107.5793639248901	7.111145099187173
-65.08592733189194	8.664107412682649
-105.36391125067058	-58.64209141583477
131.91772623093314	-7.055276946574824
46.091538174932424	91.67812486468823
-54.612977845402035	-66.07653423609383
113.49425172522304	92.66651162709812
32.85989072942687	-58.08862824075995
107.04266574318281	-13.350068070740637
-81.0765736696208	-44.275019553381014
-65.81336696674201	-41.88073462028121
92.85881567346571	-87.20729262884879
-123.83375128391283	-8.52088235870173
-47.861158011704354	98.84030099106228
-130.94082673981583	-10.890881734627246
-59.53359868688509	-36.55203061984222
-56.188154049066334	40.470337581998116
27.350876907861508	144.49283190476746
-45.82703611831683	60.650792719536284
-44.990197847249014	-95.39960019836332
-72.25592455881612	17.94157851507728
-51.49881017807137	-35.50882083746641
114.99129909447234	-47.54778331281599
-82.67766875104188	1.220609145677534
-108.0901704061139	-6.060402633997718
-84.81254864762982	37.83150109251365
29.839469295064593	68.49179469140047
116.80903880389671	-38.19233724642178
72.1893686981155	113.75195468409201
66.65866409280798	-95.29569793289642
102.56832171606445	-25.318401737814014
-60.47303044402064	-8.190901775781336
-92.63201064195312	-4.900325222277538
-77.94284433236652	1.708165403022505
-89.94698649610098	-6.145142063594953
23.689415798782786	-40.83652602242841
105.87267436404741	83.34931732903983
95.28165852731217	83.64412662784129
127.36553532802681	69.88406891213778
40.69874794743724	-81.65201682509634
68.76410768265102	-16.701729260637357
40.031983424934474	74.27209400824786
-100.44778400161579	0.7599270550145362
-72.48085662737843	-6.008900716038687
132.80674604744883	-18.372241211292994
73.9864214000953	-28.311366147912064
32.2918381344991	-48.025310451625536
147.9824733999915	22.069444563332286
149.54955019928303	-1.8933444901235936
-58.089812234968065	-57.6942125849559
-39.44794552320235	4.235983043945438
-110.67600138107049	41.913687857478344
130.32085728897866	-34.5759279799648
49.17152358585563	-67.04501684329902
114.79709742395539	-16.74948762724763
0.04158616879996417	-95.05286134189012
-112.5446733612419	23.093945564799657
-73.22115511365399	-1.5120395764997712
86.77292612440664	60.36194705888181
19.142862449344477	92.78428491826374
-52.395800995992815	-11.657348694757953
-72.28320225921038	-24.078354433027286
-80.95128204679028	-42.972060147697825
-77.91249791193283	36.25971547622945
130.9525778210984	-9.87567089541704
-24.243183861495908	-15.842816135936344
57.942292269824826	-44.19664287769242
110.75872636441774	-44.16348910489008
-54.89986481029381	26.472829316033405
45.64051966970257	131.0166584468689
129.30388858331736	31.042642049952736
-67.94167933715589	-48.5926445119935
51.593578679493525	-59.474350774628846
-50.25710875155798	-15.35814990442246
114.43095180068119	15.616683783159893
71.1723826138544	-18.644212684609254
-98.71565937279718	-17.412104469352414
100.70250913596273	-2.2399462316101673
-72.54990361975347	-13.402679795395905
142.78634367589098	24.69178338059083
103.57193844623019	-46.28971805096035
-53.05863892450667	5.6455759723654015
137.0054553779017	-17.41110470689948
79.54758178636611	81.51601056102311
-106.09199147755477	-24.865231136191337
-136.99602288757518	-7.296650024977244
-45.65644555370227	7.70267848581843
-104.53120832146375	71.68934272421741
-55.169801961788906	-38.907892637409724
-51.52552893595901	-55.80235573769706
