75.88769439299665	30.39686729751808
124.17687213728736	-37.75890164555694
-66.64995108431125	-46.116936362081155
102.40765467206509	67.92648920803097
68.08854584137079	-21.41133827723632
62.13991594372938	-18.258209586433846
112.30349785574035	-34.05815891543239
88.74019089703438	-2.3848127952542995
-81.4389438102755	29.944497061666027
47.15415438183766	123.40142931181572
-38.97067543609433	66.74507441971741
-120.69014258459104	-15.091602954098665
81.84756345408688	-29.645024736976048
-84.44615557219403	-14.783937337316814
137.1467421384249	23.28226862179554
-116.90044228889728	13.383708906309401
100.36865117560725	-83.1267637244873
-115.21283757687249	-37.45392761696589
143.57289656179356	-8.11166992968586
61.6129695110688	88.28786290848474
68.47408254682011	-35.80895436948677
-75.2716164602344	-58.216971118901725
70.87766155164924	89.03598307181309
-57.691774989290444	12.139573876288779
144.073813801287	-35.14753284546319
-98.0575148182482	-21.794558310985273
-67.8574773933792	29.7180150697329
59.446669551907654	-33.08990913905633
-74.31292195900461	-4.385619611073965
-81.00555953215319	-54.8984082192669
46.3064046381694	-27.22861258844545
120.81835416641614	84.48096706781779
98.78025483206159	-65.94939388101989
-78.41624340347529	-64.29425396331358
130.16098239713955	16.139357384908173
132.26358974696745	-55.63993717565613
-116.8774295606711	-26.535498753256224
38.18673669554656	-47.3041134521344
32.269763677537085	-5.158197128154481
-33.22834653741083	5.121512674389654
-88.3573029979298	-15.316904057780778
142.69402957568107	40.03641552112107
-99.8756057894938	-21.291284956883413
53.62201364795118	-17.91302215470643
24.386007882054578	-66.17397063153018
-72.66545968890264	-69.45531941230783
79.00072883138435	-17.632715652872122
8.16534807880257	68.34515185001482
-86.68596668001591	-27.600215156460013
-55.320034114781805	-17.795944724891083
-122.68312172478728	-10.618616876589506
-59.668264128926744	-13.175725397809629
50.950024692409166	-91.58649757562426
-81.26625484324897	29.14733615197161
-64.12483013656764	43.152725066680674
-3.15812326642474	-34.987118069118544
83.62964606894924	37.78418041149477
67.96185602211949	-89.55436829058131
91.8097086825762	97.66693050196969
103.8935136317665	16.694357210642792
113.55242668509399	70.63154527677095
148.1396616260256	9.601387523206409
86.63420457553367	-29.0923963238482
91.13852411372831	-1.2840648371185546
89.92157977107372	42.18941497251523
-80.32265369617345	-102.55542103329357
55.56406845223709	-51.23956160174594
146.63428998251953	-19.11634556064402
131.35620359321845	51.29111308245074
-88.79486585919818	2.7554259650060438
16.061193438381856	-96.5414825880317
-40.96055471544729	-22.250946137845133
-65.16031971202446	51.62522879358406
99.686516183138	37.50435719827593
-35.13679214689738	-12.67085669648399
-38.21686560766332	-2.2299728291957734
-120.4417075553592	10.292979045436727
82.61532078814122	-18.48871574992994
-87.67134234951473	71.31450034028387
-13.78685000884297	-8.722134067959134
24.41961866085024	101.64592547206428
-36.545130558015174	-104.09863195457788
104.29734844451752	17.24630929060971
105.7781978939263	10.751515009538009
55.448495565678655	-67.69722990431961
-80.9285926212389	-51.189291116897145
65.7043172336866	-41.0558924111731
70.38268773744613	-1.4824176411210914
-59.00469817730997	8.293669902810903
115.29236318683296	-15.483870743645204
141.8006528347051	21.3573649436273
134.3987816038415	-22.40249694006047
100.1653425404261	26.585624858010153
55.45923953671104	-53.09294851745283
131.75510385879582	-19.39977235612846
-107.9875347153498	-12.942811738294518
-63.333209752911934	-34.14488715079138
-14.625653521214367	114.57288004188568
-67.31858341842009	-41.340889571978956
96.1978410360929	61.8466382313319
-62.62336367481468	10.120549060231106
120.58010829728065	77.2338338915896
-80.84169929430799	4.114356637809725
-89.21723722856821	-1.1416639873189085
95.07273031950257	-18.13053257715825
134.85424651501734	22.401488306186533
-127.53792445399786	8.88757947518756
66.23138195345037	-84.81959750090508
139.73149082860442	39.25226016071918
97.6865188409695	-5.302216397454538
135.6892730220746	57.76496356255708
-104.21574684583001	16.49644400587272
-107.84567961555071	-6.508134112433251
-75.96970024719587	-74.8349135850092
109.48743972374163	-38.039140418017126
84.35704914684342	90.11127722594229
37.47440792809802	-2.9260174093339644
-5.161618352519757	116.51072012568534
144.17550411116267	-29.016851744945004
-41.267837075859646	-6.717107239865187
-99.18916124367979	-6.688984165444994
-49.307069681020145	-8.029131989893004
135.5245102598711	34.22693952632583
-43.95568749121231	64.84427091282981
-48.61750333232526	-37.52722399555002
117.49230128529837	-56.427881485266965
127.69915858411164	51.56493170822226
136.4642993070321	-51.094889226692565
122.98677481781557	-51.24229120655186
66.00137935660665	-43.66736157433828
-88.2163016789339	-27.298749659631717
-117.70989228602447	-16.972376444541773
95.14949134581522	22.859560816366127
34.34420540743449	74.62227701207993
59.98108443549245	-37.37808533416851
91.9919830625396	59.9014081092231
-48.48621340132354	65.03892398797943
-70.98229702927998	50.55953208411571
-26.29555107332145	50.57143924395429
-86.17095902175173	-31.55237841637738
-92.05124665556968	-59.63166347132169
138.1213529054832	37.61966292671597
140.0118366254164	41.51556677665402
-100.54457396869867	22.779620258268526
-20.009470186958197	-93.5552821719277
62.04103912958624	-35.05262422555682
96.90957209554234	62.3737472945969
55.798223383150344	-31.39045801206093
81.830238725078	71.74663724936443
-92.49916095568797	13.273365667248902
99.53671161860379	-82.41170036520397
38.857450657546096	-3.3763735025946726
-72.55181670438994	-1.5947102527378023
42.4963265968259	-24.40618314310154
-33.2620903142764	-9.339184043374793
147.73731893995952	-11.098184992590905
-72.56592569571545	-5.752103845596068
121.44006662567419	1.4353473403237231
92.11510359823365	-70.34052835588395
113.72459740038295	96.68968954339869
-52.14105306909012	52.673739091856056
-65.15532730076978	-34.23695552374793
-94.70433920023285	4.031098640885656
84.32837721740488	79.30882242594814
61.99138689712705	-44.28172291611079
-39.64577489033266	-62.28225418149162
82.19780580558687	51.62429464101256
145.38062333685994	-14.36284838102696
-75.51422932332551	2.0207408154179536
-62.47480955933133	-18.654476739439804
44.35287624432169	-32.398252465901166
-61.191997567315966	2.1054880973023478
31.600348510507914	-81.87271385514465
31.683720914891637	-32.52453363189546
69.03230782746608	-60.931513400774406
-81.49284749896988	-61.70396959013709
-71.6099293761601	72.93358722085131
-40.18038828103836	-17.976385326295496
110.6371507148224	77.77741169916133
-57.425172174727706	-71.28815828506782
94.26647660543445	51.957560044155855
-86.30969727737177	40.429547562551065
-80.18318064560191	-41.05361197776129
-93.53813874099457	2.5827326479314943
-79.91199074552237	6.59241520527421
-65.67159319374665	-11.374952374519602
55.38471449394195	-114.40494577621996
-85.81619080429427	0.6035013752161573
85.92628331265576	-98.53359313258457
-134.9819162645669	-31.780634085922472
127.0092125310865	-21.963651448349857
-77.41785308639882	-17.132248274877263
-60.73507194447737	6.487411680487878
-99.962772074989	-13.575325806871854
113.6573619434257	31.76223302260078
-26.75886560794237	-96.28889396680451
-88.93563100758524	6.682769834669189
-30.91461619149055	2.4516099048755433
73.76360358986095	47.69688798608408
-15.122594602985496	100.9457852440137
