-83.68867088591344	-14.706615715804304
104.4147238338171	45.0905051476322
-51.05170482748801	-11.676379742830916
-109.46641566548254	24.039122173388684
-63.89888911613688	-0.30013579726356643
-80.61557811688942	13.440405659228704
122.01711247504142	-17.29436702967618
-91.20178611479693	-31.22618016244356
-94.89915946657563	58.018869889502255
57.47050284705108	-7.164297713099388
79.31406928117272	-49.313034315298665
68.03179661871661	73.7793440564481
-76.487081127476	-37.511170787257164
-51.46624925918738	40.3593603717654
-47.64554496935158	16.198492912288614
38.67930248092	-16.184265790077387
12.776699107175386	-62.46957368258481
103.24351381697225	81.1209826725259
37.871234474136024	14.561494843131813
60.630447735736404	-69.2313289425213
-75.22707729102862	109.17558425945317
58.23766546898163	42.25794601312538
123.87652345186561	53.82165423287446
141.1395027516242	14.524594029251205
74.02005053897832	-87.72272541781862
41.00547864217563	-114.75537929093231
68.98891283779452	-81.96927108735433
-68.63508890470503	-17.388530079227394
-75.17779118364925	-49.259489220740726
77.88053959011972	-24.783268910418943
78.48358877463787	108.25732338530604
-111.62147199715125	-32.6190226093748
92.88879032592396	-33.25815462492841
-51.272640938659514	23.635163947036006
-94.2904471564557	1.8094493212699594
-54.6152740278622	-25.689450625039274
135.4363221140041	25.893105962196433
129.9868164288051	74.59442197408102
64.54833264143903	-18.911266154133592
106.94642301903338	25.12201631206698
-98.24350656970144	-40.193253145562366
71.34153333143246	-43.48518419396686
126.1286340551644	29.470241030092822
127.05106817733802	75.10289720990177
34.73051731710594	-20.884530888399276
38.44849281511132	-17.319303986959845
-93.00491857648615	-29.785329687726218
144.3248005176774	21.92295178108529
-117.1815134503156	-0.2706753356600656
65.46717741742846	5.9490161381248585
-74.81598055726685	-81.64465597841301
48.39880098750608	-27.91065066637178
-63.73436684690661	-6.104147909480199
-8.235368042175356	-112.38182611337442
-135.50559540405712	5.9676974686673345
-95.64509118718247	-32.56697859527364
67.92507990199597	-86.9348030257278
107.90524887914111	28.393315191435253
105.04717353915288	-87.87243153317308
-40.06323979824451	-38.17182311153726
68.97373880380313	40.08867050613829
42.77582869308213	62.88110572193477
-34.61429064570751	37.37782842775472
-50.15720847039064	-49.1223307365675
-92.10720858525924	-9.906357267276888
-50.28340167470366	-52.60780088010583
96.10420284857838	-70.30588120906465
46.40151302137296	112.48876234569516
33.88552295935567	-76.91473663836739
71.18133395918899	-42.91543344167025
40.77086874120486	-47.08422683851733
62.419003549093276	123.72222733796818
-64.12082989162583	9.550753571347176
76.42109331061732	-29.73171768736171
-46.280644665127404	-24.59279608085108
37.85631347279054	-55.84986141218551
121.25614121755667	-60.03287856686026
71.66102875357167	-63.26135934496041
-91.51733990593091	41.71694113432124
-64.06763155827072	-34.34148697814225
96.98222971371571	44.179572259415295
48.69802418057193	35.700503625770054
15.669986926285622	1.7439618099370444
99.51200134646017	-32.68715627644562
143.4228714696934	-34.911467011965776
143.02882487408806	38.38727711180884
26.315417788655292	77.40150512088545
-79.88057711475554	-1.8825130651155415
20.810618830952702	-97.12111850207374
-65.04897792516074	-32.403390704520156
-33.62169321156811	3.328453495163341
40.7545976826936	-31.972968432759284
49.326961801418314	82.1008298887499
-88.49391210916741	32.71443359614052
59.195283673423475	120.0394113796534
93.72683628983998	68.44169322362856
74.0230368033978	-35.29499690158568
137.21427171940837	-48.16019140390316
-81.02790480790003	-33.07518970237463
120.78326628751697	-29.093936037874638
-80.27566742283032	-41.7541641294794
132.08073808319932	17.425372384398713
123.37629364584622	73.90767441799372
73.28641190941259	-81.90777318932827
138.36857282486253	44.08615894511037
-52.233820304367605	1.8284853913971648
54.11044762477094	-67.26381458288247
-71.24404943498627	-2.784072751471764
-82.26681560147037	20.92837229583568
-95.05765621481501	-23.50373516972206
-78.17456147771689	10.638916422048412
-57.70288745195764	-16.072365518795078
93.96037901558748	-79.62270533581145
106.16691591916717	29.71056336741751
139.82907618976492	53.322431523624196
-63.97314614504995	3.9483708553784216
41.09028376509125	-40.876448045294836
111.17944105740973	-91.16251490098732
-31.79293542190017	9.195393015803074
98.96510355015617	-12.566220187528804
-67.2720243581923	-16.402574178033642
60.756370272624835	-98.58651827648194
-27.42513254346672	0.4799937427200009
-80.7623731752219	-37.004112230803415
102.71989525759476	-33.11034837675355
88.28124991171607	-45.95613647531561
79.69685140226841	68.24687732245438
65.73223995605944	103.30002254291146
-118.50952330597987	32.61372493070618
-94.3504396104503	-33.77861999718419
-71.57753291719561	-67.94986987040069
-58.19945182480197	11.572077658857088
-51.46284365083366	-18.232055798741385
67.49576520264098	10.451456144169027
-82.36978982789634	-8.920520499719265
-37.76974889865058	-47.53042548926667
45.70251996355298	-59.11613918757918
100.15257835664018	-43.900120633056176
-109.10288621555013	-16.36850337874607
-65.44880456571931	-66.19613123124783
68.31467774377629	-30.925278063480135
85.124648697374	66.82954873225036
-75.54988594602773	9.495961265998124
119.05335991642974	27.833755253710265
-58.98877620963859	-48.44011705614686
48.19564854340314	106.9051599333832
-58.89850832753219	16.045297819079412
-45.46760296858017	9.402447209732212
93.2891310311275	39.79142995965105
-61.1710148614639	14.247725626934937
-12.500432788896259	65.54194256755068
68.68820170169985	-35.797743444650585
-39.86858516342338	4.4288050515199116
79.63583261204862	9.066515266155369
49.594060226525144	44.217144899093114
-64.40338823341536	-57.60338052382764
132.96198762277643	62.316883705785166
72.13973996373883	82.37591827868964
107.94614816093144	75.22811948209988
-74.25116486287044	-37.44731168059188
-42.30485304205019	77.22793474161547
-96.04898469171317	-65.92247903847141
80.00442675641067	89.40622309305388
99.26970302134359	-42.39623162016934
92.95862706719544	-74.26692108137756
30.029109010113807	-44.019525548919226
70.90319113332248	-64.90470810702593
88.3629100954372	-14.723563605160818
-96.76863493698154	-32.42262206094003
-112.71623747799707	24.954224126037435
-50.227679972409994	21.265061560718685
89.64126343378567	-87.09189240732431
55.211357614079695	-62.48400030827871
115.40736448979563	58.58262317177952
137.76382604190746	31.994627220052134
-68.99133661232294	19.07585407099085
29.459437626381686	129.43896389349777
53.11569397201803	-28.08796305411674
61.00887195292674	79.65890862178671
84.69539150004981	68.89159573783063
51.398556961083216	3.397100134710125
-84.50086915585008	-0.7652937616682717
-114.80504413760632	-0.07790625728676419
119.26656198870849	-5.3074619967044345
-45.5109947868651	-43.15776601377985
-27.537490769564105	-46.063545825230904
-0.8512567347853294	116.11520905654947
-35.63063597396714	-2.56336800310295
124.59386615418114	-4.746160271761049
136.82907527874104	-30.199827163610664
50.508772339900645	64.615153611839
-68.93854618982598	-61.87092166455596
-30.538861397169605	5.669390667742225
116.00677073768104	3.108658095810644
62.65584323825017	77.31525025909141
-60.546658070240376	13.92842645352761
-85.22533806379472	-31.278126038549225
-74.13244073520825	-33.85566520465308
55.862190323385875	-53.37880167116912
123.5317751585444	28.299160817000818
