149.03365155809536	15.98917810408014
139.55967381737975	25.25918847172245
101.17086972516448	85.61583005372238
-78.43646575624109	17.76245910465706
-78.47955158728222	-51.06479771107521
13.242907431982676	-34.21578244127657
72.26279639974302	-55.880568083388255
-100.79775542900907	-2.371340092330473
-116.67377811371226	23.309888911694113
-67.54668897586825	40.21069378315753
108.39719509453306	-66.55608039863563
-61.02206921923481	50.3943999947021
-72.5099986883242	-15.244880115058347
-43.140180433516086	10.577187332104973
108.44163179347022	-12.88404975146441
119.19864972743765	88.98934349823897
32.25780249466127	91.82449797597177
51.29323496326854	-68.32333072013094
58.233447991636446	88.4202936392058
115.39541163737934	60.338542623017055
113.66751326161238	-38.88650458783466
-61.17640332615255	10.448543234635205
74.87013255728924	-30.452841212352997
-57.743093459341075	29.126416448020954
82.07523366225037	61.23888659868517
-60.31068658935877	-34.12374062137547
-52.50981715407878	-22.156980411829778
-92.28245593250199	48.35036799505219
93.27379110831431	74.4556381025111
-90.40436379002371	-44.555612886234066
125.42806185766197	59.578106314754585
-3.6901223336966975	-93.5070334059813
-57.25652600097769	9.799371107249286
-96.92152484538833	-18.886280734537976
98.23178860911892	-6.799211360246531
-78.05933906009612	-1.6035132525191356
-95.05361400025492	26.64831781003528
97.11368832745656	113.57120401324688
46.669312410465515	72.7124194737278
-67.86841757050738	8.48910619844449
67.1920501308597	-43.742785902956996
-35.11298804191387	13.306578435099487
113.18473555066488	9.936609028404659
98.61547292391035	-91.71561999705709
81.64723929217007	85.63998541648782
105.72274061977183	-1.0119586238074292
-35.88195452320962	16.73068574167682
-66.22665558653999	-43.74137550432131
83.86850090733815	75.39645776017288
-110.9784317851133	-29.89797860089666
107.91031061660672	-75.31129674269964
-72.13581777301562	-114.07625993135004
-54.655030692742706	88.18597516181833
129.5658817374042	12.480370858055403
-49.02872871457268	-21.850562349137324
-62.74676728110393	21.804280135026957
86.22446301428694	-61.09432886405192
17.33887623762528	99.54961194032822
136.57869871783748	55.374948718447165
88.75548719486628	98.67691575436106
-65.19192630955996	43.997983663376644
63.27568389695899	123.39839323906264
-127.34822197708897	0.24031352737989436
126.44303441922347	50.37368045341406
129.48196858697546	-34.921049087732534
-92.29993822106985	-27.39182382928202
79.95048934862449	58.71854618960424
-35.14812595282354	1.7312438961749965
52.363974085894306	1.6696642400259538
-97.53553435262643	-45.57375776369833
-99.75073836465911	3.5521073083414128
131.65751196013167	-9.251252583023158
64.78457596292216	-15.938057303099482
95.12550346224981	-34.415341697948826
76.77647818260333	117.26261714095467
-44.739907478417585	-38.604036703734934
-129.01529252533683	-43.589987604277454
75.08867841533966	-126.48980131995067
133.95459061944274	30.014695656601333
-18.33641283191185	52.00690671891865
-63.95399370834874	23.47363527658209
-61.04371367213173	32.85050355152219
72.41861627793914	67.69540027236732
-57.82534084046378	-49.27972949220811
54.63588811100418	-70.67998404632007
146.47704328414915	28.90017794493416
-42.927676134901105	-56.99012324072757
-46.3247617681255	-48.105076590419415
146.00219044056365	-4.964226434381798
-55.473489508635424	17.809163609783962
140.97056677577564	-38.735366677801494
126.05892574307951	72.35382948465836
-37.26750320632152	-0.5599887245153459
12.580744891021991	-121.22626450236464
115.64443811381503	36.405378697109626
44.42745949731428	-25.228948221550517
92.03485921806315	-53.388426938035145
-70.97596904998485	12.59268228865278
70.95565514369444	-8.007818605332172
147.41056806289566	-1.2059061835666318
138.45513095159194	41.01840549838199
71.71655580116702	91.86056915346266
132.02696643626692	22.45389349117609
112.33899561006491	5.146046250851233
-95.82265655575702	-38.839951466230204
-91.36897014849725	-32.838883526317154
65.83257684459909	-56.5144987737987
131.7595380869309	71.68389690211772
-64.74119958772891	11.090051906339566
64.67530388035654	15.635808081712158
72.3203991102208	-52.504480130793006
65.46532618054722	-76.59492213632427
58.40568978777108	83.45176422466574
-30.24074230462215	-55.11457622738792
-61.05558151354688	-51.65259513082818
-47.46855143163279	-12.560107684185656
101.73950474959813	66.29192802652211
-59.80823897587413	1.3342053421444395
138.9386229186052	47.10348340978492
-85.55299398857622	18.921596150073743
98.3483426422764	21.607636833067396
93.28933083337597	-10.441161170884289
-81.1451015154991	-24.757560780299507
132.05186843715927	-14.057296245198364
98.46501973019946	90.04072654747046
39.42507620597228	-26.915263725877256
-66.50428477001596	64.00433216054677
-57.64950964935525	15.555586727888564
47.742514311099995	-109.28360683512783
-55.07234356339649	-42.39086215281198
-117.87311800745734	-12.629693247991094
-22.949438730580496	10.717912008386598
44.824210403270314	65.61084280649511
-30.181720988539315	11.831070558254739
49.243542350546825	-15.551040147062858
-59.495600792900426	3.8523090390654278
4.211431420339718	-120.53764982035419
138.17229201892783	33.84816571029812
-80.81357589544378	41.47234538719564
118.54792131707646	30.26369154446816
-58.793409160475775	-68.1089701795828
86.13737696996796	53.92262890228939
-105.80042214309333	-11.895239774919869
80.61503409626157	46.451947219364044
85.09336327761555	9.84527099137178
98.70550275251632	71.86436993175629
148.3212856388986	14.742041350524767
103.33309141711392	22.661845217265796
140.67243449683417	25.558356816705214
125.38046563707424	55.42397663004047
-97.36601344095813	40.85776895891776
-90.01045540505086	28.126218197741395
-67.73936549264201	0.4162306347546638
-44.847657785610046	-2.6877716890019734
-83.99144812307459	54.110863845382575
84.32009516440174	-19.47181158179941
-82.63635238337781	-56.5347322878314
68.75919063818422	34.06368984267293
-46.78165145464546	-40.726479434758254
48.387767004582464	114.09232938699203
134.16187858234886	18.556395684795813
-47.55878371890065	-24.595573309282337
120.9195465153829	-56.653887144105845
72.40247522314934	90.34791780399262
48.01161536013172	101.96558190801058
111.36507121819682	-25.09948863527107
-45.998933570788815	6.877378053565554
-75.17383637364942	-23.16920505996267
111.19862301668913	-63.52009341037155
87.49901691527374	37.96828430881427
58.89574907703979	-91.83694559957762
120.62470494471229	4.786973196347847
-89.96966405223932	-48.55659367033804
27.23452015386417	-17.619170743463734
107.59555644098916	-56.96299792895907
148.3102270528637	-5.3253006951109425
88.63619575483052	13.665791985605944
31.409593296651128	106.2291183383386
87.19435907199416	16.035218474922978
89.63579316278026	4.3121056671278994
33.38448578891471	123.82559663414607
-33.95010673677644	100.4114787154505
137.17111098391015	-25.336026283885058
-72.90820732583349	-0.8139174894678854
-95.35548293669927	13.962639483940931
126.00304871549864	-7.0892976402252295
-113.63148216336894	50.00632932837812
-73.02757007903648	24.92946385716895
136.6002008174624	50.881759854492906
132.10269671512336	-69.18353856163051
-82.75434156180157	-28.66094418603677
-53.36638482602546	-11.121579566315384
72.51586646059026	10.77468323452013
-97.11928127270652	-34.32169755671779
83.6388865629797	-50.43117678134341
-77.95299411252941	-22.27172426177574
-30.285609048123547	-10.25756808785371
91.94062547581905	-12.785815320167956
-98.75296362387144	22.76354080042716
146.435710587639	12.021856070881991
