49.77487503944576	-23.48193674504718
-63.0783791628713	-10.282090702530024
-43.79279311723795	-123.89647741005575
123.34289766263328	7.223669329091611
68.16517205081486	115.35100716469874
70.83488573584489	10.023331075322222
140.21477235450482	34.87919514709294
5.8752853688103315	84.23800090548913
116.22807056673568	78.39290572240033
-40.25429337666264	1.5126097594086785
-60.985571784482346	54.074345375976506
-48.12788580749314	-53.912685232495605
126.77816416186639	-18.06738765510557
-87.17243594659512	17.034047977885496
-94.41195471703585	-25.043977118610126
-70.13369076711064	44.208137520794274
-73.8685492934229	-20.44126068378844
-43.59282561753207	-35.44190392323859
-36.39440804103412	-17.723632820211463
137.9032963150751	-21.488360078770196
100.70536588920456	-81.79752603708961
-83.19068968080435	-18.921222165999694
108.78878016394344	77.99704409001163
50.31044075267563	-29.57174978795424
64.70026310438747	98.10332879220779
-55.61442563329022	-21.01570034905926
91.298894047162	58.108984542307425
149.26379236254857	11.609164756647813
127.50841397315426	-52.08536122199617
-106.0967959432426	39.55911654270661
-52.682077923390565	-38.43213013097327
51.96062336630089	-55.29640074977035
-26.85840057568703	7.208971736617917
-55.79984527976843	-18.291703897699158
-79.33382564612727	-24.205613701987957
39.44891009144319	-8.43543411509438
64.19542961916898	50.62012297179037
-84.61094992612473	-17.908558398421587
-85.77182949697217	-57.1574551337637
145.8376820800775	12.128300304090457
-52.92895033010977	12.943192807614734
-59.98250377136818	44.58567672347221
43.49649444756543	-23.436123791434873
-64.11485198255703	-77.93661291942729
-118.8006468504108	60.984752142030324
-97.0978083020512	-15.525048346706969
144.54689672781961	31.54872786326424
-90.2464202851672	-42.21754509754768
-31.221848729778266	98.23421198397736
-80.3863928579128	20.902352398459435
-64.56779844587058	-40.32679732387336
133.15374285541057	-18.35488096589314
73.66872971687266	-2.1318639143819915
-67.88265067701286	53.42918911468652
-47.068712114877236	72.44110456641636
-61.77666244285803	-5.039587830112337
113.0496110916644	36.640671742400144
-53.10932432086582	-53.22855059184978
-39.03892817152301	-1.1552952756183503
110.73689886476187	42.14304554108743
132.60145058793756	-10.183671426213834
-87.37708850818058	-38.459363690777025
-84.20181075727598	-21.621461402834154
98.25187090635025	46.92435355632193
30.6722816336191	-126.78205152565354
-97.33204410744011	-82.7883486635298
118.64587233111166	20.469948755067925
-92.92540723276005	-14.338985268119748
-36.47469327465974	-15.603840902052106
-97.64275292028674	-21.563515650008355
-87.78729895022693	24.301809624239713
116.973929830278	19.31548335235076
-17.739961903265126	68.63140717571193
115.8585796046872	14.151181497479685
-26.70138619305494	-35.80755435871264
61.972609967877474	100.22409309761487
-107.88603629476088	16.13619327134184
135.453300035546	-23.39241398356509
59.6629088508238	8.992412429779618
-103.18010711274994	26.92082104316546
40.75205772284746	-12.451962389753437
12.046765934562362	-121.19812719784295
85.2286600469972	-87.49246196665527
-75.65033196712655	4.789991310953343
48.3821712053585	-69.39628736305401
-86.62333984873501	18.45083219665804
62.66912276451183	-54.98555581308858
31.76803033458432	12.268917371281502
-113.97235676467689	3.360000316706926
106.71624584721218	-1.9556565663787755
89.20261765889525	101.03730553863868
51.22327964647287	-44.21479700155544
96.0524254193145	0.6691624563458738
-82.39866107516852	-0.5370667800594359
-87.12410638619403	-11.20260240797958
139.39675004797684	4.5141344537337105
75.296229093476	-12.93886712142679
34.818309970654305	-70.59457127315505
-46.591094630759436	15.755898895645647
78.9643550656641	37.70945780284289
117.31347318438694	4.137411459319602
-53.116905546614824	50.362642444430186
125.58773338981145	-12.511093878651712
45.619817764344745	2.2038068817370062
49.26213772050667	57.35120229474328
111.44501493136347	49.72836582423602
-61.50176961986271	-7.843651221292843
-84.71032755414147	4.099293843714556
49.04255662394855	-43.046761269878814
-38.81381943824058	-19.99203669094062
-52.903090764081554	-98.7290159040508
131.78131301123727	56.31594622897999
-86.96070085439925	-93.3886177661151
137.08748604282206	-9.89972096071385
-72.14942634580625	-30.646280405162145
-87.01699887600124	18.426194680739115
12.550033376298614	83.78265983448212
-88.82431044068716	-53.09597725281277
-68.85133556117971	-27.644839473994026
-62.427124288055815	1.6556758620404404
112.17653601338618	0.9142072684735376
-88.5589624485328	16.597050469875665
78.38504544907865	0.9106376161265011
50.832699849881294	-9.704272694636167
24.902752096981335	-51.6518566608198
-72.34180524603768	-37.16138654938442
-42.42654357665688	14.774848127940183
97.40047789724716	43.96218916801982
-92.47709646632592	27.330413608638967
-103.47131940444078	-41.566679305912885
-91.19436209471147	-3.4457290956908286
77.10541941721468	6.792840413970077
110.34067734393362	11.3699482879332
141.4108408939528	-27.558048709459708
-66.21773721552958	21.794773767101585
122.99057139000513	12.511880179285127
-52.05153771606288	-31.80283948452461
130.34883407770056	1.6649431870396987
-91.927685783823	-10.304620086963874
-83.41171168020715	11.352081563036123
61.51437356198676	-46.221884013153364
70.6622812349589	-41.28985129227555
-87.35447899190545	-16.90432261838651
11.530531915919484	-66.97171804531801
103.3335919244624	70.18027302341375
-97.75324963274541	18.80200112773691
102.84205302694592	-26.064698034556447
59.044298642858536	-98.5915443028477
92.09047575199229	-0.9378677051754163
-64.22482260544868	-16.79176993628877
108.45270236705377	4.0797250031573284
-42.73096276720076	-1.7641440677225164
132.19930465151336	43.471230272508514
131.05349617690118	54.75698301557366
-85.50930854712809	-9.414645161237877
90.09923956426273	34.28852477810153
-99.56405446117473	-79.52224312106237
89.68749737773726	-74.82594947041815
86.8551637997756	104.80887255692615
63.35225084682028	-49.17216902049171
-125.95635203795463	-25.341709435267315
135.24541216864566	-22.253645473357953
118.94461435480262	12.507616814826742
-70.54370821648804	55.58457739908294
-38.329485981042694	-125.21999038885902
-91.79263482029356	-42.876740246259764
140.48936412446955	31.87604802010999
76.65401145816733	-96.3554362267833
-77.9958150520478	-58.59416210122297
88.6741166939557	30.81796355578241
82.49564536752851	32.964906454066565
56.40514360345265	-9.820067113951746
117.28255072850686	25.997183400905886
-44.49488023716251	31.87868641997957
90.50762580866152	18.290342181366
134.01204202605467	65.1875387257711
116.63465146189512	-53.074390585396046
25.28236870476323	-99.0768319289744
129.28346593452324	-0.9890429370257351
-102.5640401365696	-70.8877181976197
-68.94309962484313	107.61833924870986
120.54145162827777	64.53928001489373
-100.26502062489567	6.683874773965745
-67.38580288190809	34.03371714558163
127.61250144805608	23.720024915353893
-76.02329783130877	24.047520239168662
116.89495087120852	43.70032757472951
18.94957830753581	47.45996022687306
-103.53594008294047	22.66601445107761
126.38377757493839	-2.437838599067477
-119.86676433693486	-3.810249004866092
-101.27542699233706	-1.9323838992089506
-26.57093608858296	-27.176985776138974
141.7889323107278	-2.4893248537333568
26.120923008579105	-76.78728367459219
-73.70359894384065	0.8857724378122187
-62.00244125662085	-22.424236220217125
48.41377648282511	-10.644015847895313
-130.93705172962385	-52.15109419946733
-77.14938999090963	-34.30538835867067
