38.65584973772443	-70.91176807441771
-90.30958909594824	-5.954213026847246
77.22282545794641	105.42270372646203
115.69968613676599	-32.84653415014844
91.71595100566742	-57.375043311368955
-98.12490092293109	-33.423168000598075
135.32320974774245	-48.40389793354751
50.057668507604944	-7.515180789537338
-65.26734498395555	-20.469965298203974
48.8165276871457	-8.102530913608867
82.62504550262764	14.510420079064374
-48.25355269111565	-32.459358731006894
-71.51812726862597	-30.281673276010174
132.3204679891786	45.79247633854641
141.93498704308786	-23.335809254186266
148.78556158244655	5.189974886833784
-73.46149363697529	-16.09752844389832
111.21003321422178	-42.55516147315865
57.86128161437617	-40.62243231029181
92.30077901689486	10.973232661892471
-67.94695250105443	-25.064746498474403
-51.15254455354953	-22.797542387836376
89.20217753565812	46.59550576036382
68.17785813207107	105.457124797081
-91.91192147757752	-1.809261755387811
-93.7904623675165	-2.041938001951284
99.247017199643	13.478247060877196
-88.66287641213825	-27.017564840150293
-48.2007051995153	31.346390456091054
-111.3726895791045	-26.993869667029465
131.83097952612772	-1.120972116805921
-130.48605308546183	-2.0658357697740035
85.78160293366925	-3.3773066831558216
-97.45485822188944	96.3265122461981
28.527304488011694	-117.58547430884619
112.6367934155768	-82.92177357130397
-119.98799647502567	56.087353761362
125.13352767951656	7.023699093091894
-47.19875268247285	-33.42601779991918
-94.901879483772	-58.144361641459746
28.041918555005363	120.03347013871104
102.13755845750475	-42.93647315583342
24.935841137853508	-31.21693015386157
-82.1142844562252	-25.285721030144426
102.15550171050774	0.017231434967231046
-41.78692239283297	-18.767441493921105
-39.73057059264059	-38.9043013524877
55.207190608159806	-55.19587619610202
54.29703373393214	-19.511359223291922
125.21469558729213	28.833285779909392
69.67811536037958	81.21622733352051
50.25318728782918	115.18120902863436
-41.32728017553499	-16.344646606008794
59.24464058251089	-38.100993575891806
126.83228690726631	-45.42659889489518
39.09145154243445	-39.305479197027175
-12.872783219710977	-63.9732555664046
-113.12944026961183	17.525180126938828
-88.38907673745547	10.971924170832377
-63.92721341173465	-72.7607963231649
-81.22957951883299	45.38214917891368
-89.3066099644204	18.91068025859302
-26.13026865272538	52.45829203397265
-72.90006649631366	66.54030327498812
-105.94564191097035	-4.309999097436321
-94.48446101834948	-10.390108097366214
68.74645109339085	-76.96414955607042
130.40108132458613	-6.426365693250522
106.39803239907576	-30.908189474442356
0.4107743116820083	-120.2048172944347
-65.58931606104674	-33.08329091416727
-92.2792639693259	35.94357209957748
-66.32107140140225	-101.90003361981826
-68.84354075894244	-15.889777823278184
-97.62102735212673	-49.75557470278181
63.987389967605246	-59.73355869745954
86.10944677035566	-15.657930599907662
97.71157827767573	-6.176587656849052
-28.160706399497997	-69.03986302720111
-76.60246726006872	-57.02407035185891
52.06091722446443	-83.1558835236632
126.96084664281805	61.97324109928536
-82.95083547183727	22.449111475266385
133.60021866530326	3.607003450186588
55.75991465383895	-57.83921456389354
56.99025101140072	-56.0996357539822
-85.72594943660913	-35.476040908795724
-25.181776695245432	-62.38348275514275
-104.76228350209517	-72.41341196944421
44.639101675668336	-60.12127467851093
18.396155682850058	-16.07021853280904
-56.394808134985524	-33.154411772794106
35.90872702408148	4.400225830075485
134.02294516238126	4.655030112110598
80.10968541051302	-49.15918425812904
-74.46761599619941	11.053668901075714
-42.538737972316916	-1.2924160462682979
64.30126488363356	78.57320379337783
-84.67702718590783	68.9550604913144
86.77941539846584	56.69839654672552
-81.46744512777838	59.046478544784016
74.39239958602944	-99.1468649098864
99.14117630545664	87.27129051525422
-88.49218368274533	4.371730611033098
-96.4158500747499	5.2549628888683095
82.33256534778323	65.47152441511192
-111.5063383729859	-14.55778870668294
-47.03544292156591	-65.44107881332536
-75.12029860690083	29.3419852686843
-70.64442424137476	114.64022150322465
129.6103789445078	38.68843501191693
-82.4567742390592	-9.791488394405588
-43.012954723235204	-105.76661868481709
50.39585756097505	-119.85465925089287
-111.24564558422198	2.6142423970712114
-84.1340241366587	-35.92098572103792
-89.07600687548909	-16.192866775772387
107.78952398073294	7.764197163000572
3.0120459255281786	-74.97270840618603
89.47591656889709	-7.6279481847984725
68.30608781318536	-64.56186046201589
107.60205610752716	11.553140497342541
148.55507622094962	12.305079993942671
87.9070608000532	-6.508836351786881
-70.05626450137514	-6.534614019139158
70.14913970757262	-90.04971789337095
83.85221544744803	90.49363060099479
129.68289437188255	43.387773933378085
119.74100523039664	59.58324571489711
-57.005182634110504	28.79994359335062
-72.41993063085759	-31.383812176148567
-72.0990734286011	0.9440248888998247
-81.50377301388023	27.11740251737654
-60.842993361077156	5.405923960604778
128.10989571589846	32.65502598110246
-28.019983705728073	-109.40831673254444
-64.02060311566255	-61.31767503176374
144.79556394805576	-15.12924401985895
89.90271689642498	-37.130732774244144
141.3194627687215	47.75060755823212
-54.01352894524992	-41.404097453791266
43.68134689325759	-35.87604295410536
81.68030385214861	-65.1138605033835
-71.47333604009161	5.645696849300617
44.33029730225877	27.19264737826092
67.1183821009507	-5.747702219890672
-46.52210596619815	99.30240308368565
-76.56278875323856	10.842139068054124
-31.227497261219106	-17.55285164465688
114.86173273155059	26.26351351540047
-69.85846182133243	-53.99640094780817
144.3196955382492	23.27183409411655
97.59373368885772	13.615970684947944
-39.73895918277325	19.281073091751146
142.53037781481333	33.80894788655877
-94.41895029029237	-86.52890956674108
-69.32383356758666	26.58132553802466
100.22273744185554	-42.09599329398752
-90.72325734680163	-48.49164708028845
77.48437527418277	55.190260540596846
136.6342702064763	18.123522378318192
-104.46785902024166	45.55046219476385
146.52605298522144	26.505777793960714
-98.20653568541738	49.60750085200579
43.76549007887774	-69.34212603945714
-76.13870473559227	4.378468914126039
90.48636849896695	-52.610881153262405
-88.89730039329443	-29.181474744145007
95.09149936210603	-62.423029386976694
-92.3203006636882	-56.37417629420999
60.851252678749454	-57.178776348180406
-48.93258385345218	-14.740246329435287
85.56419610229747	82.89724001937695
121.97457457922619	-2.383694731163625
144.15711522266238	5.96271412090541
59.76383885035342	-82.18497501910336
83.66298393556806	102.7409023888768
23.39058121892823	103.9209561971129
113.94681233302465	-25.27330014899174
60.941605105218414	-44.34620860192809
-119.46625007004847	-62.48795666398192
-79.95251153174333	32.827126749249025
90.26265113682273	-8.928689025647596
60.71423126484476	113.4523008941661
120.0467008905731	63.00471498369471
-77.49131757679918	-42.45175981791868
54.26264168670608	30.53733264896034
-61.371658646528175	22.93156777465204
85.03833298195863	114.28620462073542
-84.06809612545808	-47.282485944982426
-66.92033097941199	-13.96638999697855
-74.18592056314432	-77.806849689802
45.277396403269975	22.32789131283917
147.23867321855988	15.052184401895582
147.25049592614778	-6.206881363845183
-61.138018223816985	4.157070905737744
139.02771604006526	46.82671266286815
113.58599428706552	-2.974860259520599
140.86367306521532	14.459831705176054
142.57493535901094	37.57753124263152
