51.55276737089098	133.02952208331362
-94.51605767871675	-66.87394892566682
-59.438406178509915	24.402265429459273
-100.67468313368737	11.730003132492477
-49.692604680411335	-60.499101967104046
-57.16754682309801	53.01561848611658
-6.083731169080088	114.15626359629147
-63.36004728596166	11.279983988886507
-0.7551594216245623	-109.70137302579037
144.15082333752193	18.019814887717946
-87.20039071124515	-15.435636307027721
80.66620005515016	-43.333739478288415
54.78564700364288	-37.0339080425625
68.56761585775499	-13.038667783619317
80.33495644715451	8.657458494202002
128.02746771080228	50.695648473462114
40.68247169498338	67.86853949987902
-61.140321703149056	13.524515089581662
110.8630880563589	56.767058528572335
100.42952641836932	62.47267842104198
-70.75582805449156	8.357615838413748
109.83258934000895	-27.381666156636847
34.59717838852048	-45.47076571186861
89.74767433982129	-92.05465643771447
-131.2121043111624	-10.98518348504471
51.470821474817626	-48.87349956814293
53.291168985180505	110.4007589843548
-80.25388383646838	28.86826461550935
26.40566782897412	-43.86100496108817
-110.88208482994926	-0.7382675513984618
138.4500601334664	19.43971634218139
39.55254080803576	109.19353094320199
-78.36885683193185	11.31614634721016
133.69293716652962	-30.87058285742712
-128.62024477308503	42.447962702383116
-37.643715224051796	-4.866475715547988
-33.58558077109561	-31.755443760122898
-50.68853340354269	-105.06646427865357
120.69847696286578	-69.26006998353188
-118.09491746137101	15.6186432170662
101.04581056143509	44.92351778912784
-61.532961450183585	-38.436995978331076
45.662464460583834	79.74604737424986
73.65324411446811	99.42962816903889
-81.81473728289875	-31.941145073381925
96.11929924758338	-23.58994035911426
141.82959271311296	4.229754739405083
113.79885255608966	1.2087050516224533
-34.60286600986592	-3.9793805411266714
122.94105820988815	72.00504721066152
90.25384474731437	8.80771429685266
91.40004936144489	10.979660541206178
-117.32750613589644	-41.05532019922192
122.32418211905065	-9.131801289044075
115.05999227188727	-53.303790070586885
-90.77323828611745	60.775662733164744
-90.63111131698149	-28.807335225077477
-89.36915420490861	-48.10431133585448
-82.84548312882637	94.57433884317102
132.21527568990183	-46.5953341868492
-61.95698567014949	9.617554600623302
-65.02239866755362	-44.723358024368395
29.351253389702226	-51.50660513730666
-50.71580321147843	-12.890546413627064
-63.4004495069021	-115.87172067280409
-61.651265182254306	58.78316465811136
-120.6574290254809	-35.32173128006771
44.35421953305937	-29.123608846811912
132.79994163715352	50.23443803049523
79.66166075211576	85.03359706525427
-113.73194216888818	9.27877041484476
-54.42908022903447	-66.8813854064108
57.55384815452496	-58.93955524617278
-61.665291014750196	33.01618937663829
132.31848220170397	-11.52122791604315
121.69048792620283	25.679666035919208
145.33355376392032	-13.295846055594607
-74.41535506855763	59.424408912740205
2.9266200719743085	-44.60859903810898
-102.1224775512231	2.806108172378941
123.13262532248676	75.6518155407437
-34.29226225027942	-49.72036582688749
131.97471444178865	6.026723845101826
85.30184085418358	9.99954336833361
-81.23995740175273	-10.5240818910685
-98.15779873063339	-5.021807815325208
114.36324093002362	-55.35465158149108
-74.20073233988822	53.05702033499504
87.70262466340724	96.08967372224897
-92.14280648519515	106.21960176689473
-62.63633534363432	-67.08821018765425
112.6952650442554	46.67414557269149
78.1902370685904	-61.24282940647178
18.932000939951735	71.04417259450933
89.32363005297411	-32.42631538783822
-73.68749322057123	-9.456199721504245
108.20803948262451	47.9877055028288
122.97534791725471	68.29388391431996
77.94998516016204	83.32352497293272
-48.87098735892445	-12.837239431245376
-51.650988362536076	-31.32585324900343
-30.25453855647877	-61.17380950066347
-77.25439227800419	58.72115398861621
-98.07719462625096	-39.451990930694876
141.81744190174476	-9.710331390983914
-44.89814238907386	-32.75404573910294
86.37539915225275	95.24330586106187
66.92313272472586	-7.637525044798899
57.27575752389917	108.88936555054568
113.79432947392617	-31.333198781157886
16.576023409700053	77.82226128103542
122.86510187070164	-16.19918035846406
65.27750221949765	-99.81658380647066
-101.42387369673446	-55.338657255250666
-98.29947603060621	-57.70713197732355
-52.414102906827814	-45.90271562920094
140.63248562309377	16.906770382120232
-98.57402196158112	-25.167905538775585
51.591936709736366	-20.18860969650689
-19.56369454550615	-99.7428702207819
-100.86976915898848	-51.149362324821624
121.90044057881761	-34.12773164803376
-6.692764287236495	-35.48312383942679
-71.2909052669649	11.361743365915746
-53.87614772734527	81.04835463996749
37.54663669102643	-104.63424653748629
106.98953902274903	80.80490750348541
-87.40810004080973	13.217505817030261
-36.50077810663261	100.493596748933
-80.41357957523809	5.872852658676831
73.70297374062504	-46.81838170778844
89.24802959725052	56.112962759554456
-114.461037957266	5.269488819631984
141.37308444882453	-3.5152937187152062
-72.28463895453885	51.706500623986145
-43.48966738888151	-69.46972870069398
15.456282160100278	-127.33158202168158
-80.78298736879606	-6.242774058428947
105.83533498651424	25.636217668421473
29.513564427911678	89.95035643267954
-74.4021359380057	5.562710251569242
90.11157753112897	-38.80394837832444
23.992175961958566	61.90417491414767
102.99746679933064	-101.57295520016163
56.43274403300314	-38.465134469217354
113.45177225657386	-21.455832826917156
35.12568503056122	-25.59619556032548
-95.20462811981075	47.06750421264192
77.80401666531831	-20.27878423925995
-79.7499789863153	14.85343306705812
-47.96488204187381	-11.96756941846404
-81.8615602105119	-34.15534853250518
-17.709173328658963	16.766729923971983
-105.25875510303092	6.272319082468008
133.2296095052464	58.040517525127505
17.002851079560788	-69.00873005621621
149.83299534557864	-3.7269486665072216
103.30859981236114	24.079895176526474
128.3116283613177	13.58644348661878
-51.53810250615378	34.672737287119084
118.25471564772975	54.803265206609275
61.66059402212795	-33.52716503711499
-97.84605858260296	-31.58803473621824
-43.50838650266593	-58.47394058308182
-23.374853760140827	97.81739456433955
39.399807131591466	-128.228091914425
95.58782229082941	49.27917135106131
-81.65871406879587	43.981145738604454
86.56205312952076	13.349256238757544
-44.49986304403854	2.4775975978180287
-55.172060679497505	-15.250173999676266
125.9251854697153	24.410797082510438
108.42838970614937	-23.979638059054146
16.91017610697512	-66.01154447815664
99.57468639412397	0.7874075798835899
-73.99007887182394	-34.00199630686018
125.08024704604762	-47.24941001711454
-75.59319566988833	-98.92289451165306
-54.111456403657954	4.8169606797564235
128.92073959164733	32.35265495984432
-48.669951005387766	75.39861777732096
108.96924702089409	-20.185416343938346
-52.61073824114402	-75.40682816434541
72.24730125149773	-22.904503603255016
89.54739549964918	102.36897242022846
71.6860795929189	50.28553563843054
118.03441466817694	2.498212180097483
113.92228155227724	50.63396162057254
-33.98009791388259	17.98079958316272
-83.66716111180446	-46.939678750237206
-42.439325467426656	41.038693218106154
122.74998756282747	-50.73787144375961
-105.34627906505034	11.430040068380563
-43.554069890025204	-70.28207749099523
125.76732925314197	-6.946106675209395
-87.58361986111761	10.078912821257951
21.15160657624545	-91.49001215951526
132.30725750398526	24.390682436894835
48.05991559922475	-87.86658275536135
-73.3015324298462	24.12241324651191
