-71.8319853522243	-45.23685118064605
-11.599347724780639	-38.531581691542726
-79.23763450057562	-29.6557976196333
73.74464443240862	-9.044846752831504
-112.60157600343383	73.45576703562043
-98.71860717160314	35.510741010782674
-76.80684872503356	-105.41434396934586
-49.943410469211294	12.432054623524625
94.70795538815945	66.89472964026609
-120.22022707803795	32.96259896989178
114.86210207327979	2.7681297784631833
82.14470448756401	-51.86330024900591
-73.12613287038	-54.34743170957383
98.87323782517403	-42.20546757222213
120.45077176317476	6.943816913886468
-113.64542350835899	15.461071136772468
-20.665998508860554	28.73378201959046
134.36156796039276	-36.391675985419965
147.55947742377788	23.25296095848431
-89.66972063374571	-10.426576967019649
104.93727358308367	91.35916233966434
79.82448780333772	26.461049684788154
131.3102504278497	53.14211794855027
-71.86393397169715	-38.70516521570614
-67.2010033775066	-29.656928568986007
147.37224427172185	25.06284363609625
68.09870120052278	-12.365685017657217
-109.3172045560357	-9.563722241751114
-50.5575564383922	0.8503550288327081
-49.246590678043205	15.718741090854397
-106.16549264312431	49.03796667645255
60.642303223970245	97.39859351868668
-18.46428846738803	-138.09106208164644
112.13787378790053	-68.2171242740668
-83.0126388674541	40.82733981775443
112.36885169781661	11.950583262727998
65.5815163550973	92.47665597279583
103.62251190746545	73.75379223895
-74.71573046718198	-83.53391808992689
64.81170665965307	-23.460629919415002
73.33541851662677	-64.31370656390968
117.40442293804448	-12.756857028054334
94.44006100705455	-2.276512206241819
123.37047053643833	12.169068898441568
-58.37436341439444	18.55492953818843
142.68972526043586	-44.17418624526392
97.38760442289998	43.48130633208122
-102.86046939295414	33.11729667694539
56.20865395036973	86.22984467513605
-63.833973148969484	1.249500828496534
-109.76030208698023	-19.719093767886932
-77.3547533318983	107.38478126882846
-81.14121815975676	-35.665680454068344
131.67409557194122	58.70727897786412
-64.25547907125994	17.70070785710227
-111.19744997064414	11.993650843118672
-61.891743402420076	14.716059687412208
-65.70616139351418	-62.5074730276047
140.9718760612346	-22.728740725576312
87.95733110738956	28.441266997009286
-63.908636489509696	10.356812342501353
92.6896558639699	-53.24821669156784
-72.07245358548576	-15.441080351279533
141.7335324232062	-25.87561374642368
3.8273865729704877	110.72247384848559
-66.12826948331542	-8.347309706131893
-92.38839447565041	-10.735824143262757
101.60942189524042	-63.49465069047543
-69.50524103498518	-16.103953863941975
102.8772509672936	37.45049924138394
50.94198381293126	-23.76515997407407
117.07166051416134	79.10581880942193
-110.14856067960731	-38.42047187457829
120.12285744165176	55.09861207323948
-78.60426373038037	-23.086838205149252
72.14866997565147	-88.15743763135221
133.57060092498432	42.468061188839435
-74.59054864237552	-13.89626137948369
7.119294205492827	-73.95542370810678
-72.93484541926439	15.176398543918896
-65.5068561401262	-38.788529316322105
39.037863967380865	-109.54161030354243
52.821549558641465	-8.699770601314443
-64.50837783466686	39.00086709157499
87.49367892767044	-81.13158973123258
-119.13808423373546	-6.506693959258756
68.58782137790303	-76.1356907395613
-108.06903645525954	13.655756535792335
-95.32430905904903	-5.426456220481338
-56.45848786780057	-44.350469574959135
131.9688463173641	30.678118536685513
127.83927124602994	22.752435561011644
147.0511626148888	-12.391276724473657
77.75900909669174	-48.58765559220156
-44.04334605331503	-36.61093084029275
-87.1430017075824	20.460092776243215
-41.20171235877711	-55.39706019449766
-62.538751686873184	-23.156311076717856
79.44469709971547	44.216625616787084
86.40100328551068	-50.16919625314719
-38.238763876045205	-75.81733698985329
-76.42983249975119	15.28806932294109
-64.08347007344659	-47.08852538924896
-63.25197756184255	2.557377571792403
-95.78114457514509	6.979203307373995
148.94980116771998	-16.533344807430705
-22.23353241195374	-19.202069304539958
104.45402579737589	-56.25800209330851
-64.12574372152626	-41.9338393597112
-100.39855012407573	-5.336511552594825
142.83707197256268	23.16570177250409
-125.13099273107785	4.0824098987787325
88.95705779029969	-88.93940630279917
2.0733229147944887	-144.3357641670131
104.33777485296659	-51.16287520897449
-74.9081891713219	29.146187543062968
-70.90104327624861	15.31142868565908
146.9952267535981	-17.082063382569366
-12.080422847528254	-27.469142963932637
-84.5440927940664	-11.307693283656349
-42.99305207866071	-97.28136725675839
-95.3589460802658	-8.51926385834234
-31.135583382875343	-0.5003231569082152
-78.00363445322425	-49.72978972749192
42.70587796029396	-29.422862811181005
-65.46954403767916	-17.06898693804207
99.58837033524435	47.31338452447197
-71.5067238150596	2.7355311784452168
-117.89765401294392	3.0393985867107105
-77.76716669929664	69.99474302864829
-103.90945645656726	51.88534937681273
-92.93888725875497	30.372330706318866
-69.77121146033362	22.611015556649473
-105.41186954742976	24.812526895990278
109.95076078924816	-15.078254490722058
140.60669290047142	-7.751260691122702
-45.6157408467452	-6.809680345058451
-80.53697727052919	-13.777903980904435
-42.594613939672605	-4.335089524348758
-53.81610540421754	43.55640420456433
107.00563346293802	-45.63669562621101
-63.39576294284866	-49.53387737294162
-125.75195098255726	4.2737730619106795
-78.73630743514713	-54.51296503430443
59.46374309350921	88.14164191633367
-73.56602062095432	65.34657132309474
102.44918139424257	31.10371531348594
-23.147072710252484	48.08119532114975
-46.6664888506547	-24.626985881401623
132.79563008762275	8.608249400732072
90.75818403340972	66.08172029842939
-101.4622373697622	-14.534618063739636
44.18914836214274	0.10285190831735216
-35.2650165745435	8.284124003218095
122.88144247015951	-44.44409935267494
-53.825362891836	-30.982257820233503
-116.55603812668961	17.24065821956506
-35.37690356836682	-41.3515706929406
77.79382371421089	7.29000260672283
97.66005190866612	-32.967252194909335
-86.02188781813926	27.19103322519157
-71.79140467951336	57.68731025399962
109.91579970197465	-45.3506688548759
-56.531690711871946	28.94864576627773
-69.028391782019	4.429037307306758
-74.08420100185096	37.60508607813371
108.15239929009368	48.987024588474384
82.09857769669021	108.09851326210106
-74.83727299002875	-53.6218655207392
114.18810239062766	10.642853510896066
-53.171517209764644	5.61171832131831
135.05802650949508	62.71490407087623
-86.62321159206361	-85.27336189436087
43.277139787860904	-50.10426160165345
102.3893834817807	2.6644432315233844
84.9519224907364	-38.89701142747922
-108.66169902153561	-1.1495212193695068
-17.05123499285066	27.316515256548474
24.636588258451912	-92.3782983611975
-75.46982543899067	47.44853050357371
95.46001723474893	-77.1430505311836
-97.94480573193553	33.59880842795028
45.12889348187442	-38.68738498257709
130.54368964212082	27.19153637899055
98.23719642384539	-15.311431085079104
-74.04631950920175	27.779543883035448
-49.18016625570102	-3.880644552521743
143.11557049889535	-10.595337077771708
-120.70813153839781	-53.79348343717251
-79.29137836453987	13.91163770579969
116.03998093818858	-6.85574537965475
-103.84854487657805	-52.02524999930426
-92.59812081612151	64.50178878661302
-69.22941954724841	-17.84396072008236
91.51346708712379	-34.38676790489322
149.48550515163214	-9.418881223665522
-60.33330922284657	-58.89404640102964
117.15362379871893	-31.914166877095877
76.4356228162503	57.622706925769755
-114.44749105639977	61.77484393227738
