-55.810945645719755	-12.50530229382638
100.76217533509949	-76.42110911490914
19.03185284942625	-110.10303738979383
-50.26642663110641	-42.08677289583552
125.7185479020174	78.59981948690597
116.36303927275245	72.0473259969975
101.33180244952517	-14.656019245224622
27.731984083332925	-14.614471484291645
-59.08446926815606	-10.06912616285192
143.39436727039433	24.478167867228652
-45.368236208924614	-7.915407161337724
-129.50470634001292	-19.851243546008398
-101.06301161928116	-9.990566385982959
131.76649081929398	-48.721901528909
96.54156254139998	-39.81262545357366
80.58872018832169	-81.37968962197891
119.49996255814294	-10.307715888068923
-50.82588313442953	-32.6713087599145
14.535107006953325	-54.30462891711664
-56.04411598572244	45.59381605076722
67.57790592460093	-55.83681151929971
-40.488783706636035	-100.14804314843681
-83.81659773554779	-52.36218449231453
-93.21423162479076	82.93790837651284
129.06225293238052	-25.985679962109984
111.58066948605112	-70.96675294684428
112.2625056144869	2.6671769210341254
107.82080301326097	-26.009236353623912
-73.20574618930812	50.988261712179394
-49.88289942369055	-3.552696695141103
46.27423398078885	-90.81971669154997
-37.86077682591984	101.17352117499954
116.05240406245338	-41.284644161143
78.61648679302897	-10.703621354939928
86.48142686039353	66.82640343983576
-107.57143175853514	10.711480132683242
125.49619226321376	26.72116836079659
-48.47421011308298	-74.64580244792502
-85.66101545910662	-54.74412421004672
-55.621155022914465	-26.78641197061222
-81.5555910570003	-7.678386363850853
-70.14592341562094	1.2279122384010372
-110.34930943266276	59.22419823438167
143.11041609395508	-15.4856818827026
-123.68150676664831	44.60415616088667
-54.365477626660976	23.165662392679653
137.4402681491059	-5.073499241996317
138.03327155720135	47.37713035793719
-31.102209899266942	89.75519138521149
-54.36655476326415	-14.414780904242575
104.42994120033404	12.584073361043556
-29.166781176340702	59.66536459519283
134.80583226191425	-33.14972478268624
74.29917373581071	75.45589421632938
-104.40363588249605	-13.594642799643031
-86.8782176147488	-93.93937325226175
-92.56004933899735	-24.5087700425779
20.922772818628488	90.88654160832343
146.30185177347346	-20.81331266121446
-55.92389640953491	16.254430321275873
-46.01369259589826	1.6024273669775855
-67.85687140500222	-9.124916960453005
116.18084273813771	71.03405532750175
132.9614420559904	52.16426261430116
-98.54546903680962	-8.455530054560342
121.54950994911526	-77.61189942131001
119.1613725289334	43.20686084812997
59.694237096121284	100.40012170624752
-39.71766660631364	-20.548051064606433
-85.49691707912118	-33.91437078275879
-45.4008012762465	-89.95657094445427
86.44067076885733	-80.95115815220927
-52.64787972076104	-31.199806047560642
-47.504291181244376	-59.18587829492221
-50.262647419907	21.23633389173769
5.729490803030251	-11.746913114275316
-48.942375830969304	6.952153384615959
-100.2413594562176	46.74082692408576
-54.780930935040786	-52.247243431239596
-75.44418731112262	10.671621794898954
-46.194232933009566	5.934917632443352
-93.06098663686674	2.7787101163356946
79.86887147683362	-91.80169245834576
62.460179164861984	23.837806290455465
122.40550470560436	2.753318755972576
-106.05082636498503	9.90920551672042
70.04375010773904	-59.11335975676038
-81.56134073949663	-39.98193017891057
89.02094937556362	26.49084128344504
-57.68090729875953	-81.1211290490184
-28.85924225509898	-5.354314830221845
-93.53177338700786	10.199484250110507
-66.50694207364553	98.45384543920238
-86.40098619688395	33.89528495666891
-110.28018378815871	13.13486819312731
-46.5289499017425	17.489983428781432
133.51728643374238	59.845830922087856
139.24272613293056	-10.77905340601933
-36.249291223836785	-1.0346851942876585
-56.99119346386126	-59.22760834916999
-49.46523784809922	-28.24214339302052
104.89628857422854	57.00892238434081
69.3567466973692	-104.04437501110529
89.45987811320781	-69.2552429799406
-93.34709426130668	-16.40316539623328
87.35219207637672	90.34251915728385
-60.77416986520713	24.37637540038977
-84.83903099637801	18.97043356616627
-86.72291744440594	-35.01692490298952
135.61945295010977	-18.51875489497405
-124.05024268520712	-12.901590013906992
99.5365595173309	35.01349154131701
71.86968593099739	-54.159469119337054
138.32889873711375	5.631248470338076
125.03136308523997	46.569207275070916
-27.594589797850464	-13.897147770811387
108.0907849175843	31.880058850420795
59.437160060886114	-87.1509845638199
-30.98619273794394	-7.71167382403773
-78.46989060076386	-37.25232904777432
50.44882927995916	37.18572869313344
2.674260838809332	-86.93536237587445
-115.90992913441882	3.9465034929939002
118.4699780473618	-65.66255308214583
-14.104682924797462	-55.48448722237265
118.98317732467193	37.47912771622607
139.92844654758676	-20.883289519056827
-135.6659739578186	28.39389868049578
-105.64692794410051	-22.30488435138767
-89.63560892354865	26.342304503927338
-57.41897898677697	-14.041320241823932
121.74751613286267	-6.8589491393642295
-55.79626515590392	-8.146800963530731
-39.28495677553795	-21.756230260779713
-81.64860989097402	-82.3624797195731
93.95076514043468	-6.815028407467496
70.69477776649985	-124.75082219744763
-67.51138976239878	-15.072568070417637
-85.76227337327222	21.545582319780312
-72.02818047390241	-37.57277329501802
-99.32963349654023	32.54100528209956
-83.89873421375606	-30.35590686820424
70.84285554945825	-54.273646884439906
-36.69464430404781	-115.82462571250582
104.4734212021399	51.90577577842907
109.69485167517527	-79.46558620632314
-50.76299031754913	45.813987412970874
-47.23171664262712	-73.56210529358768
65.48118975975386	-4.116742591024423
52.368138898511795	-46.557668878890105
-80.736722218149	-9.238040898418753
-78.24493804012835	-55.69587808972449
71.87529313794192	-57.854053394094244
-92.74766453750502	-39.55898698128088
-75.87178730847047	-31.183815114499815
105.79417510397273	-18.06584945622289
-120.90532333568602	26.17645040807735
63.49469588398402	22.622692844701195
66.04439473801604	-54.30813671922109
-64.98390208383567	-38.0386223370449
84.76753076420444	-65.54017417961091
122.06036541735769	65.77206556293427
143.36962956921178	-42.33022836519037
84.89784146198868	-68.25510285228061
37.177549008960696	-34.9504745976984
60.97918744517682	-2.594821243826914
129.62770867174922	24.174828016078706
-46.04288671196958	122.19128741057945
-88.73447691971845	-3.7837845553395795
144.6051268786156	19.31377888042166
74.97088831270158	67.46649782748608
68.28780452196243	-57.41608241599523
-94.00711113913273	-15.825618211629074
134.7078460372286	55.62445905135152
125.55232586160078	68.1756444535326
-104.95061338225729	-41.65859318827266
134.15593819615154	61.55770430383183
-58.1708560358635	-55.00918474752801
147.36455564161747	9.53295466557193
134.54846291153981	55.33378384262925
88.21284102970353	-0.7694449101351774
144.46980072526895	17.728708065512794
-92.97115614973826	-36.17619803816365
89.46921464036801	94.49819880410742
109.8465132386945	-24.883079230419273
53.2078354279135	-57.17304281139199
-57.67692965742517	-12.8875654737115
-79.59823719910275	-41.90718060761961
-75.70709791286116	-14.19187566961013
-58.91017013464144	-13.422063231363133
-94.99216972221747	44.73128248393464
104.16012917925781	103.87574253985264
-21.56156661404281	85.89136542410729
-41.47417244699808	66.5270176914088
70.59646576694577	96.84790041492919
-62.775228400514344	-8.585607667933923
76.52754478196118	-39.118236259301774
-71.97543454417247	-71.2277745842215
1.7783381201882165	-62.251770340125056
111.52818854776773	50.186616658182196
