-84.68487833689261	-4.421947121277744
-57.30562783223933	3.0712885766569706
86.11986761812585	-57.63415567045883
-47.411193224939154	2.395913453387938
-87.77999436083208	-49.76972677916111
56.802728106276255	-16.022937590716708
50.002216209560004	104.2718899570675
80.62019618584665	55.46099473281811
-61.82380136347539	19.247124127962984
99.51450100136007	0.4437807390980198
-83.10062548084727	-69.83694085464718
-68.51970063992064	-36.19770211196064
73.78978539884486	-36.834922930507055
-37.206553469441616	-0.268591690967444
38.89812436251963	103.9889998115078
-67.98558686669922	32.58225547839018
-82.93983111538799	-7.9877612931512365
-97.22327187408335	-4.3122248041089595
35.03254021431282	-42.85571650456469
99.93979332842726	44.81162669720344
-31.64572748820927	8.477399211924485
-63.795717859903164	-74.29372461201828
87.87980511749578	89.03447774528651
92.16076062421727	-7.985581140287848
96.8561171864197	-40.254493129588816
-35.187717198826604	-33.90563232326022
-80.72351474589114	-0.4252425853007716
43.7263655003535	-63.44465072228591
148.53188598022723	-2.2873301685407665
-72.17873374950611	-60.96816846261861
122.5312004636054	54.88093655102327
10.160040880624672	-30.377641301593638
-104.28697501018806	-35.8815534464872
-80.49293159643355	16.455973877459204
94.87592985547901	51.34985371258009
106.61264365166909	71.9826462032778
-42.673508072108774	-24.19648666470667
70.3839250754734	-24.447270411694046
113.44766024696077	-23.369654404303052
-43.882132001794034	-7.913961472325102
141.2328519945463	41.68925898619862
-69.29674426669017	13.545921036328046
119.6887402311926	29.074507108417897
-98.03657682630956	33.63760795566045
-94.88598015264134	26.09935487450847
68.38228649188336	67.96614251877322
-30.592419533562808	-3.5728650710929286
73.38719967429056	122.88191027285858
75.22832430317432	-11.947433798176855
-78.29156906986411	-66.66695566266543
-84.26294222917555	-0.6796916613230854
-77.97942943517144	-21.425589365052456
62.3248698918188	12.704867023596163
133.41920871890358	51.178553311655214
-50.45530626969834	-0.3521164199433159
141.1501247196735	19.239718961653196
-87.1241154474975	27.800115186929215
27.843559668428867	-53.68020265782703
134.04268981282024	4.591091650899453
-66.99610597934911	-34.57790535704911
-60.04049064271543	-120.86502702901112
118.00365409515126	-16.518880582830196
-102.64799970104738	22.4992148286994
-55.32832643436682	-11.576009340837246
-79.90602272685888	-70.8622043488545
-96.86549427868292	83.86767851956276
103.18816239145868	44.61712177071036
46.43183714697278	-29.523830739643227
-31.92272891488709	51.93369390443839
81.33587661213305	30.831159331571126
144.19715781133257	-40.34429599830032
-83.96093116059296	-56.67514091896923
-56.62066922324061	9.585992514229359
27.964255770448645	-46.373099860937764
-107.08452029026412	-9.015426399496976
84.98663466155975	-15.585919084539611
9.363970148725238	-116.1673399814659
-102.21960310964926	-23.87402416880699
140.29163103395774	41.03287936923705
136.9792332719846	29.13050863474949
-49.76942117720167	8.911348514339688
-66.73693625325022	16.43821565420239
-33.593343366003225	-54.112765756449335
69.49956674864683	-29.968972632276138
-93.29188975579025	9.55426414212828
-117.83753327911339	11.003115817419024
-65.13365002846221	4.551466084676531
83.3814688314493	39.026523204529305
60.80006492550699	-88.47901394581417
119.0180733663928	78.86104237908222
72.21185542493696	-28.918637110875736
-112.84569541511091	-39.64371310859563
-47.92121815079559	32.62062640838571
-67.01379971475193	-11.998017402454211
-56.48732063124209	25.174156407864466
104.96520830640571	-36.95586817964491
9.207872314161989	77.29567418472226
76.89643457133303	-18.336349632743126
101.81682731471717	-30.551270021694645
-58.471443120865075	-42.66590658199558
74.25194095795544	26.528538767747317
64.431581742773	-59.53339414345755
-63.92425994507816	6.217080351638108
50.604234034328655	-64.20257155642787
73.06780668733846	96.87548887850683
81.09669052286203	1.752377418448638
-22.406696733996185	-19.81140744031518
-41.34659620877289	-6.898532950368567
-60.32457972424558	42.55975186099535
133.10730014870114	37.005043439205295
82.81856348014034	52.99270359069985
141.8080049393018	29.295815968723353
88.52616332282098	-56.18026538770357
-76.14798141965744	61.79045011925455
-73.6138728847805	110.78572762366731
60.19632495271054	93.91689749218226
130.80269271348897	-12.00403489984461
106.12524154105596	76.76276380167043
-73.51375837384597	-28.620207735792143
-55.6581744814794	-80.16392222462203
-53.29553429209279	74.13590277631747
-55.135061669972615	-12.61457591766221
-51.17645589224266	-67.46487836791869
35.91083123459646	105.29147505316085
107.82904312520598	32.003078902682184
-30.49537390467543	0.7444643404854427
-18.91708676223889	-26.611316439973688
85.36952180262735	-47.67229688484679
-112.30965741584345	29.74810313613362
-92.3663995439717	54.81197716831319
91.2294830950138	-77.90475036705608
-87.65566868540213	-28.458161064342992
63.33446966372284	19.349166419899085
-53.01333398343234	-41.644591640867695
-38.6406322374324	-10.875923031949231
-93.0560022955235	-53.15831540070843
109.02216079459227	-29.40680288347953
79.8637271060847	20.09567941858739
108.24565088430958	-20.206502220404925
-4.451253410574862	-96.10406600542376
94.19347617241662	62.09876791062465
79.5968508198513	-23.890463065047413
-60.097573644465605	-71.16457661343412
-95.12900347705511	-49.38970076961352
55.639550797341656	-6.999276818836015
50.924318287849296	-95.0702064549915
-101.06551662123285	-23.711444321082602
110.65469843095981	86.06150870012995
1.083202928774896	69.0574701389977
135.9437755596206	-4.303077122829454
21.33191893650361	-47.839394898036794
47.77441171910027	-80.72462213813526
-80.35621140580025	-10.168004893705255
-131.6069989286434	17.755451161646047
-61.89911882189701	-45.79604337731073
-82.70478675700724	-6.759026580094208
105.99247413743072	-39.65371142721229
-76.88440896579964	24.96651273522532
140.93207979892227	-27.26794391555914
117.68740742435524	-48.616618668763316
-54.33828894716891	-20.638798988846762
-61.30250934231858	-73.62932331504757
91.70037046864498	41.4575024306138
56.71481192339194	-25.00063122858337
-67.03294420723623	-33.044347105677225
-70.2508269392444	-37.27219074129876
-18.604814877761775	-130.92818086859242
124.7542843025097	-48.9544481552145
-91.867131931808	-36.384684791339076
-74.95621655587775	23.33032906138436
87.59876634025201	-84.47617883631024
-98.13107484608936	11.776462078923332
47.13105154906267	-38.50858123083763
51.387253944824614	-33.14535899151562
-68.68784368307041	25.610468354910907
66.51734456068904	8.734895968225485
62.200472903319756	-13.7106960649317
-13.332258040126705	125.9625571169798
104.20981764992052	47.67302033969719
103.00602071791202	-18.18417406674702
19.077880823693715	70.48742848488041
89.27241860040606	0.530376845385286
99.72619432818864	-4.209452994856352
85.21306725331908	-0.6834797090173251
-103.96644731507476	25.184083197291056
-88.85098398646795	-70.69736673184494
73.790004868322	-24.439112012923562
-102.7909289851402	-78.346376102148
84.22913425363066	-25.577837914815188
57.42503708693439	-19.043298939545167
74.26202225515651	-23.04277930659688
-66.89184059781425	-32.02742588680302
-29.80490537962937	36.76205604184981
59.385891038831566	-39.382089327450714
148.13060748428765	-5.547884325477157
144.9842952775379	-30.79159918139183
-80.89288851204077	41.774905172171685
49.8720538141856	-52.49516965932102
-72.17903048955567	1.649363324115329
-12.15032862732937	-85.87456345866761
