-87.4778300300791	-68.5443164186903
-86.5940129988156	-56.09506467053023
-43.314646526998864	13.657110382381628
134.27982166501766	-23.729877709037112
41.977303976106185	-22.609634925468566
-90.21221838548826	-13.92185283634141
-79.10669074334633	-16.449380513576653
-66.95242427867227	-64.80006065681279
-60.29754359277903	-9.877403768670463
124.04996740322832	-43.017459082888955
-19.0781328290102	-43.24609744498627
109.80173453384762	-2.749666859149466
-80.14038041809539	-17.76693578346178
51.22069813047882	10.176838359179735
-83.07488649199829	30.590209990827418
131.31036500033952	33.03317255270115
-89.93829561964003	13.631725398690103
-35.795573008136934	3.983553561624739
-8.919051385556774	-28.07383301396443
147.90174887196756	-14.370719084326176
73.91455721189635	-82.82503708367591
-103.79445849753769	7.8673423516123195
-105.30675000119042	1.672533864081304
-76.5671474264245	-55.49566194028372
118.0984686904009	-65.8973564366863
102.47303599388995	-64.48527221239587
76.70531104437337	28.352124383420744
-53.82178313354676	-14.403688868561202
-53.54008831343217	-46.85842755202033
117.40396971699396	-4.599688242978988
124.95227902229169	-30.235046105970483
85.44664555509382	-63.35908702199425
64.29704544076232	117.73630795327028
-81.51592683854679	-19.541997217726937
-77.01015206271846	-83.12280614834563
52.04030909714996	-81.5795547053161
-23.993762259847056	10.905886644031645
-118.18522172354626	-4.86428279246126
-67.07017851885757	-29.709174150911696
-50.5426627114515	-16.677061350351313
82.95950206586805	-101.84963215860728
51.362505723286084	-0.8116015782723199
102.73795912133848	-15.347911434610428
-44.10523848329289	-131.55300857470266
-99.63910560737676	18.563359017935948
127.51271586585023	36.35929879797834
84.34813180378808	10.840236404479207
144.1997053436943	40.94105918830355
-33.25795492549958	-29.15916382200258
91.33132123382397	-36.593112468780184
-65.40412273734854	-16.6454562773007
-135.51230192526944	2.6977711807923583
33.93473025403998	-29.516610263261928
-84.01280159581258	-65.28702928592564
76.37459410579027	-4.386497114626401
99.87207739128519	-73.07530460651662
92.67755800819049	-0.5130159922773364
-51.16807110801977	-47.691222918754725
-87.17495507691237	8.492253778798371
106.48991962560667	-9.204582690347252
-96.64034846932698	64.50994847896625
72.10103435333309	-22.58531213037749
-17.264881839292865	25.12739137274367
74.74483626071911	-75.34315233907193
144.86269734181164	37.68183899679904
145.14213552970674	-22.275809695032116
12.87154838450957	60.272613713627834
137.66354549723502	49.12017000740932
-99.48976237441344	-11.956500303961954
55.53557847588641	-32.883636499278666
51.752777609830744	5.4337826095400255
-38.48448474704347	-10.102843015872205
-89.4482631889906	-56.87438782531234
-1.8698114735194413	114.3216121752404
136.32184725626527	-1.7477872238748586
-44.232566058782844	73.51152929752146
-108.06329101989637	-40.19278232181119
-68.2498506689726	54.49454954005729
-78.52917939754508	-47.03582023457322
-83.2964116281168	60.86141952776289
83.74375157708481	2.49035553375811
97.60183299078977	68.06614804129079
9.185338214792917	-106.55772911122267
-36.65230240638506	-8.774272233849457
24.924986963973456	-7.181452494718335
102.31736213164943	52.326147074120094
-131.2661834873229	-16.14399429629158
-67.67804985139897	-4.706458380258669
-96.72911119151144	-20.5914527050366
-37.46334413123888	-16.949392474795296
94.1735034831416	52.58339494221133
92.16949842786953	-1.191460283293043
133.24662575506818	61.72513720129619
43.13615572528511	-9.71106732439645
-77.56178916761775	58.16684731813657
-100.94670994550273	-14.937461679225848
126.4291743052459	50.516771388922116
114.91483676361659	80.19966535626627
105.53556474470064	-76.82163061133143
-41.45784679706929	138.72792756642468
125.77988145895975	-26.697233867042286
-93.48206343852713	71.01706880251906
-99.29557567110078	21.253822137692268
59.82339084301777	-23.263957941373047
43.16039130650487	64.94779975066045
-118.01162237565374	70.99909686074014
96.11472141595775	96.0223700046372
-108.07423477654758	-49.31711484873705
49.4172895395522	30.248293854774623
-56.38063996295486	-63.1392113729752
112.24391072978283	40.17245495646737
-63.58170947190597	16.034143314097598
134.84457968799168	9.23766280575955
-41.06021337565789	-66.427195883144
50.80983752847367	-46.545205661320196
94.79746874176601	42.618305479353836
139.72277858958654	47.16997711489253
70.17402730017236	-12.599435495096683
33.23295461015639	-41.477848142946286
-31.857542759012425	8.278769190930861
25.500745089819535	-69.50833234925226
92.1453236476657	1.4304354758110494
-131.03787947380582	20.772022326863194
93.88260230003849	101.20948189963237
134.22975413802376	-15.97624234077817
95.88776392146296	26.66859296965119
-4.251070114162866	-70.25747681568018
-64.7051695098923	10.633035793899113
-71.44378415296461	-14.26463584022222
61.74001490977692	-73.32590021170847
54.73051525975588	-53.25608794234832
88.16427907872226	-18.028251663633796
94.04799292637739	-5.524709578324642
-121.11599869834089	9.000340636327268
-32.330667211838914	1.3890693553259834
100.43332764494963	-53.39034155079797
98.1589625438336	4.743104638690056
-68.6582332617544	9.255293489813745
18.51189186044751	-14.808494885389194
-106.42447575422645	39.28121168028343
59.631419016830854	-43.251176948448666
149.0217658340174	3.355505350617034
50.50397230539245	127.4930922631166
-75.23841593428169	-6.687919898652643
-104.55963928256725	0.3397783727879199
-90.95934165409068	7.2654262911658
-75.2053108987235	-26.19426406174008
96.86625693941922	79.80927105938027
136.19388246237062	40.78023331114738
-67.04219318202114	5.959952204137755
147.52938703152108	-18.184906925684675
49.72701184255044	-49.053734394734235
133.7066032026316	4.750827465028814
-77.14310634248042	64.12952486548758
-114.15587738054181	-17.557118994232827
75.00351252457482	11.924952041139603
-70.07718143338751	-18.653390813452308
-72.44993926301	-43.76708166456281
-91.63433254131228	-27.20313191864251
131.5710527475325	70.22484728665002
-58.678272804112574	-63.33304711487143
144.40966700487294	3.6959232285878763
95.88400385122515	-0.344221922809755
-45.74550922877061	0.571728978533516
56.66404119445137	66.7775930424433
-13.057355900595534	77.05771596376239
31.53848777687908	-60.58288804265409
-105.97283333002106	-20.565279350802477
114.80055706640601	-55.76116231071725
-109.37803954114439	-18.444720068862917
-39.60609048252895	12.155654593903689
-109.35770660171313	21.932009408025223
-84.40432332860426	6.513803348878254
-78.40140938288832	-40.311667257201826
111.37459229788908	56.624027913466996
-89.1565103229848	-66.95908362357002
30.987048717273353	-12.386355998820093
-61.02324991848783	-19.846981991954028
-71.03543621142106	-81.84300224467087
-111.67436736981217	-21.178524607223594
141.56660174187982	-49.56668198049282
35.16316316016968	-15.382096607427565
133.7085021550061	35.248331372446565
112.4111128086681	-16.81000803861368
39.04506959635677	-45.63096281299662
84.31941862261101	114.36598032186562
-72.36873036027545	-9.141955679614762
-65.07926836152141	-8.215982666549829
147.33994793632613	-11.778465049120568
115.64258329431027	-41.76335656034273
95.1684034906069	-18.076866865772438
12.479387821307972	-52.41915404954329
-42.28478204250577	-20.75335469400459
-74.40010204474245	1.6879968783148276
-84.28189331600565	-50.60045105703533
-78.23521914441132	-1.0972808379876668
98.54620784827931	-91.06821313908168
-62.23206681552392	0.3135588162035369
111.54036212006864	35.99590288309702
121.27789921160453	79.24049533599117
