32.34710922807321	-61.56555802317967
-89.22910492979881	26.29647619138687
-59.99898902762917	-44.926731858665036
99.65335282073893	-13.146513967783797
127.81353377956125	72.02209466930374
40.514435645352556	-91.69589961781098
-117.42161670106313	-8.693919312442457
80.7011754924841	-57.34231534828234
74.02374809197364	-41.912365532987074
138.84947251717816	28.036198552558712
-43.95632351766045	23.767814405790496
-94.94835342906589	-9.115530454472122
78.47669393633687	2.13777185359657
-76.42546850165695	59.62233743952006
76.91159295971914	-66.697821408465
72.91122190962393	-37.271898716582434
-82.57893483373225	-2.2092192444229988
-95.32842672452283	10.509869560446976
86.49224293147022	-41.7882328640866
80.53454300721626	-21.819868553455517
118.27658564900698	88.62137747506355
76.73303490264185	56.292444023394204
26.697662108279687	-28.668483746541263
99.25579505512485	-31.965240783394044
96.14549514802597	-50.93535362019957
-108.13952933382848	54.44189230527847
-65.68032784683244	13.843026221562562
125.85015901033982	70.45955635044987
-82.35910092789803	-18.45449409880009
114.16650462872086	-51.03987668369155
-56.81055049145924	-26.82461257316794
-94.88478604550413	92.85330903222678
93.5330492126642	105.85438354960625
-41.50682202175851	-31.356075781235145
91.94447302410116	111.93869807795417
102.54406110652586	107.45385954190893
80.42795003578871	26.562083710108322
129.41199429251782	-12.527560263014157
-4.460071404536672	78.32131728035635
-38.39801374924227	35.34265730032852
29.11663399645304	-48.906096344316055
-93.67907201750207	-53.98294733812505
-26.97205148992183	1.2397227018878745
-114.0298676570205	62.69724274509789
34.209990066645936	-59.67842412649366
-101.21069479429939	6.057801319436053
-96.09307108238866	-12.940168608168632
-38.9295126738325	39.027654327549044
114.16737384330825	42.84004572958751
44.254173175241505	-38.41856143092183
90.1114930179584	-37.0593896302598
119.70418635592178	29.85314956114955
-73.43613157365266	-57.9584382847729
-41.53231426930625	-4.907789355611256
30.389628899470345	-73.43507709276734
-40.12328011774599	-40.73212079049636
-69.40615616470997	-20.30061734356611
-92.81517512086803	-5.410726154692135
-64.23220713894452	50.49086116254264
-76.22627732002772	-6.596672670084332
111.55586211899929	86.40840330442893
78.35717676224901	100.21771069943722
97.08097826118005	36.59132295954542
133.19738878395563	-24.779382117125166
-88.81512139106592	-62.454721025928876
62.74671473316215	-14.203370054149298
87.79256956194172	-16.805297766665287
-7.403738618201906	-109.82516945416103
-118.79191813517699	-28.284427327860307
-26.613028183186568	-53.758360973194435
-64.11268497614809	35.11816501804564
130.55032703408017	34.81774750260191
-43.423654033747965	-74.12812324874092
-64.5553227470316	-61.77387043163664
-48.808271415060695	35.64348814494792
96.70896567609991	-100.95146420837676
107.45584374248655	44.30328296499493
140.94744567537492	44.25857459999509
140.0510745854231	37.29036231203082
109.52426465626873	-71.5520682452721
-87.32445063388776	-29.10274202475956
45.14995161838173	-56.08435704462907
-110.14611830342108	16.418740047316145
136.97516146568384	24.779985375868197
-31.987498951273516	-14.968656617352496
-66.92470002427382	-1.9676923565238489
61.37501658427519	-86.2800056851976
73.27944327389659	2.773255873939318
-50.696215322601674	-22.345846170647043
-103.51104546839562	10.841049416533032
-85.27919617641587	-0.15655349495740922
118.84427276848085	-10.930902910847875
-92.7274074561823	55.317433159560814
128.71508145809293	-5.741844826651503
-78.57422710701881	-10.29112675629933
80.48412549411465	84.09589690161778
-38.64211059722154	-18.85197766403571
124.02441977085432	20.497209466250244
108.35184323673265	-45.241876102673814
33.14001095285827	-36.1315900223168
102.4030591197241	58.59875939315185
129.84467372438328	61.23841639070541
-55.507017068052306	-4.454812531865635
-78.36809383068777	-90.5520293405235
-90.41522694196144	-4.671094825547512
120.670190684311	65.06543272441827
108.48504609165136	48.74004911929939
-76.29565178155813	-71.99866470156233
19.739874603891398	-68.40546711507044
70.07398642747152	-10.127282387880152
-84.29466874181999	-0.0995130372429471
92.11628626627524	-78.40577386679084
69.25798007553931	79.34349031014094
70.22847445322348	-1.2649199095716457
-77.13153182363556	-16.1542962235981
-60.633274231372745	-24.836880204255866
82.99620536748297	-60.07780854853651
68.8497577204805	4.343394571027233
92.82543098454303	-60.413001658535826
108.75194358187899	-8.381196824879806
33.70352878306698	-49.402940491359594
-75.00868557870344	0.15597078785424068
-32.45607708933852	77.47833090357933
-57.71124800942216	-37.25460274289707
125.53234139702231	0.23156701244771627
-72.97334521055664	9.307821197089202
138.92480202700514	33.88207572040994
-113.34069729194331	47.402424099249444
146.68851250228886	-12.981844799305534
85.82873116088875	50.90836359378456
36.678987505790765	-16.64119342320328
-115.11671144675468	-47.7659752800637
127.31992928725083	69.88878458244083
-80.84486028142277	9.57391004547654
-33.74358381529038	-105.28763129758103
-74.88121067133872	73.29749182205165
134.96180963746744	54.44497197350218
62.71643296664234	-49.38794732366849
-58.598112528535665	-12.744653461543647
134.95063962956647	47.00431006912152
-57.06606428418747	-69.28373214131933
-66.48695507638244	-46.68729470016747
32.56623176755042	-33.969213257297774
-108.46724864954045	-4.416735450461746
-83.6368144717616	-11.174292331928024
-98.50674013373046	25.23112385289583
-56.25619683504587	8.240194862751
91.2204791797046	46.03503462668891
-63.94910472141293	-6.592026574495456
-69.45424016202395	-62.332962851265826
-35.437868629487085	-32.37903070738421
29.434116274285703	-34.36435631154157
84.78088278828415	-78.49264215930636
-93.16815317358409	27.609498118797983
126.55390758318904	12.152104505558507
0.4953214240133963	135.82479508284135
-43.986432488043995	-88.94126488865487
103.6984796408864	-77.1512173021886
113.78500778535565	35.64053923418416
76.9522561902497	-5.108214682957511
-103.5512323850134	-1.1942641797912275
23.608200498026562	-47.096970903763754
74.9159028255434	-121.8068533566521
-79.9658467464283	-46.19813796383708
-62.27229026691791	-71.76581041229663
-43.47651848651615	-23.047347200223605
-82.03550272708227	36.588323767501315
124.85015088004455	52.31883168384773
-49.42556596565775	8.752283301815316
11.697013309938791	143.57290392332231
94.53506900199781	90.85989125356222
-78.21150846351925	-2.2233278511162333
123.02040880223915	72.57230487934409
122.46365733378244	-27.840791876919845
112.03472415776655	1.6891726517350993
6.270784588693812	-54.41926882690517
105.9082336578227	79.00506665343059
-49.57777988787749	22.412044442535567
-101.64715389346432	5.75525744858635
-64.58679163465683	43.923654588213374
100.33339743729836	13.415192942326884
-60.41302531561359	-10.047553981104247
-65.47914032515014	120.18612001906426
-63.48242578379275	56.97833668951722
54.630056532524975	-50.64259534783973
-68.18537854386625	-25.789952821872035
-102.07368781931729	-91.05311802319518
69.49098732682408	-91.88431246967696
-99.34498967192638	-11.632276047621453
124.78679643035143	52.6409055503663
-56.30619869139262	-14.363558589348669
89.76491099419019	-91.31738870630284
18.07935241857308	-56.0478717803666
120.48979764499103	-4.952679925759117
-37.96352590543144	-16.287081906517816
-117.81485566782648	13.202972753525428
-92.65683880900258	-4.1675968947847934
-74.96376512005234	-46.38734813174371
110.49221880202222	-21.64818830762117
-46.85380900655294	-40.18736825844428
