95.77331999751934	-2.1100079426659457
119.65965278156229	10.782102488297799
107.3389344431114	-25.211469250798384
119.66502927386566	89.98863767849954
-57.631010032888796	-34.16642665460287
-73.64654031038796	-21.081792653781136
112.73811345194959	-32.42303473796286
117.61982396023241	22.192571638906347
-68.53044982332382	13.968472846978363
-104.00883469904866	-46.173074057919216
-80.52606978283549	-8.055778731247766
148.50641746241607	10.247059600236822
73.61553031466252	61.682999557419386
144.10283466802633	38.764617995110676
34.674861144961156	-8.483703606788662
138.44810535082294	-10.635683298466965
38.689079038245495	-9.263429350636063
52.747601525234145	-22.09991015165115
-72.90810921734565	-8.604126971500392
-60.89714252230789	0.5129614731803033
16.56641194256804	-58.454922723822435
-60.261112293453635	-44.37079460315604
76.51859825724567	-10.654425474027809
50.97466467362902	-4.997926025410425
-82.01287093125426	18.1100633169594
-98.40452355056175	-18.58825968985752
90.21875462173888	-33.97649394347559
101.5172729811352	77.05336034988193
96.10214769414203	-37.262706356026015
-38.01151835420787	3.1923179348642505
115.99356899049266	-54.7670653400056
-89.19900406737887	-6.94894989035674
-83.67157600663023	120.64427143621745
117.00866373776509	47.30080381193784
79.12328910816622	-67.85048444770108
53.738011219877066	-41.477075817857
76.44419204850293	4.855172325426394
-86.72371506679904	-2.2208851999199886
-68.53375433436459	-18.19773161365928
111.47020250521422	-62.85527296156487
-87.79979244028823	4.042339299296173
92.57571919198658	-91.43554754230729
117.429295541019	66.96167356868379
115.65526538148008	-41.51979196668497
128.39246672396172	9.053251196371704
-76.738448155052	19.415073544005647
-20.60663567294858	98.30872066507243
4.675332599074886	-71.15937393276457
138.95429326757002	14.965630504128887
-87.02747733651992	-6.9307173530054875
118.67120405773305	-26.346386648316678
16.907175587047025	102.96508996583604
53.04409781617096	-29.191856435212575
-76.86886090406145	-33.360676635852876
108.23600376360027	79.76356194623303
-108.35249936807917	20.616603350331264
-43.38064173990423	-36.300217708875685
-27.518601305851547	80.77666945917656
-53.54535266065991	28.144871926001503
56.49819548179651	-81.0740002979153
66.89402639789863	76.14099932441994
-129.21327579645765	14.909236782640395
136.75427131583953	31.711570880335625
68.63730972113308	-2.681849673467494
-88.27849884586007	81.72531627381257
43.291751109246825	-26.73937974416105
66.54872922278058	-28.08672108618041
-101.02559125728322	-84.47613292685895
140.05836493567443	41.17173323518192
30.79610538332758	-40.980480671636485
-49.20269236945828	105.8186329046065
-26.248697203598724	-51.44732943369089
-95.29560852804762	-4.751825606607297
-80.15970752283297	3.212310204929215
117.63254635812332	18.713041311763803
5.196859073513072	129.65376478123412
123.29458579295768	-49.850019328351046
49.791728117517984	-92.51585690127182
133.68591086050034	66.5289457932999
126.93058260797365	76.17212647693832
68.14529864902094	-14.364850988896972
61.40375625997992	-21.767270445975466
43.299317387480016	11.358911492123367
-13.647230767138335	83.05808672931369
91.43301314402495	59.34106642217575
104.67287064393348	21.586878206000325
74.52783810425836	15.677140894374212
-28.21605343223728	-96.01678243172607
-92.80691570455205	-52.44745271942712
-83.68680008395856	-62.87032438467215
-70.0378334960561	-47.04921099944014
-28.169230292169786	-30.153104757799408
147.09839756354785	-25.531966598448466
94.37765103102173	-71.11020786539913
66.60395134782206	-13.275820647654923
-83.38491557773112	-20.795389196831188
-99.32952561596564	-17.59787397772011
-52.919358155741726	11.907590070827796
-72.35995926683914	-12.72036089790207
-83.49197387834927	22.09390583063546
36.18910666718538	-49.13286616496579
-35.25319802405002	-45.091500298555104
-102.482113232629	-68.72645622693997
-40.92545842072366	-26.183464415371375
12.24109591493852	117.97208086586909
114.11177489116498	-50.332562878400026
-122.7941576863457	-27.930475935484843
-78.20567689829647	-10.685554853478003
78.83707352759352	-30.38649128175073
142.98340766813945	-44.922575234900286
-110.02331844299951	42.674637180757166
81.53218431258072	53.60968272549627
-113.06420889209465	-26.997674954340326
-16.341729179279916	100.73033027667776
-87.34137110811743	-42.11495514020138
114.66660373139923	91.53883927627835
-10.923569204138008	-114.74841918016362
71.39171484719634	-52.730169182405014
-53.905250294285835	-30.493386680680786
-52.0393799436521	14.147504240104556
144.98132673540437	7.274395324608799
70.6505892663202	125.48641939654416
-76.27260320084292	-19.68771439619051
-14.97930594509732	7.15349953174866
44.32291873675154	93.27040488396817
93.78712701352421	41.044427617203205
38.78391259404255	-59.12508664012806
-39.61932608929702	-10.767709332212705
66.62135193603386	105.00389505250398
130.28663332495418	-47.16338661033429
-66.85276288239741	87.1224007707925
80.46852083089097	-64.39378228182761
-39.922617370114814	11.481401743352018
70.44533601451637	-86.88439795667463
124.58907038148622	14.003826669545095
116.46130946712752	46.96219020923541
-66.27717780943651	10.314371271792462
33.310021069132006	-41.60356813126292
-127.5213029228285	-22.65494143744949
-95.49376461230172	5.645883738802469
47.2633847936265	-26.27917528160076
7.65512183574669	-55.84392459635345
120.86919191661185	-42.27797948344163
-75.52547193889463	-29.074926555784103
-95.25518333278555	50.210144462038855
130.32667095601388	56.30168669138498
-66.35435261992143	-5.408877166649649
106.48748728491056	76.69720286495576
-78.4060432906889	-7.409599785565284
52.87041419209577	-66.69148797145749
-53.11402058584193	-28.441062522524657
72.21288509182239	21.28500705114793
-99.52881879696925	-5.797656199369895
29.206562739407524	78.10152678689725
-10.130629502445506	-84.75659635186173
14.15969252040233	-130.29945555967674
-86.15633956801885	53.97091221438677
-64.4327180940454	1.7547852696528854
126.03237074062325	1.4208581183529803
-84.47279376451691	57.163521330489736
37.34250677265686	62.94696338232364
3.477153699554085	-96.4676437988505
108.06980271410556	-12.938907878732625
9.580302730546656	-124.41736046953513
-95.57821848646154	-8.85057349263949
73.89706453111793	109.63832367123582
116.22291434888035	85.24920230334637
34.522311812209296	-6.208002549778959
-62.22235489078444	12.903091395706866
56.97517821956082	111.46219838357324
134.65887516485225	25.421875520171618
122.78872478418634	55.298351178209224
-32.07935236455602	-2.6535869548788242
110.93794214228575	52.491474330922166
-12.929172558637836	-35.28422820893322
71.24668260663579	12.876533293592917
92.84069370691653	4.606052281743478
-63.398869344986124	-54.5363555857985
110.10234953383798	-32.7682060789423
-119.26150207071912	38.03150997899887
-10.312945664579413	-39.225023631270695
-64.70868758973963	-100.07529488885879
133.95703671707048	-47.45081356337511
-79.76623877592623	-15.888039503554097
78.31631213330942	62.46447395342979
133.22346303376125	-11.847435053902997
-47.40901220367781	-21.585639445586644
-37.82249233391095	-10.295900491458054
15.910370978399506	102.31215903660708
128.88039044861114	16.83139954935102
-100.6369428746799	-3.385869238036596
114.2926588626042	39.71138252570802
70.95804901079397	-45.95058499800953
-64.0509137141054	6.579207209782192
-92.9851880363778	85.15615195718642
92.48642677914435	13.670980376751308
-25.452221288977505	63.01086260390374
79.40970077502716	124.25273705274996
-81.61465408801489	-27.166196490148998
-81.07519704561982	-31.131612148795035
