85.07796336278709	-16.01207390764096
80.4691436522631	-44.57092791623637
145.16674933405255	30.168423722429125
-104.01105431834056	24.7898914887876
55.14766892935153	5.028273477045496
92.7680487226315	-25.45187858425424
-39.90404896839516	-9.341855670346458
59.90809328337533	-18.764406087501253
33.335851570405865	-32.03790416167508
-117.81757361079754	-41.544152379957154
107.05034040641885	5.007572022215657
-98.20667779295373	-36.26592973189549
-17.528630443847234	-26.49134729453048
-60.493179700809726	100.32484018501376
-82.40752916996648	-9.56873199073598
-89.7278620479491	-28.70570673420481
-54.3910937633008	-8.255580166528771
85.6700745280572	-115.1197258770378
62.06317362118506	-35.50095799655069
121.62857082010414	58.520837588043236
-95.28742578375316	54.59629932527476
-49.882620771502275	-71.99680165181718
43.19720646126412	-5.298036231253633
-82.16853753906153	-12.978010997326878
42.65660497011822	23.351989237118424
89.68112772600408	101.46449959361017
146.72173670314226	-7.836243753563051
-48.068112399747676	21.20465967285833
137.33644114279156	-4.243323817047482
124.82725697914024	-56.24420740342627
-15.327317310855857	22.775798882143953
54.051865550148655	-130.99365171229118
-80.60702055136463	-38.82577034872987
140.3367047126438	-6.173948794358945
16.876062985981036	-18.759162565936165
126.09968161159836	72.0641774390327
-47.96546096296266	-63.26891272599781
-40.058443646001564	-35.47373234020699
134.0565220245463	37.77342268601563
-88.39274219859847	32.69178915746241
143.5530803762488	39.477176081438984
-44.71502881109473	33.96551398077468
38.704509957367875	-82.17680935468378
120.63687411077943	66.24291184758052
-96.18452873300656	47.30156322092541
59.23682955083332	-10.095036799276476
-33.17121076925761	-109.97111133774219
-74.3197182442957	-25.750257233855507
-120.47555178867972	13.732542643731945
86.00905623078616	106.91227208235256
-74.39997371146728	11.170213488192543
112.76222088798497	-5.5578790615965845
102.16051682677367	40.82559369226851
55.16014649828114	-19.064567372228108
-48.24545271452743	-13.005483405320735
114.08260300124674	11.817435886002944
-7.857428451677205	65.72503189946734
21.202361529723692	-53.504789672199855
90.04499328648576	-44.27246337452402
92.98537539647764	2.7183070394867714
-68.70848840563951	-53.78911472235119
56.88030218546912	-108.22089767249923
141.24974893226238	24.536153226047073
99.17926275570213	-84.64895941970028
-39.982329180712796	-59.63083142158016
118.5504856971495	27.39137755289054
142.5721642604116	25.541157907068996
139.75083398617576	18.864936244844635
-58.96604545499551	-60.10537041148338
-26.912764751847128	6.921967998178787
113.96636846387489	83.14029679610023
48.667666481351446	55.83435022729683
-21.32145336283183	24.208422327294944
-81.49755261384382	22.379581242876025
19.551232481095834	-7.966340816044794
-55.588774156167936	89.23722932661327
-43.902335302407586	30.295146925872782
73.89303021447057	89.43927854894348
-88.0720509001433	29.449241658504405
138.40614576996074	45.45248438235545
85.25828992154572	-10.34709010619435
47.30066581449625	-20.979714533768036
96.92932839747255	-18.088259471853668
-75.5732005449263	-19.93292346610524
-88.08806826071418	-11.318998305838269
90.98127595945998	-7.101159759493112
30.195323663138648	73.35464186314528
-79.10484311357035	-35.61953414643712
107.37295491923896	-8.000015778721151
-107.08313335250922	46.291452525356846
84.29448362897736	98.70263963371752
138.43809323650362	-44.70328906032805
-60.91383244205641	3.110451361117267
130.56108038523203	38.25651969155574
68.18791074650937	-120.11815683923975
-55.597029509728436	-18.47289464131605
68.49902002019512	12.295231927932832
100.87620276107864	43.145092037002314
137.94433163347514	-8.876788646000476
-91.27149318824544	9.497789970986203
-80.88185244951802	-22.077943987059992
131.69307517684013	10.488519990998464
-69.59618024720893	-0.7282759014940688
-91.86451926538427	77.66218657783821
148.00308970564248	-12.844915973380106
45.39861682742289	-113.53116945006008
-95.07099520583645	57.47077152930835
72.50227790730351	52.945539535746676
-48.13294628023995	11.331289771492987
97.99558574363975	-38.582819375171034
34.34714791535125	-55.87132836802604
131.04156948588184	-40.855142686918406
22.95988103571219	-19.173124471571327
70.72707099614843	46.632575571045386
15.579593627958989	-73.01935140069502
125.6009299120905	37.477238054275716
-35.038547200572864	-17.153015215994504
-53.61245072002626	-8.502024895959908
-85.24626241912608	40.27568704567659
-86.67986607491444	-7.421613767047114
37.16409792271163	-1.071659112334016
52.399506163971274	73.37878944084464
-76.3240053150487	0.8320081378904911
133.85337511659756	39.76019063420416
111.0034813614568	-22.24302791742868
-49.77129121599132	-5.793270736488296
106.03549807996932	-71.42826513767648
-35.58983142579725	-76.28616238336902
-94.49449990283952	-1.002451862678006
-64.8106796418195	-89.087209496188
130.52069947206277	-1.2293350116949544
96.24293433734638	-27.082970557518365
109.21459415506894	19.18334006591043
-78.04124550171882	-55.571478991447535
56.252843402557346	-104.0309865570129
132.0543035743977	-27.996897164324782
-31.839491766817112	-3.69005357524331
59.64830103235809	112.5202731916757
-64.55026153903958	-13.570926877579728
-82.43803430847422	-11.104884489495229
128.85198328620618	-6.238139407749654
-59.37768903340188	-0.38163336709629997
-94.66717176218093	-13.062881092828363
-120.9286629069518	-18.12365438030672
92.49825342484169	20.957162742460845
-97.17699723940072	-79.62505616721509
-99.29779175231776	-51.74931858231056
95.1050521996197	-97.21494835641464
31.66272660257274	-30.58781890017424
-61.333641531227386	24.924932913600536
73.63386747894275	-26.125233535088185
114.24939030765255	87.65112957643278
61.0430145561409	-49.389637214754366
28.0808119745547	131.53635792730313
-102.8123290948397	12.240678164105146
-54.78544538862471	-17.466835169362355
104.01184172768835	-22.876969055815763
-81.97758329384692	-20.472801092674935
-75.97274566735975	15.880391572943761
137.9414874352239	27.87505734971428
41.98953658942625	117.70925834589279
-66.60956232881495	16.086927428047776
109.78671109170881	-6.790790790315231
-71.90778612431534	-5.163412529147409
-112.22974819491284	2.3151222015383324
67.75393810311641	-55.324458854521566
73.38134438916902	-83.29204339530692
-27.577261787861787	-68.201355819105
82.33720094390564	36.145761240776096
41.45007186433458	-42.29585980437023
-86.88544285143773	-0.2357205184616215
-80.20684663129265	-3.833165166712136
47.08534495089451	60.08375609839181
70.29366909226407	-38.263405983403274
-81.54582413017079	-18.463979041042315
-60.750845314235576	-11.373160696348538
98.5481223289721	109.45843163981226
128.0580097297605	-10.049483964850682
-65.63166315578184	-3.7895477349223516
91.99373116539982	-1.4229032647188418
39.39979188543344	-5.6543684652211805
-81.72745495941781	-9.491279549850722
-53.21364468687387	-21.08870270578713
-28.70099882072908	-115.26652877056237
-85.16451792805455	-42.53483175874661
-46.83546486290446	16.196482536100714
-58.340443700142814	-95.47262985980142
108.98616525757416	92.29880064485768
-109.68903267546536	-72.78139576979783
-83.51093583849486	17.394253861807645
-59.34550879431378	-9.153693594189997
-28.97378452455288	-18.68081300138073
141.82205144791095	-38.40937450109521
-96.79529790553434	-9.922263617209335
124.9278104288781	-45.964921348231535
64.48354074298557	66.25482615324864
-84.2883640249648	29.01208424106216
69.54537214514578	-101.3557322889808
36.391248638550834	-28.76563495913101
-72.70721794202805	-7.5856024362258
