-74.71412822570706	35.70895165301472
-32.26111562723979	-51.971478558531466
62.47920141658346	-63.7115518514823
123.70743721901373	-40.03846818142155
93.41310455739506	-40.980486074183204
-118.55774283813487	-33.73535138085257
12.748351738162986	-45.685074501079406
-108.68768299652535	24.400771159817126
-89.4665468095429	-5.756579368326163
124.74194472900021	-8.63765196867613
100.50109456686604	93.28030399850873
64.36594335009055	-62.01200379711776
65.48937020100256	9.094534375456819
95.60395084675994	75.65077284601574
58.23706265620287	83.70342398252942
-94.90045551604071	-6.309267556100605
137.40937708860784	15.965673188118805
55.70768124125047	71.14240027891331
28.47505385041432	-113.56714349768481
81.54629313879752	-52.00858740013633
46.40344468582768	-47.86490128812106
71.36992669099976	-46.721040838764274
89.45858636314082	103.21157666096671
-29.844941127786544	15.882225575841112
-50.33982106320223	-46.16599387116364
-47.66753049044686	-35.53021684679526
-49.32382514764298	-12.251355016504169
-68.85166905792087	-3.720068787495514
89.25332524339909	-55.11534874810687
147.75995075724887	-25.562342744858398
83.23641523792095	-32.89354493510594
-93.81536411490052	-19.354700209205284
128.1843313797241	-26.37378079655215
106.69845592451665	-59.25350451405222
78.94989635987712	-104.4867463512533
-84.1941587718602	-11.92506029093711
58.426423726026904	-48.3164319931607
76.43840292952592	-13.181505764795
148.9554604357875	-17.39111950067184
88.21222100315694	89.29030866771191
-57.98369912012958	-79.80201046920958
-97.54201853291993	-34.31289538457081
99.29664838046278	-18.92281649281134
72.54224835725775	43.57103901000357
97.99506636671288	8.320540871182311
30.68858683970606	-25.07838657087256
-103.49159930347676	-41.24880784191679
149.3994319270056	1.0690074211012999
-99.73957826967076	-16.221847648738322
-60.03657015026405	-5.18569035374594
62.60615685517734	-40.29627622725358
-50.06029641928566	-28.258747253683993
-6.380394507374198	106.76360040278533
-26.589806387296512	-72.81304768632249
45.3996637391177	-61.17945327139737
-65.51732909091282	46.257784949943634
-32.98730102457473	98.08474787483755
-94.80512251606918	-28.04894846607922
59.47562268329677	-69.23292745703294
-71.33439546137855	-35.27447452696735
-60.50226328021349	-19.536344403296162
-80.48685039201712	-41.84207984547043
135.03982208715996	-11.628920382646314
-63.05830445980001	-55.82631760807221
-80.03177727685672	1.8011038066797647
98.09362908254259	12.421543226839763
86.73203259905173	-55.46764839137572
44.096657422093905	-30.817077947758357
-81.47961121193983	54.505528247134336
149.0381311577424	-8.802015840750082
-13.301903511720036	-52.654372734372274
-57.020967633613765	-14.280311900928913
119.71806913331127	73.97170088443158
72.85290938634984	-38.552595203629416
-29.459302956337382	41.27328461235281
34.63666602244634	65.73883294694436
137.19680260787118	-25.98350841572214
138.2382886009482	48.175856748848155
127.62106732069498	4.879298854464026
73.89207548263815	-43.85588072160839
91.60907132481904	-56.47126253494773
-69.88977045276025	34.499110777205345
-43.91476441495359	15.762222849767753
-42.209288256215665	114.53816329318043
-69.39730001255164	-7.8551747368314615
-21.321805264840226	-35.056095437493276
66.66110860519669	-34.79858966421219
-56.68721957348116	39.37393266331245
34.513393942018645	-57.8567472535121
-97.65237653617167	26.64456097032775
111.40266588679573	56.86253879945108
82.31417715208775	68.70802882320189
-26.147740396896523	-15.852504310961194
63.12572132358791	-53.701482037250415
119.04219475422993	-28.532719704785944
-73.95508410413909	-33.66614583403803
-90.53209398824036	46.33939431265947
77.91963699752459	89.30721231558606
37.38152640481471	65.37359659958105
-66.31274365875208	-29.452416917764918
-27.034620540674485	7.877607407251762
126.97176169096505	58.18635225709302
141.23909792923394	-9.537143879242004
-42.4149445587579	43.696981046756676
82.0145608436686	56.69189638276928
-63.50821496539252	-35.91016657398934
-79.03225843307112	66.9685887831912
-70.61210428038554	40.13691241916799
-57.946205964371934	4.891542573492864
-1.5706273048603303	-23.087623412072777
72.63285217260429	3.06711209630779
91.21182177927818	40.93173050339946
-102.7722649126479	28.25191488224853
-43.95109350598257	-20.523924298564832
-77.32164490862898	-9.628329067138546
-66.71926203718645	32.29011457375775
-63.32460372906417	31.759632781845962
5.039065851766906	86.13461216385463
-57.589208575828735	-72.99496452125776
-49.729075427909166	39.78974175305712
-4.564915233192696	83.35064603257536
131.10174599813274	-17.574302971202634
93.86576632386343	-21.461806948335376
22.669441312472333	-22.208901653410365
-117.14336904790187	22.68775157156827
-57.485524990831976	-3.5493435176693353
-68.9135023261604	-53.97478680572608
-64.08210777887034	70.1161577661962
-56.37714797332203	-22.245321407419816
-58.429409403892286	15.86410055180844
50.24012563909555	21.26132687236008
97.55649724939481	16.20947075400134
-111.73520248238374	-53.956916749188316
-92.77542802777748	-24.41841780002434
-114.05210086421381	-67.42981387836114
-100.5482412887574	33.31576565725126
124.69995836651154	-43.38631322678486
-6.0702095818520005	76.12967110105603
105.79728445746233	-51.40759741814772
143.87875395405308	41.52786534239883
80.28020586396806	-3.857986447582078
-61.94982960360567	-28.188095388146508
120.98540495363315	4.66068772693651
-63.86235567153734	17.42620892082915
67.64699806586385	-25.684168250488618
-90.78995550417795	-11.978999872254395
60.076770550125396	-30.880801826030947
-76.79475068237413	2.1411784405132686
85.85291163620424	-18.981738514257003
83.02465603465845	-37.23937313739855
37.216848298734796	-25.55953060794547
-64.86964079167365	37.43664297194835
-84.86923866117955	-0.3861707995209434
-97.7074477462314	-8.583429395818657
66.34051156971603	42.799964226606654
62.00904547556323	-48.884441331762936
133.78737127536166	31.92468889439662
133.04202246009618	23.710617272830323
9.402434737404676	114.96177932176305
60.35906805010468	-22.839064393767554
-80.02065583842992	-9.681491026612392
127.31393763864213	-34.60260176141956
127.10081002901725	60.884743342451195
143.41922933289132	15.381476347266783
107.48710426926353	-74.13108630775976
93.30606507455511	75.08210821611634
102.90215077881312	-88.23152010650709
-95.20492642890018	-106.90074981634534
83.8817805955132	-1.0790392829308013
-44.98179417130666	-61.45810119668104
-77.05934200287658	-13.944611109350687
51.8415225624879	9.76900962218698
100.00122390989907	12.391114924387683
78.96597487496756	66.8389186157507
75.48190382190782	58.65678047823681
-29.99897540051783	0.8978579039581842
-43.179774803700646	-18.30078458155596
-80.66018502250333	23.241104467762682
78.8042389712096	-35.27868613524901
135.0213614964818	43.98536216570974
-34.330969684187934	-3.9828242370708176
29.519776690581683	96.1870290444903
-55.292115562692906	-56.33062711879237
-14.725966728564389	44.28860594898959
-94.37992462351737	14.912276361416788
68.51445504080229	-4.435481992692464
52.93283103164014	-37.696226337243324
-110.47021763372616	10.980019071831258
-121.26187951865758	8.36920741766641
103.02672075227915	41.63892894773848
56.75303515131425	-71.0894746508399
-53.93339750888659	-33.094194422491306
110.59621533567959	21.465442661591617
42.5588794862916	-5.228819860674829
-24.18712015294859	-35.601039812437556
53.8705668441248	-34.140904092175795
141.11599637975877	-5.598469515344466
115.43086836235928	11.440732416997665
-58.190949031671906	88.0767755062229
-96.24619519247715	-49.131984922096414
