-83.55553481761042	7.49479356708529
-94.02709956453768	58.2609707989889
83.9283753893712	39.86646783852559
-66.91932199272102	-76.13559772040925
136.2233889629373	-2.5813284452633822
-64.80139393185534	116.72150854126343
35.97319024026747	-67.09073100436328
70.66948520506367	101.51160205465024
-81.85310141485505	-15.092493948766238
72.48237847284013	-34.34790938615799
39.80447497123193	-78.55611902751969
106.12955053454738	25.243721245841265
-93.8272756005226	49.69801580519482
110.99349713505931	5.418430970740045
65.23604752309267	-4.820411934824732
69.3326119241453	14.406393703778111
120.57582076633987	-32.22011363927845
27.646737227353476	120.1553395001622
141.91190570073343	30.176911798548552
85.99874228972209	-27.063211338905614
-66.44577428023332	34.107058263986254
-95.34404245620328	-79.21897076713918
138.03392260287518	4.347114252314803
39.41439493903722	-69.52166752738628
-129.74674250872968	-32.950526098272064
-35.592727530337115	15.826708396395038
73.82731516129844	-22.7225308879381
-7.382915003424505	-46.37638982066683
68.04210540794342	-20.23946717318802
96.54977906324955	-3.5167951698990993
-121.21454616666256	18.77976120822321
-77.25167173248941	23.094174368505918
-65.96413091839335	-16.028685665028924
104.59311605455976	-6.88016942199773
41.21412463718202	93.45604455187396
-45.32173767496667	-16.97790533078434
82.28666181125405	90.29300494008112
45.110802030572366	82.47380154228381
129.44655989078893	-14.552637952955466
-69.45551826602147	60.81944244647223
113.95787834784528	37.555228645324334
128.49261317527734	40.62005279026624
78.56481918960053	-24.233759829225754
10.377404669492112	111.21387994149036
-104.85798172495137	61.11275301745109
77.62031455794218	-35.35576600739858
-82.0313368323517	-16.346364346287437
116.47097751325336	-69.73425847333041
-60.35791448753354	-59.372651141896924
118.85309205111757	78.67306819306101
112.29580331080368	-28.667170223638223
45.85624232521725	-42.264108343668134
53.326610708957475	-74.79035283600098
-78.01177416225528	-1.369252275974188
118.96425788555806	67.5368404371883
-65.95525724343199	-17.175780057146596
-70.33697812320418	19.222854200410247
-53.77333325512529	8.596852159175366
72.37108557351746	-92.64986741764505
54.22493466038527	-2.173431374430861
34.728187862786385	-43.152828165435714
-47.54891258673206	-54.063346334109426
139.69574545312278	47.515640459087635
132.99986199308034	17.277217066908023
62.47646569857244	6.397685880016615
147.50693220841728	-27.207817466652926
-83.68492381849107	-11.902625836285468
10.033255505976523	48.33318899706754
65.58124597811123	25.374993858566352
66.69407299118863	-85.26828336488019
148.72705134858592	-1.2968201568098023
-74.89482285961661	-76.86475383438764
-96.10038385598759	83.32331013585917
105.63248525265787	83.94460648215897
-92.70903678003855	5.091862926624238
54.058397847619275	-25.962191016585596
104.82019619172266	-27.013767830768064
67.2122218929675	49.665537528260366
-59.246497038561614	-1.50520262662559
-101.74908299279546	-29.62680736049249
-88.24955756687287	9.151774221923088
40.912151514313805	-54.61797503407915
19.368887525597405	-121.08857249511675
120.78553463754757	57.450900771111336
-46.43949657849402	0.1366601340736199
-70.33196696698346	65.65560993059376
-101.90230260363603	15.894754749593345
141.54890591088582	21.073789639179846
147.12000163675205	-17.335879896535474
11.468190472548123	-129.07794151268874
67.68521769527325	-7.65110674246457
74.40847190004956	-35.390736297149544
-80.338965526424	21.05454888952061
-122.39325565694509	-27.81716380493019
-30.887141584805683	-4.163243915324976
109.34368032716748	41.3409581503341
57.108012602276794	-88.63653462180028
122.16959771991849	27.741184104063894
149.73443967958605	0.5619314097178731
-22.950129020160997	-87.29671097021944
-80.92260571178967	14.466864538375168
91.82028639147465	74.29244005569461
-74.68383157131494	10.41955827525134
-61.182420044809135	-25.50676944363753
-50.78428315656609	26.668138882694155
-81.0354989486057	-2.934651209627562
129.08627801173873	75.63934786811657
34.822571888057226	-61.396812919535456
26.283503370126727	-123.28244794265204
-78.5372194404479	-40.25706144838052
-106.7712573735149	22.619835329262223
65.40228522872297	-7.790871004174529
118.46980007890502	0.06904366116591755
-56.42573646888172	-36.623005623915546
15.446691149528126	-107.60720013992284
132.2956807923271	16.461357754322112
131.21948527420065	-38.23545243569183
-121.35421098599038	27.43290532225665
23.26772234254452	-107.90869857317443
-67.5707878735394	-6.2288732279426435
53.35852878106693	-2.616276808842254
-107.52696991100622	-56.91133873335642
49.80591673819116	-90.28424289107673
120.92828053948158	-42.83768535109938
-65.25468166898811	-60.58425937380173
141.65546738738226	2.731169690219946
127.45695891459499	12.612506131847145
86.26045416441563	60.42434369292433
112.3283660617782	81.1921196793547
-58.34448397444774	20.263361584945812
-19.01968767833009	-22.305784628272026
144.16597947533276	-34.55690989816486
-63.68521985191353	-17.95472459699474
-114.59549109529003	66.57562729163912
-80.01143380266582	1.1308438075042377
97.72598014379723	11.11574871155163
57.45667823078655	-25.57608662522665
146.5303550801738	12.484395559643847
67.07477534832131	-30.420953559478143
53.623197974604345	-48.233989301876605
44.84529312155093	-34.84651541360363
-95.45348836725711	-17.66464581081269
-104.00431309220104	9.080217344915766
125.0047213249294	-20.984670776636104
72.76909263892547	-29.115955741575505
-109.43436217465562	-88.01314535374459
131.57120302111807	66.94448361794498
18.49256853426784	-22.893294478419282
106.93645513398349	-5.779470126666926
120.18111927060738	77.50815843022569
-111.82946356225419	8.2462245622643
-82.27264049037048	7.722811695967688
-67.95883838341602	-70.29548286378444
-118.2178184891338	-40.16739085104318
-70.02157491068753	-1.3484066534155403
-63.868696018531494	33.44877324162579
70.69355598417437	-15.61974137901781
-102.78390324127102	0.8795054549885494
-46.4334220198896	-25.151502686485312
-85.10704241330313	-56.68263224084098
-66.43353880168449	12.074934611575989
-74.1375260573866	5.02363104023031
-81.96541963575604	75.38843783997386
112.00575438122452	-38.95703729835543
-89.94401247411466	56.252468710534714
29.377199136979193	105.2496552920321
136.5419525427121	-2.1539307100680007
139.41620085652215	17.092565420561275
-83.25164903192454	-51.67825279571704
6.604068489266494	60.22838631260945
119.20832066733554	-1.9115907171281674
94.98370247128527	-38.205696957103186
129.01576887640616	7.186016076047623
-62.24026479837008	4.878903555446815
-54.514606958641416	-27.001567663845808
84.91910810465339	-58.44021643080224
43.55303176683451	103.55968878552163
-97.11159571362086	5.632803085793202
120.90349512486162	47.9208397462029
-65.956598473532	14.07845478706336
111.69980880578586	-29.160088549205394
-55.9211577221474	11.189150707413782
128.9968468149099	-27.633222291456658
105.6361229294207	-55.92508769378588
148.37587095289354	-12.915723893373496
43.635916190641325	-14.896215590403244
141.6061816106013	-7.240610027502684
99.43480429720336	-20.275668835190473
-79.52371743159561	-18.348952440668945
-31.014118589752904	-3.406292286953902
50.01022565777367	115.43351870097761
-91.9381940466328	-79.25110338210652
17.712091130867677	103.86523031285579
23.486039644715756	-13.762091424703797
25.835458497891945	-66.70067154587193
111.9704943486792	-0.3018598496167354
-82.76395829790307	-25.44391774471982
-84.46711044070852	50.30003749033153
-85.40552888479249	-26.70431586649042
69.93770877887187	-55.55123586014582
