62.94601347602481	-33.36897621812832
56.24553946300529	-107.74300781656703
-19.622952731369338	-3.485284143255548
123.82029614005737	-20.511773396188843
71.63780035684407	57.192463022716936
-79.18948136127787	-58.49101433775261
93.09257821736591	10.495048336816529
-38.298808755970946	104.57306366724158
-54.47882296841876	-9.506231289039034
-54.75609800184177	2.058497561960652
142.1458497245175	37.77720774196232
83.09475993813945	66.99034351651709
-100.56978570888954	27.584019436674534
137.946129737041	-54.9023335267593
115.42149412487522	-48.7352546714594
42.6242835388216	-73.55666234238456
29.94148500161846	123.37037407324765
-73.95098682209647	0.10699991752347156
-96.53115881138558	-19.23760250076152
-82.16807303523025	-0.1287808438563447
141.97878934766274	-43.4855486735504
17.913773895392932	26.797772861740555
-90.93980028481867	-30.45463162563846
137.2399713326831	-54.977754394716065
-41.175444720787034	-4.831012878574619
129.61309783265287	57.87576506918284
129.87648907306843	36.30717746388776
-88.33313447779425	-2.31579836820739
95.45375395601339	-49.80768423117963
34.279536352977765	-76.66622395036302
-86.61976304940646	-6.1341958350613845
139.5970587655153	25.13285652740594
-118.82973919925993	-36.1410452205755
76.01171211411166	-75.7319802715393
-102.9261257582761	36.679245557685
82.35770464991896	-8.55349027630616
-85.5977207710839	31.088395530338683
63.695725542574046	20.94595775950959
102.75874253289483	55.39703931639576
-51.390824343670424	9.587000779679181
45.38625753067472	88.72773058623793
-48.36437537815128	70.91335192689989
-60.23098490123579	-25.427644593270013
56.62801742454331	-60.86101487987799
147.701476850968	-24.48623953818746
-2.2954743537254703	-19.34073216796894
88.66536070899916	-10.809112130468673
134.57873696696913	37.465989718832354
51.72591515389973	-13.793842353549525
-39.744233012085516	-6.723808716580685
147.65514264974703	1.8450898647190301
-55.21144515718553	-63.34731714793471
65.43224421378743	20.53652489093777
-25.10517117834261	-5.732485514846427
64.54640863653049	-50.44295794792695
129.6541623748645	-9.482040700259633
-111.02598555176526	16.318805502038924
142.77845735035913	35.14250477709597
-28.22332443638218	-49.91329502755058
84.61249270402338	31.875814663746496
51.188838690072444	-18.982501359131394
-68.31537253514774	-6.820044644939308
121.11312368293538	24.798551002629793
110.33713565555584	49.20098401897161
71.47895256951593	-94.16938257426128
127.82653612262641	-30.320133423480588
110.61814967322415	-99.67793218800365
-38.26383278227418	-19.90828058174522
-55.75728380868631	44.374742383851626
34.06790298237459	-12.236442179288243
118.03200272598819	76.07150864869364
-102.55032175253918	2.6000496987912576
-68.95452727356844	-38.94154073937003
-96.14872745281019	-27.544964435203145
-105.49873211528204	-32.195022516648734
-63.688029791360606	3.6120472349019623
142.88460295264073	-2.23188281665215
74.625103547854	27.24521416800874
-48.700694059247496	-92.57096385247382
134.43510333904368	28.222142394754748
119.26768271698688	42.347158260860944
139.63596066585515	-54.78766048409168
118.03655619611797	70.21439361008825
90.18157016488043	-25.007937363634138
-91.83090405272218	-21.254697994105253
-109.71671203392496	-12.2161004473825
60.75902970932466	-27.71380540051203
-54.51935648802877	-12.940806936899468
139.83717886528837	36.771440330920655
67.69197542567436	-44.87851017066361
68.71407627338152	108.46385305749831
-64.44091497896812	-18.244940618275255
-109.03247667243575	4.622152633733176
124.79200014559238	42.59692998748842
-91.0039902596611	11.18082067273466
124.22341697084859	30.688421568048426
-86.10590066030149	-11.269656616215222
149.05294718932458	16.167211882401368
-90.3153429362928	-47.76308720004552
61.867601557438014	-86.01756964345304
-88.76348557022764	-21.810713105666924
-55.109279437154065	-1.7738358285004832
-77.31836938388841	-2.4880711166374434
-108.01038117500912	-8.42667469417596
-56.35000904772106	16.04205122076112
-103.94794686566726	-61.530160481307405
92.78327778673193	17.583332574696616
105.21984987365985	71.76923735431994
-84.46293713322693	-25.8093936668191
132.95809885437237	12.826235134557141
73.34317240369046	-55.34273305691388
74.0055446062481	66.73418291317641
-71.84934514862944	28.274601634924178
84.48319296859967	-6.373829922238107
138.53887126768694	18.071960032089816
76.18314963295875	-39.19712502656337
-100.69927296279249	-6.771231592312251
-86.40060080205467	78.26950176387878
72.03502770443933	56.58223633726016
-17.321570627754777	47.00104050856483
-93.04025195997109	64.71660172746085
105.1401904514199	-4.668317605015164
105.40074644491018	-27.811215323378672
-108.13467444815366	24.619096275585438
77.87813376396788	-26.043571429623515
88.90062510253877	-4.320821041870842
-58.900400773194036	-5.660272898521213
-55.797639923818465	-28.160355978119235
109.18772365744157	-16.17264049133731
104.45924261417635	-64.59557845181588
106.3871619535923	-53.870865358181604
-60.76670369074678	-21.553015003546786
-108.32445362060812	33.72670852642609
-100.6811433119663	-29.39441755627653
-18.651196309140918	6.578705807336281
-105.30506865985879	37.519908551558565
-29.986599670087248	-107.45561294145944
-55.3426248134935	-47.51266795155294
81.04904200344137	-1.3452957673401988
-128.01169743312295	-0.9830303863765764
-2.1255835605162665	34.8607214964412
-57.95017300960991	50.08592750665112
2.5593373148870686	-56.404635311789754
102.51453229208495	-11.05627120353114
-78.40100611572177	4.493516588756742
-60.39120938616203	-11.163136040638102
85.53603762568558	66.23260715812128
-97.9958745754123	22.347736392009942
76.86696323577048	-58.1755456268507
121.03930729673104	23.79653303543436
41.6419971518699	-59.221122166825864
148.7088709094942	-17.137782703560994
126.75021523903983	-38.22518500058245
-50.48957132223709	-12.339132817439262
63.20249557472654	-12.133249586645682
115.67306504425939	48.69229171286466
-29.97056607953826	7.68115914963133
24.221160586944205	49.81874544946838
44.45167724225085	-50.30931468261029
142.9542736149442	44.63946809263654
51.14988922490287	-33.27936940674373
2.312995306453704	-82.57190813667977
5.456256614417617	105.13247496477591
-58.685760749836504	-0.8168394157774391
-65.62809503536018	-25.918509639135095
-104.42088359045647	30.137503344839825
111.52061026678878	61.07385622352542
-55.300001664394685	-42.99595893079188
-71.39545849436662	-30.28769209992989
141.006362863715	-7.669716307887135
-96.15730784801379	38.13639759191897
-43.22127046008317	-15.691480049697274
-35.80067428818709	14.824510286962981
15.382391222088279	-56.72874278489239
127.22494150201302	67.71109092015425
-36.094615242026784	8.378252711725382
-59.665921666182335	78.39283150521665
-99.32740902468741	-41.63785477883094
37.447771629378025	-2.1814095565623095
-112.96862380724701	-58.048611826666026
138.29288346252602	-25.526641323221344
97.43809873224778	-67.89698549575135
-18.846192991762287	-51.518992079232135
139.4001845390053	34.42466992566157
110.25632186666195	55.19875757554103
93.87643073648469	31.583121668144244
118.58685085841462	-47.047773948170835
-92.52548490003905	-60.110146891440564
122.20016806253015	-64.87975465258813
145.71474796660908	9.443794510255811
108.87989804065217	-12.056577752699404
149.18706848475102	8.91038544682807
-85.9604594675402	-24.321569382951296
-73.06826881502039	-5.705389385871396
-89.6883036599656	-41.981531361340004
-62.25148831187786	-53.714621315302395
-56.43550667350791	-14.485668366362484
-84.51114633021358	10.806748756166341
-25.540237134608383	106.70485698373162
-67.98382925339233	-25.60308614708633
