-0.6695255310815974	-102.8561505921492
125.62737622354422	31.61170702331366
130.46797945166725	73.35655488124344
-63.63692293461963	-19.853028190498573
-98.82454835044939	56.067731327111304
125.53597075934232	-38.69819702838721
-46.953076091643354	-26.34903739077014
-40.560853063621	-26.08220380033436
17.163295403275438	-87.30605402493177
-15.23618528876337	-124.03388815648492
-75.90131911057897	-60.51350990682688
-2.7243652667397193	138.89278429517222
-66.86647548332228	-15.147423706083055
-89.51661708885365	-4.566027571756258
-83.34722498719842	-73.94681595836391
-23.178391144466104	-14.671130390253293
64.70032243520733	109.14672187939838
123.43074317676005	-11.489238804334072
-78.53469070334525	-1.314672121527084
22.801568599903277	111.00426078202173
76.58895658975555	30.853187982052198
95.71288050675165	-88.81411310671211
-72.38252956175029	-11.28271614853459
-108.0847645073041	-74.61168631675042
-100.39300553023998	86.10661372810553
73.30310944011558	58.28844187410458
-48.644126110196794	-10.856310478685094
91.0000701921508	-25.09201079425897
-77.495886196954	-1.0497874943857417
85.61851654417205	-1.288729441908684
-33.92185735012252	-19.366365153353335
-31.608758516078055	13.068748282805013
-93.9013913861518	-1.8600757486641484
-54.560915774932575	-42.408755314877254
71.35170314421717	15.073383496508239
-96.8637186366116	-74.65933389656256
108.58084291121683	79.67467078939526
104.67658044771906	-76.28115172017672
-68.35396702128128	27.000745549906398
-106.04200580473014	-23.977160814799895
-71.7124351149982	-42.883860951974654
-100.44195168954826	57.3513471080656
90.62334816237274	-21.06923360374932
-49.86981407029766	-39.70270974120606
119.44918477488719	52.02920097823712
-90.23503759105151	-27.640858165486808
-129.27614201069028	-13.86671595346622
-113.06627478313086	46.78238632339887
133.22606854107937	-15.999411397800259
12.555268030626474	-133.1298195221942
135.9447119035971	52.746199236194435
100.07388736317583	32.98336759764841
140.8428822808429	-19.989233981333328
106.23611004918291	-22.838156510862166
-97.85070284563466	0.07992289683707672
-111.89531534926566	18.908352367883527
103.53153557427714	-65.89596748536317
5.238270145896192	70.59078607345664
-50.112909390156304	24.989728045128906
-93.75235300346355	-62.17190622528427
94.47688400985605	65.83658346097702
-79.8990861465217	33.405221681442185
-64.52884627457948	-21.18774831312909
62.22984541489707	94.65123642501749
63.584668600584514	-60.466504017421855
119.98615571538186	58.233084491177266
47.398324860977425	-47.673851207410976
-100.98673733458425	-8.643419578800293
-53.144914012269766	-22.086608141691865
-68.66390139554483	10.92064762072212
72.77514830168556	-45.605187675448235
125.23751924903355	-16.352130004269355
-19.31775763531571	-135.42978598971933
139.5774410843459	-11.496754067036164
-81.0155490494333	0.4230907815167502
115.90116525530533	1.4439279378561871
105.68306185345028	-13.255772898565926
-108.30504604500767	63.23598141159998
60.62644796239822	-33.66702702636094
128.2351342026286	-19.292571037573396
129.83628916116342	-45.14193843990435
-9.637615357338175	-133.72757225414702
22.496405629487437	-56.033697207608206
-51.442513282958785	60.23120376389662
106.68820220932948	-30.45425913312596
75.28936282486612	43.57348973957412
62.75622584042128	-12.796893617969802
107.99901808794833	8.23216405932266
138.97000659467741	38.63691354118936
19.37622823438104	-26.13128863865691
98.09238321746176	55.89990761203952
-72.69116063828821	20.12424806134607
73.28849882795394	75.15254637640925
-64.95231776142259	-63.19211787090385
130.99454175766363	57.251383184119895
-86.97500775614877	-2.144459918508948
-110.85474658151337	-54.00156119909668
87.25677417405755	-25.191973560678754
-6.038771462302393	-24.390319133524446
-89.08576699426588	-14.108475300240775
58.88406553221994	-71.69011700993751
83.13466149010704	-21.36957993716425
-99.72422840561676	-30.53792650264728
60.591593106535385	-82.09039334829389
-60.973975590562745	-20.13562255403423
58.27981313704213	13.790177329686603
142.72864536345142	21.403207052830414
130.9809832022864	52.30146629539724
122.38979137736179	44.819169475759516
51.26285592161815	-55.51481669399875
39.444682721440664	75.07729973134776
48.03342982286888	124.0118310783424
108.44517631222493	44.26982466541771
-70.50713635034212	-48.867536330950685
60.82017361243012	-106.34099960170106
73.06197927328783	51.873338049103324
-2.0802166914100995	-109.42919611057067
99.0454728320525	-67.75927248609625
-72.97478889488534	56.898392001990004
121.28620938191575	-38.07647182665561
115.14589712065045	-24.437112326903694
114.2840316685621	-44.354160611716125
-94.92287442512723	-17.87801115617947
-67.49449300011055	-29.79427657786853
7.151445477509129	-65.05120137946147
146.07883531842293	12.6292306058552
-53.52368006394501	-27.10756112672374
-78.22410733079313	23.654666342688618
134.3327268091994	37.257135314303575
117.31209002545498	-12.736301765241224
99.55536188928676	76.94730202921635
109.74071167741978	62.268323870848555
112.97003709820324	88.87805792274703
93.7168186185676	-87.28549007482313
141.09377448710796	16.109253964827314
130.93590329898026	31.668699816540606
-40.385229200540564	34.84714817278425
-65.01146930166227	-27.92557379581049
59.26438808152178	84.63944010589503
137.15251632030956	-7.595679830263927
71.14999579209922	-23.537047915118173
-82.52844857614801	-12.201390450992701
123.85787141962534	73.46366974415164
125.54420267952734	56.642063213692346
135.9692266661737	14.886277914148955
60.62405907454335	-57.550966996914106
66.60750761260545	111.75258111005273
-99.87131995330105	-14.85194610517754
-112.43864914690296	-72.06761228015827
-99.31428848576664	27.45516123295465
-74.46467119162033	-16.528321770623286
73.15335144547348	78.56827398398156
-100.06778833321953	12.100145841734225
69.64985364302439	41.330029520478696
-69.7937790681292	0.669196975975485
-112.3630320740665	48.32029637789357
82.9256544412705	38.46977982276677
-49.7676865984505	14.508104561310269
86.46348371955416	-75.02333755386975
-88.01485210874941	19.110529547278414
-86.38108947774398	-4.371035785363406
-10.413387878581188	-30.541080841378616
-81.94346681572779	-25.093107748128926
41.98119478983593	-39.571347607428585
69.42664401616564	-1.9142130766980519
-72.8374566319509	-19.28131447645344
97.84575180853221	-36.20913150290835
126.44615539564064	9.177529922187786
135.61655705957688	63.49060598309059
-34.97866805093206	36.630268424560896
-83.66014947445302	-112.4700900189845
103.261507933003	21.31977983250617
-46.28632419523955	19.56250508398431
98.80492083560208	8.817299082129255
36.132698025974136	-93.13322346757303
-86.3592593010747	-4.402877997862915
124.9872946265692	47.7608153382535
69.1957643189514	-91.25768789709453
-80.03934123464046	13.575427132248576
132.3181555724113	45.1075392373303
-77.20451280302065	13.883343543728149
102.77638072032087	22.195243392540537
-94.87108412745623	9.541120107113056
-82.08307961193985	10.972284871523513
-125.0828690989788	27.28300478806707
53.775282857571945	-29.063766363052693
35.96029285626995	129.91125428429257
0.7010885347779919	70.96986040671305
110.63165990811174	-24.980090879449342
121.56563412621291	-38.6275146346673
61.096768033626894	-67.76857825136125
-112.55050000357062	-23.130033471850197
119.22301578173236	38.76729196420576
6.023226048859886	-109.73450579653782
-115.25009960458567	17.376500109218565
73.70993765414381	85.98319590082653
83.67060963231093	-96.79953671686575
71.40398166836435	-48.93709477598015
-119.96387597213085	-60.2036105005492
-121.70994717471093	-9.511053865465385
