140.20629564909692	-3.293349241660726
-91.30572100634511	-40.41397591493664
-101.9054181322613	4.944264429144531
103.77155136157876	71.57288710868518
-54.59265062743084	53.48588640810319
-109.72141335087788	33.339866298462724
91.98603113737322	-31.902733860603206
106.22071220119643	-1.737084654247731
138.58670883102266	-48.684263053179556
108.99554352286314	-24.19787281304426
139.59952127942657	24.38994042484005
-46.37402472798832	43.992028140615034
77.585479885584	-9.890413375277877
-105.66297903884946	-0.9655390882387749
143.50802941012603	-14.369226874968424
-57.16086664419129	9.683588832376758
-44.13795206944541	-3.487008105371332
-51.362260129373716	-36.40739698422119
-94.70969514343479	-34.65182416321861
-52.84352788763847	24.065139683447793
25.699521651539047	-18.817140520938192
59.552027688055915	-46.9786908049572
-79.49246792512704	-7.883326938620067
94.67269105413595	-51.97483883827338
-36.67374059950361	49.19115526693925
63.20480150808187	-20.053294199423064
50.52876308704441	-34.82743023644051
-12.595796820054852	58.36878322116403
-99.65048931325533	14.715019283177952
73.2148194898189	-76.77290701934508
-72.45804838371934	-11.617025856157454
-51.21483849005078	-72.25324221733977
48.22688207210263	-30.030133684626666
57.8169038259459	-63.5497856675408
86.76719357645007	14.09426967307163
35.77866822643215	8.637155029900184
64.72970916371126	18.427492856455995
-28.116566689137564	-21.884154066407127
4.830845876165531	-120.69031619540957
122.42334930608523	18.735165347494757
-68.21064103430137	-17.947568057383204
60.7820588144473	58.678558298997814
57.55938894043344	-20.129347175683968
-40.534145129031344	132.25594377115232
-49.34787175773806	-15.034240672803262
70.97381769730653	108.25518739627287
147.45630358862184	16.216847868780853
-39.08245810835174	-52.941282972712564
-56.708876248020026	-106.11810183221534
118.71346315026821	88.24147345692636
-69.49191213307041	5.433414646760795
58.352435598634486	9.898898624020513
-68.27213577016546	-46.195818058503875
134.01488678034	38.246086879330846
33.08383919339024	-11.88189956034727
35.87088509802202	-63.524645231009714
-86.11366709812644	44.22461214414873
-94.63913300994511	-79.01732329046173
144.32186058812462	-8.012717393763728
-45.03497431652941	-25.769278050691966
58.1025799011038	123.61553456685559
116.35341908040692	46.15684073191632
-68.70912234882144	-72.85237142796727
107.73872568457975	-15.487408206261895
93.86509066926473	5.670652648519154
121.61700552354837	40.29357967855053
-68.87745833929249	-2.4438803625372736
-110.70242369576782	-45.42715870967697
50.316533193098785	140.75292246357654
-68.514510590288	-9.30785079685227
38.497228339229515	-21.51906823151579
-81.28901441105278	-27.655428803778523
-80.06870546722571	-12.325106838776062
-110.42706839188709	-2.371040408454307
135.19605539948796	-6.16860320217592
-99.92996151550365	-6.350240989492931
97.39929743679684	46.232726225592394
-54.95354275684344	-18.247972436301893
-25.114502115070422	0.7725217216461456
66.61127970580016	-88.32333381299685
86.58457644977717	28.870365392895796
140.922957478935	-7.926345679858178
-116.16031352026319	-17.624919764550228
-69.9900975864974	-22.993234097352282
92.44854122112021	-3.3058285141166452
-64.89724722896236	-22.658975485671025
62.41403836473534	-74.41196371506115
148.84220384210226	9.697416236540821
52.72910169274239	-47.861000358521
-95.09776223994952	-10.229918916573077
-102.43042454254794	18.20764763552982
-97.04178533672928	51.45663724240985
114.60191479800329	42.447838329229
-47.85846176417927	11.276464352723286
135.65142397184437	-29.691297117666632
83.75463622946513	1.9330374144157454
51.19784947418155	-10.223014612734758
5.308887917790255	-96.78299687316566
-95.8652165443154	-19.6532116790608
123.08834166368564	74.70863409545497
-57.16338930730097	-0.8758908830806313
-89.5105920583448	-38.50740323401583
-90.18355130996379	23.27469650245302
127.19332902383879	34.738138024619836
-54.99158643977819	119.28121289545673
-114.9427911850959	-60.53378532016292
-86.22923805701154	-25.606854412938077
114.18470309591649	60.04362182543626
-74.88416193575632	-1.2630668405110015
-58.13793599164417	21.28320602859737
-68.43769962943436	-71.25242815913077
-108.48691544709276	-34.44585296981915
-86.78553398789732	-13.872106395183096
-84.62289681354152	38.087896729642104
43.59894982778251	-52.41195757207018
138.57514913895247	37.38932532341071
124.99301877361863	-41.8546928888348
-32.89881039529046	76.01676915523858
-95.3263607696241	-24.37471169502517
-30.937360348222885	98.41307095432224
105.28262207516534	81.37110826123919
-73.53551698037481	-22.350752544760066
14.590608426556466	47.66898574566248
70.68898733705137	-23.813475859921745
21.01359942746646	-124.27696958888546
-96.1115432003829	0.7661616451578184
102.96085793458295	10.613235976421121
116.1575001273839	8.354653977796035
94.105344753336	-59.51478176328019
-73.19371102488562	-28.775574525206213
-39.43306444814869	-68.27045118901279
-89.0073149150504	-29.123216659009646
-117.15147554979978	-7.685881913236621
94.59706966203561	76.53322836053165
123.90342924871159	67.10290204736037
-96.16166006246773	-10.357138455305252
78.70339389619234	37.56632996877898
116.81634417144147	-39.05077801559759
71.10513540658498	-51.37134584423034
117.95875760351794	51.28522965668937
-76.65349003537702	-37.582745115715625
34.20622776973486	-59.392454498945504
93.83878658732506	93.92053819828631
-52.79034445570926	103.90381214983596
71.98986706055159	-20.431297869227357
-91.8095369533444	-0.4407994568528492
98.58009414364207	9.107421844968723
66.2604071195736	105.35902763573459
-66.5385144994247	4.406066785770666
-52.04560890843056	-6.641217374183518
-97.09348325516554	-8.353441037759415
127.42005487130909	42.02085893099618
89.8651972917458	-42.416118270196215
-71.94750046832755	-44.6135447126752
106.79274955990338	50.9847265353432
72.43868491119412	83.50176400289416
19.403758383115797	-14.867380865961694
-41.14146335590784	-39.35999942748063
-21.397966973066445	-53.2358089133582
140.6402829241311	-46.27200408347213
76.86638985467862	-54.38389248508128
55.5160126410387	-42.48687860703248
139.38074651471857	-13.74912129640254
-78.13709837053463	18.170817723687342
88.08070729688843	-20.442105011622502
83.55388467795584	-10.7970121151113
95.73860320520282	79.31297844458517
125.64672606667823	51.336549943444474
145.96128471704264	8.496519941638555
-102.72559053832191	-25.186743720319154
138.1166853169203	26.17103572641072
143.99837073300677	-29.066972654755443
-61.81334838315017	6.037184228592444
136.31984062525768	-61.63218646638867
120.01335115862805	-18.39713363817764
110.300759412236	92.21665269070208
133.77646062406768	25.439209178825024
38.36801832114745	91.46744275892559
136.60791893982986	19.361026908759484
-33.305621326567554	-40.107493370989346
-79.6555816880075	-82.14021825017282
-46.2091409543546	-87.39675761189181
21.944214489824272	-24.606062200845944
-90.46592618535445	-108.54974199375744
-35.39028773012001	-28.082213043845833
76.27074967275261	-93.22384544451546
5.8941941671723	-66.9487683273691
98.94863190948263	-28.50153000263225
-71.5887230522389	19.435845371930775
-78.05994889231013	-112.74908968185537
-51.18352594258586	106.43487293343601
142.8357006823724	-36.75132938334393
-103.7108281343288	10.822637348250403
-95.3510845544317	-32.693043995143356
66.80790863965737	-60.30403090899469
24.223612456890457	122.26088797066959
100.72407557577844	22.788471337549183
78.75598738613337	63.01314825699502
-31.338909263270388	-63.648188225110125
110.81210176540911	71.88387476423439
