146.77324752686135	-2.23126957415073
26.190548628317483	-68.62562647077304
63.06516583582248	-70.97073452270783
-79.05354632881813	4.743826572094086
90.87168178423943	-0.34807922005016834
74.24037910537791	-41.94571382529934
140.16536076844855	-13.43711187966249
-66.64697509895555	-41.23242020327721
-28.57933029074798	-2.1276236213576936
129.7238328536491	-17.647304418548696
32.623723191827395	-66.92190799685868
146.2926506150378	-27.488147402142204
87.92718803766618	69.97737985457066
-40.87789104063219	27.42518472088673
95.86734248832016	-11.439118858211122
143.43804191915547	38.43036956419361
-63.04822156400367	-36.43578649768404
126.29589289551166	-46.33533174891667
-73.7388837668981	-33.32927889288978
-53.369711042855	-28.543909540064984
-55.01434147549455	-59.25551054258135
101.31280472982155	-17.592447017334575
22.76509238558212	86.62433713154408
-49.815636055692984	-3.027404761390712
38.10452886645101	-1.9076113794359124
-67.34527479721561	-24.794896934026177
-64.8910334055572	-38.378116765521355
-76.31535480072787	-9.54227871841477
-88.48367209128298	4.777129930254936
-99.35492787588619	31.859691670139412
34.42941199799751	-10.121084989659012
64.16256107921673	87.79876888904714
140.60726630539784	26.027746916182974
129.542305940121	36.7161951767556
48.243670256556825	16.0911501908611
136.16752424792392	-39.885912212987385
-92.54641830144305	-12.313944517034317
94.77883164869044	-51.860593962315654
84.10841799357269	-53.23498699527546
-29.297123905198053	39.10353205613067
-71.59384919237623	101.75944667812614
-21.928762365037098	-86.32864618333456
73.32584497973765	14.412647384936678
52.78896287251196	-69.22399233198205
85.5219902046412	98.0590790361267
43.123216639936004	-92.55602827361297
132.63059925699338	22.105557424158466
-50.86773196042518	-94.77700778068444
98.53503304053676	59.11873246518863
66.7765581883946	-60.9998476280925
-96.57855324603995	21.38682369639159
-125.83353079070035	16.82567539263465
44.196377500525585	128.9503376366818
-93.39098092048799	49.123624459395586
-113.77459925608719	-4.614335520232019
73.70204012246111	-88.26729928802054
142.6494067370421	-1.5603477530606589
-96.17377690986466	-52.10802342425765
103.7600978310385	-70.23674324839004
131.95504025087703	20.27154210250668
95.54334316032423	7.753232227023164
-50.02585884147856	84.21340372204638
-91.18164723828347	-25.033395110290222
-52.14666956063363	-53.30708025016122
-36.082063685015314	-52.23717451456482
-49.69324885654822	-30.70323850892928
29.64067330938106	-105.93707653522507
-100.4158219164425	4.450585928253376
80.14870856067877	81.29088273001085
-32.99007918808308	88.21008403161473
-105.04789490736542	-6.750955879120142
20.207579723253968	116.60658460499317
33.374375376293536	-122.9978857796197
76.65248084905558	-25.74782459321846
-67.54552486126744	37.6387437005409
-64.13405975027118	-38.34701407781124
68.55155357942054	-43.22101183572594
-135.5798944145169	-14.003884996384825
-52.687715575510204	-4.941206445307072
-84.918366962667	-17.930709505481204
46.180162631447715	-61.03722189272578
107.96237075626294	-11.766388616876592
-13.931299235493583	95.58356253389432
112.19864150395546	-61.27223753554361
-56.01950973408498	-9.795134934131799
133.4128847421331	-62.37529102454473
120.5030469738247	83.22965465489867
57.8763539910935	-94.09014720296321
-74.31220972014657	21.361352398849185
101.24655676356906	39.335607788718946
-52.068436578379675	1.5444301458528196
-43.847167547697396	3.052095718126695
106.54976553733567	44.08793534746803
76.64030561764207	-7.948366006988312
40.99125043034175	-39.780570157771734
82.40355724061824	54.29270842805211
-47.51392369029398	-39.10781128821062
-72.93325163273705	-50.97701423913212
-25.570951161916742	7.814786419445042
-6.249029469625365	-100.78027136143719
111.47538394949011	-28.883373625257033
96.63185409694431	-58.18030029111469
-107.49788529053488	-49.31807037003242
-58.11013750162132	-97.88810438638681
-124.65143197160006	13.055789482139536
31.144596127768445	80.62170292826319
-109.72721450695478	-23.338488511427734
94.12184014012624	-11.281068636767653
50.52825289646002	110.87757201256996
132.91931881109676	51.70476953562915
-77.27083370437587	12.516483011595215
-74.73998210402243	-8.69629703760914
-95.87640050693383	-2.7442455127353353
43.5388972609171	73.30046225530346
104.6866030094302	-49.116196541230174
-79.58951314476872	-61.158790475084245
-110.97016341038557	-26.606390340309147
-72.06715381731784	-5.943257258719566
60.85906114286648	-32.940198778106144
113.65121950594394	88.45420502372943
-117.27250317367431	-13.566846301058762
89.19258592530205	-32.154330793135486
142.94307263165845	-17.447823215768402
-80.07190487102277	-15.344432398821219
138.48075410969315	-33.92949562922983
-77.86674103272262	37.99738814154032
109.56190214601179	43.06453484751548
-82.01009721020789	-36.21367971339971
-89.71928777777156	14.320874560721327
-44.65779138919655	-6.246675761379175
146.78696700747204	9.333531957405059
56.2824991337388	-40.20306627328221
110.2874967608124	-34.877917317346714
-50.861129626591	-23.083395992166018
91.13585105984176	85.75968560113826
-101.65602833628942	21.245502015213678
123.16170295754381	28.84132585292255
-36.49140072234327	-117.0038646199149
-103.0639087695233	45.51303925359492
89.83213764959824	61.632061502625554
63.77466247646053	-4.234845805463729
-28.09892180244571	-5.909757888054853
-25.561618412721153	-105.71699952565871
-69.2691062551592	16.512115873841736
58.33868470456035	-27.750940058366375
108.54788867562698	-47.17821253661664
27.692684478646797	83.60701675157793
115.13068709262758	-32.92384117169166
112.68653284797585	81.83549024405816
98.75979370177946	-82.63587407160699
19.828596735974077	-76.88534011094185
-76.65019351953389	-12.387650306258417
147.56753385469008	-14.97394111939213
-59.74671659418084	13.134396923971961
-103.64203726362767	31.32465341180404
50.79514902856392	124.73672132525334
-12.87018033009727	-9.05496464473169
-87.47720469949736	-24.391067362687366
-59.81578124584068	9.240941929824011
-89.28887167743143	60.18441317518943
-72.85359241248203	28.004907929270274
143.6488135299215	-18.19587263939529
-44.380756054930146	47.85228407277064
133.04181746838506	-50.014723613818504
-84.73107299749192	6.124654232418163
63.25925027240672	-55.85263568062686
-90.15056984319683	-35.84757138870024
65.77413633588178	47.69335492917934
95.036672069724	72.67071522321378
117.12241895241345	-52.336050138721056
-88.19222406779267	-36.83338154523251
-41.97213725898819	-13.242652162982946
-78.00249655710245	-10.04155491165523
104.65914289007861	86.92337179076904
-62.93151344158615	-7.0556188412843515
41.84139147679813	120.43215160050744
25.43489457201879	-3.324853729927314
134.81173340478335	19.974492198950433
90.63106463396683	-94.59062309762393
-121.2071036617158	-9.872074514281056
-107.06197961115998	-4.387036584413452
-47.03843540187708	-11.102303784830427
-71.30979782909718	-94.17821146692705
64.40343335805355	-82.4483113237405
71.05035274316525	-12.473467558346004
-47.097224736970574	-5.038530264296856
-74.565583186123	-11.933828514683272
-95.04088094009364	9.107101403973353
136.31237206257154	-38.94309256295806
52.64789007036053	-77.76224917718284
-69.78652659285972	20.121215348591555
-36.557113352246574	-38.971461049897925
75.39153200013999	2.0286268147406448
98.74146641263752	98.98270651864422
-62.64207149338438	-7.018655881549935
52.961452243444306	-58.71059585188737
-86.48539660344535	39.86387836450636
136.37372920162065	-30.890031150612703
126.91576883222442	70.2972148718471
-126.03339380285784	-60.622619847967066
