141.1248115074648	4.346897553010762
119.27569828153871	86.11297259925122
-71.11463725868349	82.94585824368639
-41.96876138075645	-18.55588521472043
-80.45253803019351	25.44280908982322
-35.39830606245543	-33.284415328946366
90.77170203380685	-26.91644335602
0.025395594384320222	-65.23780201582078
136.6415103387868	60.57919284083993
-125.39987148641306	-2.89288982828775
84.96050801755146	83.6192572538727
92.39572385614281	10.615077511071297
99.80880724879637	-19.109462027535
51.389472228501255	-29.26702344050571
142.74064227251793	18.26361375386603
31.38240675956387	78.89444822329249
-94.57097281980109	-5.666019844940004
54.01270159773178	-31.794526003557323
-71.68715295694648	56.70625440730459
-91.986651529802	10.044005368075672
-80.55842384435422	95.49405855897916
-51.98708729404039	17.62309767300701
116.98284062537705	-2.2200155439785565
91.32041270200449	-65.21794455653814
103.53722264695327	0.20228004563381727
-64.29075218686772	-5.081773784945507
78.25685465446773	-57.250129898760555
114.47036870205571	7.235755360607393
77.84212826142556	-119.87916229573217
-53.01767874149195	-13.618282558527142
94.13859776265922	98.06789658483191
69.03493836002048	46.29926189882967
-36.18153952439966	8.893909950466602
-98.10059401215804	-3.1575111705094194
95.43024985839956	-20.716842038063394
148.44063749928276	-12.104990284736838
-34.56242415192287	84.80765895914618
35.70978684352333	-33.872268230739614
70.1327317641457	33.754008638961274
-72.4295889652363	-0.21358615364153158
-81.83480119451406	40.32873015536003
4.937188181049794	35.15019449627296
78.2828028767421	87.9826237750723
106.26073240547554	-96.11029794592255
115.99193697852765	-22.0622748715925
-10.030264146989705	-18.61609789505469
59.84900169277505	100.0320631640224
127.14704394213307	36.29604298057823
-41.209026141755416	-32.50768343788293
106.07187958599	42.93349335795099
-59.62008358917213	-56.49910545208022
112.96310011722895	-50.80535877577687
-100.54011849928355	9.09770124420821
63.713557039223495	-31.960727049483157
130.2247296537492	13.77577532832383
-77.72443665211875	34.90356588635848
117.7660396605166	-24.597090587667747
-41.663672653473554	21.547510726655474
-69.03171643166216	6.128124056138192
47.55063103595332	-25.37241183385785
-67.74790418148336	25.128005946910996
-66.48342027259939	-73.12560492126629
32.988526613987254	-50.10584349065351
-72.36071923252905	-2.1298630744988367
-58.29234294506491	-35.49444901917747
68.8831134866744	-36.452502308019945
74.24379245886477	-102.52041614894132
-104.23867327523313	-4.96304359264294
138.63685438790534	56.28449226997005
-51.63908621181374	-5.534668963895078
147.71582101439117	-10.287155439797003
-48.03358153304901	30.319967837225974
119.5046310722694	87.40081737570566
123.81842210383314	-62.09040362769225
-130.67237741871025	-0.943056018828879
-81.41153843181556	13.477192840343772
-72.39007436423493	3.381652506014202
81.19537023480318	-35.723139558845766
-69.21977397834847	-64.33907973396421
28.58290524251708	-11.024715837933998
102.67014520578181	-37.041309238744546
47.85582824420597	-45.424202643442946
-60.884915927282144	-45.51817093723834
-78.7388376387374	-22.583063482801748
-60.74300758131088	56.31326398096929
88.11634923751919	85.23936820504856
-36.864399450724754	-15.670101156230189
14.70847569837988	-119.99105241548973
-73.32903964239637	64.8314002504977
-27.682929657143124	9.992417831449282
98.60963982008008	-53.13948305466275
126.29663757421454	43.33989097449173
-90.85998635038305	-19.886260605918263
-5.547445676092445	71.24565611578015
48.35476411258289	-70.3932735341717
86.2012074929261	67.4116041376671
-106.30109491735254	9.968440341547321
-39.46402468599705	49.03200706070193
-89.97167127886392	34.643832057782085
-75.364547160449	27.246733395735543
-70.87846677772232	-40.03398653391317
106.1405719053307	81.46114363741923
116.75317831848467	23.298993356293593
-76.47804139926886	-9.472019159862366
-136.44706707812713	13.449103830850271
-80.10737428784478	3.671958220663409
149.84654266459148	-3.6853670601519295
110.82164820773853	-34.983564491381955
-105.57549665835812	90.890319845679
-80.76729535586192	-62.5856849551908
114.67069454033229	2.8377570916199515
125.43258018252374	59.649089865198974
-48.60304959249492	-90.1557829767783
-77.32296212159815	1.1639240102638966
-95.5562557405631	17.785569732614732
-85.11368457248422	36.23251663411963
-57.455207078777164	57.32273448381893
17.546931440979783	100.23616253363552
90.48134561438845	-41.3260813124069
50.00290937172637	-17.580189589828557
137.00152165708616	-7.789895418515983
82.43737140874838	55.327353223162575
-65.7190839890519	0.7904053593067332
92.38289963970989	25.313953947924983
90.62808888323774	-12.89416479268876
91.83985760283181	-35.895016293767384
55.025003478630744	-25.48931063868231
68.5226497684754	-118.16753966589155
-78.83142370536932	-43.167414143376845
117.94033559920382	89.41483888492938
113.75944880664015	49.36105276671589
64.91923742793693	-13.531208223602917
-74.05977011688437	-17.084681075658246
42.30256634360793	-2.219970934961494
54.09937016781575	-40.23310033524239
129.10864040846096	12.833807684676312
-49.79364281448285	35.68360739826654
71.85887231736803	78.73740908606544
45.23857797804851	-27.872314122074158
-20.516235135519768	-0.2288373792553998
48.56543818169508	-73.66156605649105
-120.97461998213157	-24.468006922266024
-56.8354259198078	23.67020811819047
142.18666007943125	-1.0886155172140282
-53.21401010266782	-5.943907695150601
9.983226395609586	-93.26232365765273
81.05328087201552	-31.688619284092354
-5.00187606311911	-65.13628511933003
-63.367832712430136	-6.112666246479851
-42.19209839061236	-18.344901080441186
-53.82791513640818	-7.682360314426368
-109.95493472769388	17.67622161523108
91.2455196478093	19.67648992289613
42.78112186704131	-82.70021052758912
-48.59189144398689	69.5749550942441
-78.64137564044219	-19.893825033063244
85.50454504628755	-16.174049785334628
-52.88894346844204	17.07608318180198
-78.14281336884375	-10.337046260157019
-31.340720827981418	80.88832203221327
56.36162662668738	-27.014625465374507
-81.98856826599817	-18.246503596685518
135.5398370368908	48.88675619937282
-49.920192599864876	-12.947140277614821
-76.9203484584537	-0.7450143145271755
-31.574484789754447	126.38005839483638
124.47994695553174	59.80760504101531
-78.3903680684065	-29.900077868953407
17.377434003746025	-69.96112794849505
-119.09714603322965	-19.677453548929588
-108.96818833908334	18.13454163369389
-88.94726886290414	20.305716145923075
66.11628863460568	-10.07868395595095
73.64759073291438	-12.587474822775928
88.72008863965858	88.16211046994489
-62.28176970147311	-19.123462858241773
44.090165590747034	5.2946151812923095
-84.5050058079451	-11.767292365343474
126.09373023251392	-44.82552977960276
127.07755901078767	-11.1498796972046
37.41050253488009	89.1133880965796
-47.90007199135021	-13.387431342771878
45.514948034791686	-30.546986447195415
54.674216003410166	-90.93155482794585
147.03506290981701	-23.368206572752992
-101.56183757574726	10.185306794078466
-63.94240310195689	-24.540843300871163
-59.511310955272066	-41.62439777653651
65.57786628326656	-95.93311106926402
-67.72775417350049	21.08465730123399
27.009402509705748	104.42239102959343
95.27109248929789	57.09374119925641
-55.83079234070273	17.81940972042087
133.52283197147878	19.268410007182094
9.558456904560565	-67.03007615036377
-97.32201099893867	59.45751983380177
69.02220592003417	-81.79219267377536
-73.64196773304845	13.061012298672463
-88.62404194691659	10.93297833793354
122.7956452769218	-78.56382148241167
