-38.16910652193664	7.645802815020234
-87.09653095416036	20.61011999520123
112.19091915807735	33.55343108803892
26.93024576573497	55.89837601333686
62.03635696639755	-69.35387217241191
-86.87754480741917	-39.214800469590514
-32.058072130377425	-105.01441031847145
-102.69615530361254	-73.75087971455281
112.7653347156273	-32.359360487461664
-83.64103111351338	1.260945552363719
78.6419915479308	-28.269187250239334
145.6156734881474	15.246629671247634
99.2845145362285	45.87847948963546
133.7733272535479	29.423698990730035
-60.71006799566098	12.908612631354876
112.62672866157762	-43.06167816511906
-28.64719636134142	70.71051121614316
-86.70568084867313	-20.12075436424551
130.80172532941464	44.32936314419869
119.445039363177	74.49290184832637
-18.056657952724407	-144.3808339172148
112.83585588432113	73.59983898495312
-32.08759543872331	122.61313100339308
34.95471551353203	-13.619233250058125
-54.55260239425143	-86.0329853802361
-71.97964484933087	-59.411765209096906
-75.82370751049784	-12.885509201634756
105.92649639890705	89.07489430637959
81.21162145260125	-15.371024128500604
-63.677479937855196	-44.13930632253796
39.75136461946441	96.45146007606445
-75.77131043661973	-23.56082922564067
-82.84664032707666	-14.997388120137524
48.125105134620824	-111.59004532906818
-29.050706570404873	3.348940854656668
-61.53566103793954	7.7656403270747925
-101.7229060903788	-37.55249680583201
-34.69011058358353	8.627482179496052
86.43809685514064	-27.55076974863223
125.2481062706109	-7.621817640284667
98.28544236021254	38.99605394519657
95.1575433836782	-4.765384154134161
-66.31161572982626	-17.501726943419552
-115.70527910404432	-21.847534557218676
-79.25546944218983	-69.00779676191753
-109.7204914183764	31.979784208232534
-42.11487159998886	11.031605761256007
72.66320433156015	-29.664873113125616
-40.240007901087914	-73.76182492131
118.67005602896965	5.315615944349396
-69.10920917553732	-86.66309450671615
130.25855059388252	47.16456306044369
135.49927045301231	-12.204907000751094
27.091895771849696	61.73478673300096
-60.04753061767742	86.16169359976257
44.268434756072345	-92.5647966432954
120.05490618363149	54.76156679946775
-105.21276450618437	10.371140590279651
57.86991051507826	-29.209244277604984
-90.71128073587144	-14.213162887773969
-115.84966357165213	43.113201441485636
115.33700978042182	-14.445192529700382
-30.513393910773708	31.696760664967616
140.2288462602415	52.54031299909162
107.10985936218886	89.6956410698371
111.3155476607606	-89.15746699899726
70.34698661083331	31.702440000373947
19.252220751851013	-127.68172582126756
94.43146237051737	64.91014413684191
72.83546031807286	-18.518262933317487
-64.44824601714552	16.850777430178482
149.38795776528983	-11.762342324421162
60.25153473423367	-9.086888701138234
123.88097763715896	76.74597189021407
90.36494605878775	-58.06508053921042
-27.32664355328116	92.38881722324341
-0.500068544130012	-130.6859837261674
143.4918971766953	21.899938876775877
-100.6785222617067	-6.794898590192111
-97.5519507686628	69.03125808581653
-61.728920944815656	-34.27038233444802
-20.25009259407655	43.15665619925828
63.14948540817432	36.40197934029258
-83.97066783959977	-38.32885576781014
81.33737364968873	-47.55575255541276
45.24361098641665	-24.68463654839712
-52.41832762390138	-2.503314100605404
-94.00904291179305	18.943040368920716
74.03457437809541	2.8777642963780417
63.07598162407655	-15.539330113274932
-66.22979791919396	38.001234462836265
-76.667320240606	-36.45828058473247
-91.58151780239781	-9.855315121917828
100.37365987004624	5.095567355954379
-69.26199778882626	-64.67341741877182
-97.04054013538631	-27.222434726799776
-8.689761200853333	-81.30937611145764
-0.3207803659164475	79.20903588552285
34.46180282836611	9.634675734464873
110.21884133888094	-22.98058023374463
108.7758235563598	1.395938652804749
35.34782279601564	-12.927768447073749
145.65758807451985	-12.610339271138583
-68.38284128879464	-46.45868842438275
57.70055494162423	-8.34683469656521
8.59776410324308	95.72084872458296
-63.89409160803492	6.2143974072126
-71.2318547846867	43.689912173795186
59.25630426033507	-69.30802942973737
145.24072168093895	-17.831683449323965
53.32762552506463	-88.28223771454478
-85.53651928094447	20.53233675116803
121.03059775807435	11.990402201692802
93.16262764386079	-20.273262143521773
117.12618465746968	-9.237762622273658
127.62388963546444	-19.116104376643474
108.78393651691775	-13.568771963377058
61.84325745592933	4.768343793449044
-77.76311232399247	-46.98292526470326
-76.67885086736572	3.386526244709543
-84.14076887740049	-5.4179318291727885
-103.19069745495358	-27.24818671836032
-31.39636022234827	-30.334987068783743
75.42593414066418	-42.28516981880629
145.24610720382552	9.125789476826867
33.31072054955116	100.19747540054416
-68.79297160560348	-36.77181115160812
126.7652026579228	64.34801942253011
-57.157269010984365	-28.741202823130475
-63.57777473381349	-1.9366479792663833
78.46559989469104	-48.61113239300738
79.64341184837787	-49.54121943822248
-9.359853674548706	-58.03894331489676
-33.50532568719812	8.8191684057356
143.02511515514183	40.53694011247675
-47.906488374351895	-15.839038162989766
11.788727972545235	-61.4322092019792
52.89583656307227	-90.49876000583943
140.3790122835223	52.81712269287506
-74.10333827111624	6.62021825853605
50.34093899426272	-84.44322236843209
138.94284747970966	13.475798067742726
109.28306791463044	-26.607821874339212
104.02432639360703	-3.796550270044146
7.532453820410895	-91.43458954828762
65.9694917120558	128.38569780367575
-107.78016136845349	-17.786002331772103
135.23838574175952	8.148939845049256
36.297534604493656	-109.69480922699383
132.0579133439066	51.98958886253243
-100.2771037842973	12.545839577487524
53.58688611708869	-29.82086325469196
39.44953009602197	-38.99516395935146
-52.18331389858012	30.417245300715162
142.31327347015372	33.35696388874818
-45.92579771323283	-83.66472845122956
46.004739180993475	40.587353996795585
-91.74688480178503	-22.72773497848451
-106.65104595538067	28.32281752588874
-56.39807006165979	-52.45188171511161
-49.78677233318062	-63.59050644977855
104.65871235213375	89.20410598213992
-82.96453847588784	-76.26362831879176
-95.43112640696084	-7.733725560641683
-104.00653297019429	23.28178658500387
-91.7343935655535	11.054118806466935
-43.15680928627724	-40.029049529271546
66.62487047775335	-11.46255460858873
75.7591825162574	77.14457806104124
89.30959319842952	35.171406776701936
71.02311804573813	25.08854003076364
3.2085822222754885	101.70809436208738
-89.9929216175427	-13.38391477404307
47.472512630022386	-29.83588303550199
-85.98551642412197	12.12454329314197
37.76427521598351	-25.317068202831944
89.3726187511758	4.737636868116943
-77.23005666687749	31.73645554304124
-99.54796312876051	-16.47743707259747
95.12454716181469	17.14061837062184
43.78240280969377	138.4660440281273
22.146862955304492	-41.099834247007784
-74.21464395428852	25.148457031147633
142.88658107106517	-7.901154565788677
93.60396577744964	-25.037082625302283
146.72861108726548	8.12992904373865
75.22802868642377	-30.47054332344519
-95.84520023583761	-27.18277626148457
46.3812756033487	-3.856875754979706
-81.00169774849547	-28.775646979741968
-120.3297441413152	47.17576606183734
90.38758333639004	-50.455689649367386
85.97836801487736	-62.0930845350657
120.95494268186498	88.70343522863038
-63.354636538868895	-6.831702695742698
64.17867172018111	-33.52743116134473
-52.06417708455877	18.260149217857695
37.634164392705515	128.2777877690477
106.67954136632477	53.665472360593704
-63.179483096785965	34.933079450212496
