97.56416048098683	-79.13709337948731
112.91538490846517	-71.28079421266814
-78.3729436527374	-57.794937811250236
-60.048026642577604	-124.26557049626604
79.24076202603783	-72.96033189187686
-26.28951825441917	-97.56037177665051
77.49162581650221	-76.0778215516852
124.30664799798306	-16.29501292648915
90.31687015673711	-35.80539769808751
-80.79602493901477	-73.71269327864263
-48.18883189173233	3.724381212787168
112.14540703150027	-68.30572641699898
24.63961073409272	-38.746519973404226
103.02431176655953	-29.132141264961035
129.48478414923153	-25.701584419041534
33.25860548680483	-18.199880004996885
95.47734854076026	-96.08450976120575
127.89652315727551	-48.07061970169467
-16.42419259424918	-117.43875323751564
89.33662313353123	-50.16008531640988
99.7464352743357	-31.496171657924712
-46.06540504015731	-98.40918189681908
72.07199606325898	-120.22995999346234
111.23701971230393	-54.05617525903458
106.94017127394602	-84.5000976925196
139.22508318567657	-11.638808246513717
48.15552230336487	-101.63544859888091
83.05303405853357	-68.34806180253385
140.8549086931672	-41.01888286174739
76.84963849302243	-41.40873977087788
96.78555078283651	10.705119091092666
84.51526646227597	0.42116501073964696
18.941847564387242	-105.67445176710264
68.68636493203648	-47.38803979534082
-15.465249306888115	-39.19085198601478
-52.2501154588766	-33.19209842234777
65.61546130187277	-44.593475102166764
50.88325665542207	-59.27643823743414
130.46867224226472	31.038268851354992
86.98281915007067	-33.08526939095226
145.5868877700789	10.67822774545059
-14.455364239597431	-105.84838564664021
-83.75570615329421	-88.04960746242467
133.15136549684996	-47.925594504610814
53.70207440029822	-135.62345274506046
-57.77934370099097	-64.5434276199826
52.771715333648245	-39.28733468272558
59.94595607469379	-53.37105450361452
69.72673242195225	-113.39389364661176
-60.75620669053067	-76.19218429942329
132.71157549434355	-8.701733883497925
63.592679753267284	-131.4690701812989
83.68108476234897	-87.50066435059193
134.2195674821025	-43.20761892982392
33.54400992032009	-54.24860977147075
5.8944120982967005	-145.4035236865864
76.83963006680591	-66.70872437084779
-101.58999013162826	-88.63802001979592
125.62730813661145	-63.442880857286504
116.03125348137364	-78.20706338878928
94.4737966923754	-33.2337110098606
7.006708852957379	-104.72848743021096
84.48087492277145	-76.45095911285387
21.65895041200385	-122.2876837073131
112.90602304048005	-26.328250224821662
-53.94041932453905	-105.26951280739554
117.01677361339827	-83.53598933665093
134.3840624862867	-63.064270508681005
75.84149291531767	-80.23856236533415
9.071783584096845	-78.13733944832441
37.571514839809154	-97.92092899356118
20.483622996855992	-60.185966226268114
95.38803522484548	-42.75384604745106
88.15996958379442	-94.41520413922129
47.192904860804816	-91.35816798407748
122.02822337696102	-79.84343780324548
109.34451480545619	-81.3726994810903
102.44815807653467	-16.63508396869237
113.0887083380678	-64.88729620353394
137.308634320666	-20.611768039293846
-106.34883322530882	-5.977152074383275
-90.75092485606797	-101.0822091895392
46.80081427489125	-104.0489308331089
-58.97079737329102	-88.88791563977082
23.311422693714697	-112.12276065789406
-84.43290734958086	-110.58868138997822
-28.42981293958633	-105.71963852694107
40.872233453221256	-94.0288383641214
1.559423470228451	-74.47008864280781
80.62130644284623	-103.10408907801607
-28.57226725426577	-14.182100205266568
145.26781705586936	31.73991430328865
32.19296631478192	-48.021602478193635
-47.75965665934065	-90.22740650784904
-46.34313723185857	-93.23691877405962
112.88352645176472	-90.33403562662683
83.52679767507391	-79.19028723720682
109.17238674152222	-37.59132767427818
-94.25034674830638	-88.42987661720208
20.555866687309003	-77.7358631589144
118.5603929821816	17.765776881286495
112.01393827354624	-64.43984649626368
124.16031436127804	-76.31801985650266
126.03679667196795	-65.8172649029577
72.94692499084891	-98.36586467225517
114.49533200770293	2.3411430493912873
-90.4214106318215	-96.22017119190173
109.84842008530002	-86.00417012288275
61.048036519991626	-98.58733659555003
80.78809497987298	-43.570134041327876
116.35251342190674	-59.79978070202299
94.73576364404686	-15.35769264198112
74.89787315645376	-48.193575940723555
17.09124341879579	-107.34729535731205
145.01117901133296	3.598212709247357
-57.34800011401371	-3.032195243476692
-72.50822719990506	-113.57145835323371
46.718193976179265	-108.11973818758108
-80.20651047519043	-11.994835480893043
81.07282672172363	-44.93250009851493
31.651311302487617	-99.44657050698687
100.01488086703357	-42.26697602107382
58.13183280572948	-19.672988101663663
9.254201730978112	-83.0785077364104
23.576108093633437	-63.468059521792554
-84.37368349807076	-109.07125662731377
91.99636127062398	-74.98429268053738
-41.97738638308275	-129.64594455091702
-33.7307403958429	-131.06410053036396
88.9747549368029	-16.329132928784908
-44.93444682408023	-35.45382788535544
83.20332918259825	-33.765734577007166
107.87501397816072	-79.76072418325931
67.44002659696312	-86.11346830805796
125.37853416713969	22.106724407278804
-54.091292013056254	-126.55540276076545
87.60784633697652	-84.96054054363853
80.74003443830487	-76.06077549101417
35.2929797474219	-65.10563414149635
61.40001226248363	-66.73737155057208
-113.78555403100069	1.2733189841293124
31.719255622307507	-37.94685805947965
-10.3557485616458	-50.54243255128031
-85.66509293867081	-90.32365623995742
-117.98574256224774	-74.39872905323077
-59.377068927627285	-87.89814713069643
-64.19555579260047	-27.45608803117909
6.4175879383771015	-118.75202309984505
99.88508589006302	-34.841365758536845
104.49960052060469	-25.891002984541256
86.46902197907927	-97.37663143730485
-64.7147657051431	-112.19385712876476
60.40862681599883	-78.93951128892161
69.15485150027668	-53.80111821278414
55.80982429089206	-53.2446910879076
16.297699935559756	-71.89885362080443
25.825673435735055	-63.175631921809746
79.87218255971621	-51.486333672248506
76.48420407873672	-115.71075585974303
74.21898519121416	-18.061225166139728
46.926252029187545	-123.57956647336539
-35.93082695119936	-35.47698814170184
-120.47435597075038	-58.78173844279954
-3.271808745689243	-90.20547610962873
107.85585664704477	-95.53328907541318
-30.8979392380944	-61.08865278183317
102.11851415961753	-87.30102274726147
-24.591330161596566	-60.693525379115734
-9.212440835927547	-108.51111282309006
114.23879632189887	-61.3457328132724
-105.73511474922819	-54.49126869792371
120.50811477845939	-58.14595987573812
119.89599231028768	-89.30290672740801
69.14267836638048	-64.94228067135106
114.81811297648359	-82.98087908095192
119.62387507524883	-15.246872054436336
79.77489472116827	-51.25151979380062
73.27670330122704	-11.017299706379461
141.5495626701202	-30.179687238805865
46.7261729900074	-59.24337809822182
29.522319641728558	-66.74499886905123
106.60523795126328	54.93863162120358
121.1423724940177	-56.99459653307831
-57.08958421724553	-91.33434768334048
105.06184940803159	-45.62149918470863
-105.97853150276542	-6.472992624733465
-110.90223362257923	-37.285639556538044
71.16981340129242	-122.89261250328487
114.49951637892676	-48.415409652207465
30.35621591374318	-91.52926521031742
95.09078646365136	-64.61165924250061
-72.71377302199048	-121.53281038799916
-53.23481990834791	-26.57460277012397
90.32460250884128	-85.83790990589716
63.875948348477955	-133.3236476513557
79.06159274118652	-68.86601050119505
129.8952627294092	-46.35364197164098
84.93899355256788	-84.45335545369194
92.44789659253895	-92.71261310678712
-11.73565454247837	-56.04115713048573
