-113.17426625235639	-90.47435342540085
113.81575461692645	-29.779492480352257
111.58646770862944	-80.09460887852362
90.81735244631176	-70.411875585892
98.39453380611171	-28.89449276833956
107.51314569539788	-52.38395994591494
90.97869721488735	-85.07585629933686
49.516371358690535	-78.62194130362985
-90.92105159457036	-81.42432058653607
110.23210363461207	-74.83629068628547
13.414196063730307	-104.54338521150791
80.42330746161298	-91.55561877746351
124.65282700172091	-7.111970966655713
46.46902039670195	-69.20359366097725
134.2134428072842	32.71648760927984
-100.50940910357455	-93.20183741951662
95.73796064994062	-93.82301320000896
26.17031297142413	-61.50359035579091
112.08704294267008	-53.27192881132295
114.5272001987725	-86.16804189059035
51.92114348170715	-89.83294664675417
111.49026192393391	-54.42801613688837
89.00852120220458	-69.77729513858553
-25.714658933554837	-56.4323931167611
6.947697169300532	-92.0192692947025
124.82877415243746	-22.446372875117582
120.55989370641359	-43.52318150600987
119.93277819377712	-84.03138156308695
142.3971975042272	-42.38344480387131
71.62305978903025	-114.41829244097086
84.98591454023003	-66.9343206932271
133.1184684635018	-26.645135905450445
-48.27596093180055	-43.599081499529284
77.12050170677524	-44.44493010212381
148.68920418473581	-17.01517768494505
108.07812664019967	-81.27265133217595
1.9179592846843583	-118.81386537391317
56.46235363319842	-69.13492751286992
126.28274212255971	-69.22262182864195
77.24932919623392	-85.3361017255008
57.460265782966125	-56.56939991323039
20.27479939037408	-65.77985812005502
117.61583935013267	-17.834161349642148
-10.018257026012963	-72.50149004059695
-87.13111550539756	-84.22413008982333
67.52239795167475	-78.81300256887167
92.9595820866758	-81.604409141158
-22.805526108030126	-63.12517114916202
103.14341906139839	61.12471600775215
97.70826598015164	-94.1522300999752
6.3219755413978405	-110.68976881001835
74.33007846659332	-104.88392256179111
29.77202119992461	-80.9214850017957
51.925413090331276	-101.19745304454374
119.1898805888929	54.79355774535193
22.754563760574648	-97.90175116797207
124.21160751799957	-72.094902510333
119.63009066698937	-83.51258536224533
109.34496407356687	-59.962385092503105
4.023722622397763	-94.50805511278656
70.57427479298643	-104.60483738796007
73.25836263142342	-103.16962608198268
103.88470772936161	-64.05206826121456
144.14993049119187	-33.183889516541065
132.669792575264	-25.649731888677714
31.668886182669734	-74.31481087817113
-77.81226076592887	-50.73785844484259
109.83479832336756	-27.494646857267735
88.60887415463652	-28.130471711221386
13.878011504574332	-65.08939237185554
142.49981215126948	22.698589091385333
91.7793042854366	-79.76214439348206
136.11694866069664	3.8519192258586177
-38.52755451022236	-51.87764070230699
132.14817059504378	-12.110995762982787
42.6470307982139	-67.8620652928662
98.2379466712939	-23.20325148524417
112.01973047917846	-84.74762239148933
41.70761161541952	-95.84226569013265
-12.67591979193328	-84.79073184091156
-99.04523291132779	-53.704221905197386
33.54026875831774	-128.8433667487857
-62.82132977614209	-104.6617078749392
120.21630512360015	10.853881338907037
-32.4856294944811	-103.1181562724225
147.52635426601637	-18.678986681398715
125.3932047212608	-66.96239406270655
-56.77168710704227	-119.82258931689891
125.9278307934075	-62.6701061668006
120.7074478036797	-82.02775582170673
-76.04399302554667	-66.27930522221737
93.16697363239682	-35.69450850353017
90.13836331349552	-35.66619108728629
83.9484716601757	-35.75730869698908
-60.74052883025564	-117.73127466583024
49.2164291969338	-70.756866615899
34.107020743241875	-70.62601279981213
-69.96259457387623	-105.85595220341233
101.80532146452818	-6.767995772850719
53.07608768286044	-67.53811288621128
122.22339794551802	-78.1136151078479
-17.201912358377786	-72.95172414714736
125.1099389109248	-51.61401933162599
29.874948521517627	-68.73900583702697
-38.96409544401624	-37.18115127222017
46.511361634123965	-89.2029042095088
-116.9372127210957	-63.91447154329845
80.7676570209355	-29.159322749826295
120.50770668170547	-75.66677015671857
30.268145432837226	-88.97889074680673
-72.50573743015947	-75.79529597617997
-81.99336297467362	-38.276775518876406
95.82510465665263	-110.72029582279059
28.952762861438785	-72.73552130854029
113.86114892205735	66.12467292623131
85.00902221573196	-66.19912650982685
61.367279769791345	-81.6513450068044
-36.698849805425134	-116.50859319337754
116.81447858269475	-68.56410873178139
29.117800183758998	-91.20108110953616
-46.98604748841574	-107.19257234745183
81.73481429124763	-62.40985134861847
32.75751972541152	-37.91382449134062
79.36508293720388	-34.318455880924326
-37.302154166983115	-136.94710495663114
-13.557736856670752	-36.953730279282155
143.3896174110461	-13.594608513264888
101.1409957154695	-62.82593121646907
83.7638932237002	-86.83197903358192
111.27069711952875	-27.059727714939047
110.41646313151897	-17.599198616373663
87.74496887996122	-64.79785489054906
103.73713466650389	-82.88205706413918
67.40492637771722	-110.66048305560282
63.39929959558181	-55.53199795055525
107.83013140970525	6.599594144535931
54.751937604083004	-41.85247676912847
19.312452072230556	-84.08912089449895
13.990921058141495	-87.40099973088671
-63.1854238913059	-33.82549675749034
102.05970644939993	-62.08948114154125
58.58138914008513	-18.190851934805597
46.21307143442221	-98.06562391050683
74.49165692145972	-84.38280405195327
106.55269402382747	-32.669211177401216
-31.6633335232428	-66.97786822933062
135.56927386941572	-35.718584072238514
-55.657544609520215	-33.15029670442325
126.08084658211487	-19.62247056739041
25.04677875542789	-71.06581011249497
-54.06469665363735	-132.860053787622
125.06187881987586	-67.94361089861187
-64.99309950450723	-67.42932001260638
1.1313078128892138	-115.32438157220896
84.25104468581647	-55.23166234285887
114.02105805586388	-53.41063795503691
-11.31077492739731	-113.3280089276904
119.01430792627693	-12.35957513251273
-53.75937542907008	-82.20779900331067
-21.794238525728474	-55.303913367613326
47.567522265021424	-108.90690023762103
115.92213836257336	-49.93356343650389
40.804265609429514	-94.12479995051767
-7.1481143739678465	-132.99383165827854
66.40092112038877	-41.68528530970472
84.48137382099611	-116.94635264618687
52.33891260085136	-90.1206491416007
135.72602591543108	3.4302085248731324
104.88899849833992	-21.444835675393968
-68.32934128564635	-84.13159893161077
-124.04309592965747	-38.516415925378084
-97.72823278531007	-97.98326870236455
75.99187246696604	-15.96465461460687
-54.06811316981953	-74.80268265601589
118.36160875303014	20.88510859597266
-16.717533278659527	-135.94034549312465
128.0383229922152	-23.847155864452553
116.92785855007182	-45.46481955200492
84.99015931633255	-91.87694014410131
115.97760680231238	-30.86794696054259
-32.23606598768625	-82.35039641771981
131.64937164484732	-26.288734854504682
87.94453797926874	-83.8432065383548
29.043933320199987	-93.28413816885659
60.76359976041773	-86.50427640477801
111.71061396122985	-92.50267793198304
78.41539939444793	-79.61048923677016
71.28211539165402	-81.89023281813671
110.52565284110884	-98.06813722345477
46.38255380190156	-58.39686886428507
53.50308429706863	-18.57530545496651
134.27530523339817	-62.22195457151054
80.33901050391731	-83.53039914095282
90.91939261970465	-89.58274377330363
91.6379983942283	-74.2602499285464
120.99906660574206	-69.07973760498753
141.2955803604703	-9.315515419241231
107.03460828085026	-96.00039161865288
-8.059016602053454	-103.71852193350712
64.11081697733597	-86.71570197573098
