102.73192370971942	-91.70324997813272
62.091914897947326	119.14598764882182
-122.8196931632167	-3.5638429372366893
-59.04553685719506	30.42842842095994
-29.578784892895083	99.65678656904629
101.91023855154675	-56.35279097928954
144.63008355140718	7.431909971258358
44.44487560385662	42.85658860664773
-11.249391776966924	-107.10277468598034
-5.025656154943293	59.36459091895017
-16.76108492126405	-98.51739031856559
33.15731323621744	-58.340633422607986
-3.9776734122511725	137.10713986265532
27.00767193077394	70.72589273896601
59.23095993526735	76.65865574504487
29.549203434606294	91.11567789054358
-15.045932985227902	138.7993389793107
88.63588842308276	-95.88598562838406
4.512026463521403	-35.70840405327397
38.84926118884742	0.45021257691239075
78.30919949017142	-79.18085179290117
86.31627378118253	46.61736796605201
-44.15203647400175	-65.20155394833289
77.49065662475545	108.7619843765774
49.73239384701724	20.51780616860995
9.082722143477751	-147.76259573397726
-22.79477603329773	4.76493310712934
-41.90455367568482	-30.069913285302825
-74.65567079423941	37.83061642993432
97.63994219819953	43.843999940482995
-4.545701075710815	-69.58735637682372
55.056483828923405	-116.33410694035989
86.67181916269982	23.080047446074094
-20.91563173529176	20.727972658819088
-131.5153338763998	-49.52233054687125
-115.04558388901724	-89.45105517584192
-104.03332974007151	-55.63045755723252
-47.26788953948873	-126.1460081069425
51.07106877091379	-10.805348453237672
-60.10650141648299	49.352455133157065
-80.18657748302243	-29.79640522476453
-46.24258523548627	-139.56564608484405
-89.75596288487965	-58.89716907054088
-9.781293108069468	8.433942046761564
-65.77670847838263	-65.02004026703624
-7.754582755898534	-10.689011449025163
-62.96892758981323	-37.222887029607065
28.15162072309106	97.15059321146587
-85.24125431827426	-3.205044339180933
20.28449162839117	-18.029397543846812
34.69384695712643	-37.60173849056751
0.5511696820996171	-111.33123478832447
-40.74985732641424	-118.2816954415509
54.47631621002154	78.32422197140586
-124.15157421158302	32.322220148780005
46.47801486330583	38.92022772231755
21.500781469344275	-47.791424145765305
-35.049870031412134	132.88797996622878
9.240661063185062	-86.8729562302897
38.926457539472615	-90.61075624437301
113.95285732888605	-91.29804137396218
2.3505924125980426	-97.65757571174291
-8.138725475479724	-3.5054998648727183
-118.49483421785455	-84.04369639392635
-7.647733367311437	16.099112639323973
54.050763005022425	109.45298717934496
58.09869539429504	62.366554001020845
42.61611029809575	93.63577930292006
101.54904140888367	-44.7404566595042
49.09345469010638	82.34187267569546
-21.682498320860383	-130.20432780120893
57.780955806692596	132.6734915629911
43.56350796650473	-6.818500298952423
-89.73600737158088	99.76541890251592
-45.81293383429531	28.21835862978206
-35.077318967511225	23.996214642473326
59.47320549502294	-134.04904145272604
20.766808644652546	102.84911152883163
28.559205313042256	-51.16586596156164
-62.43524194906347	-94.476852245121
14.28775989969573	75.62205722779294
93.6997566918976	40.83268879291513
18.54030554733692	-117.09439752827362
27.100130225917933	137.20114464286797
6.384488526101827	-5.345069440101889
47.58469294291995	50.535748417698045
-34.64593377119873	-31.076461973562118
-16.612745083175152	-43.68884280775065
-79.93447000051377	-122.02652294228831
-58.49751123536229	132.81531239227402
92.11499769520226	-91.5109774447341
14.929946218704377	-119.35667203775076
-137.8440417849401	-8.851846555380684
-28.88123255794475	-21.910522882206216
-47.40646762227399	-21.001361202453698
79.77625680957921	-27.763098235239895
108.8824046540843	-82.91984385185366
9.379878252812098	102.65110859707703
-8.524734717378518	106.10259693025772
71.33458966183578	-8.357540606433458
10.187058176488868	120.35340531997078
135.34310029475162	-40.727063103122774
-50.71898544810251	-69.58199811683109
112.23052193231226	36.55124610219423
-44.332066791072585	74.18570985404045
-132.0559384456074	19.935123213122505
51.55268216614875	-89.60421331501765
-41.42096667748675	76.95684842459367
-36.11608522920454	90.25922450071738
39.737859733432984	-21.760554570624823
122.73655687395889	66.50844725657312
-139.1955224306513	-46.70289370440988
-103.60598298630205	-2.76031401999171
66.039897995154	24.876073937576862
104.16488021579381	64.06592080919813
-74.39299182076066	68.14885221067155
50.123189034908414	56.25315759879866
-29.127890275095695	4.0387791039296665
-109.6439675933043	-89.42343392892025
-48.19384183603633	-124.91547754420459
-130.79424193012437	-39.31288052038583
-72.37261406257856	68.25392794341808
89.26188356014265	94.7658296130396
1.8067233366365731	114.34292364674236
-80.3085071246843	44.53075176446186
122.34319189638282	-63.19683836517378
43.98808303569566	143.30768779742473
-121.67697145537741	73.67880652616708
-14.659422837797658	-131.33704993262387
-36.02259498197444	-124.58451759786652
118.14140283474435	-25.9462502901266
50.28680450995361	129.1419024603099
104.76273785713111	10.913149533155615
-28.0679557040813	57.455233373893556
77.4741393896305	106.20205516793564
-137.21770961317878	-43.12996159829914
70.50341071758113	-52.05473701426516
-50.2328467150013	-122.85676747718351
51.60215473565382	59.126799727297566
108.57757706347013	97.05367540488386
105.30397578372684	-65.49003744425919
-112.8327731167019	8.801989684089094
117.52200551733615	-61.120019404558825
-11.699206721597667	-134.76212338646943
141.574268382331	-5.9202400355072795
98.27113706295228	-103.04354957697076
-29.549710160183324	17.67365848951358
2.7173915879890873	-52.517015940030554
-134.1101697725048	24.51187717826044
15.488435535230368	145.0733282368783
4.687198592090777	83.07013152840776
-11.115790253525361	8.365412229874027
65.15282488719957	54.91790384300791
40.693014023561105	83.41775392002064
-130.85488241834068	-0.5004533532587517
31.35911527522265	-9.341352472028785
-61.0915974501209	-32.43797208638723
-119.02359122542467	77.12118983251231
2.7060560472323165	58.958769265703836
43.57667781130073	123.22396406632032
-49.07162536385872	-75.64033272453463
70.72864537893665	-99.53548894033631
-32.80412658621036	24.195776557763228
-76.26325967289739	-25.129046708942223
-26.255079005045868	-94.17239468185461
129.6662087826789	49.73890214587545
-66.69673586949561	90.72046197739728
-4.047182610181601	-31.641577191534722
-53.640034412379144	-123.1452175607182
33.07550985890329	11.521464706448961
11.086807033611437	144.56946565446395
-29.403710603717542	-62.442488248320096
-14.056461071610068	103.83041055936377
15.878809489069914	-37.07000413342002
110.49492428344479	20.72197865300397
38.72262147137255	98.42867647578949
-18.78077869530347	94.22247283121077
25.23097037360576	-12.79799856509301
40.3515764951519	-134.7138403951677
100.32483648988268	-89.41057351660213
-111.09572861051163	43.59947868841826
49.95913119858453	-101.87865242113311
75.70244150403767	-99.52605214791231
-46.039380378335466	33.46865417748676
144.77256911412007	-5.039719656708622
47.544201521751056	-64.37932867398935
119.93001293822338	-19.693225398728472
78.08986440177982	-86.91361172684343
19.6158435271557	-118.06368292713614
131.9652857363985	-48.59615344714248
-71.4589390085043	39.39063575797938
26.9896555796332	-126.97595334305453
26.81009464860168	112.89383403695848
-4.4636230206601875	-41.12704117741558
21.26692789984076	-94.1604911709121
-28.668296518169484	-134.2834285130729
49.43125147057434	-68.20460123034974
-89.10215775438539	53.96056762166548
-100.73317515346528	-29.10661792374081
117.65563209865914	7.8977362957291595
