60.93695048481297	-89.77331160822652
12.709165789631207	-69.41304345749441
1.8289507362186277	-101.06279738929376
114.57473499867415	-95.45491189340814
16.558193742961862	-107.89074642089011
-94.06000602793657	-45.976358702823084
-77.99307444965685	-56.28034877033429
88.29658370944733	-77.13507612502735
-46.87390635945609	-97.68782990948796
53.85190217305925	-82.01254390941769
71.40072127754247	-32.811084146348925
73.13534723777254	-98.64748731438974
62.87739373126912	-70.71508413024944
-99.74549006374207	-86.79287826753732
21.867979750551143	-103.74642922469668
70.38418657312438	-70.38738325900763
108.94887193175248	-27.408982016588922
84.86467835046213	-70.79939829385238
86.49612110745608	-104.69440252359898
123.68149344558302	-53.24681655044566
99.63762190956368	-83.14149511962991
100.40798084454735	46.05786764542881
136.16962924229924	-36.414108887568105
-75.34254478277188	-76.84023494273636
102.06782320740575	-84.16878973313932
63.57615824220097	-39.28161380328236
117.42666751365337	-68.80944364551678
126.93904177639232	33.90719607868948
115.8445017858909	-43.898818739364124
47.58418616922996	-139.05876018288473
62.36910401257611	-95.57938938155826
113.19995585015867	-15.560616185221221
71.00321610786176	-98.62175028574283
-19.55653896253597	-80.06361427217594
-43.91873958111626	-58.891544224704326
-39.32589636985991	-124.55837361177083
92.19539373227528	-98.86000573248478
-29.098324753151932	-101.9265079422926
5.584354862552944	-132.03692423174132
145.30181806953414	-0.0007180558897995067
110.36832831993816	-65.87063021733258
94.372514830018	-106.50756746770608
21.130460967071144	-54.631336092241376
82.66577692708618	-51.2892946514074
49.15814052118361	-80.12833266059162
89.99793313201056	-44.14614799385086
67.72571226492619	-132.77941016296433
-51.11443725035179	-96.6204347487454
-97.43973558473856	-68.99803840054436
94.48688070133275	-29.245832200117068
97.5930700036979	-47.05695976614257
115.94683250923033	-31.387275187770747
69.23596153893128	-45.25590208930123
140.67861298988745	-18.22261135115479
128.52846000038548	57.26293534726642
120.88202915679382	-46.680369794928026
113.56072868821889	-74.60381947907258
122.29882360977321	-34.89317954877737
-5.491996687573281	-112.43814387336981
-90.43065516106755	-84.81047239132761
82.13216293203784	-47.02414447612406
143.76777732251824	-35.67582568036163
117.84529606327452	-6.972001134271069
-60.50993877101323	-38.554392995868916
-113.83375140014218	-48.69737637149702
105.23106918183244	-62.110403992857066
28.950299208174084	-66.05568109770113
-75.17816099706344	-103.97668511200833
-42.70299157012255	-121.24680108829891
29.1842208157092	-43.84274487272542
36.19508180218719	-120.02908486513931
100.79297313017949	-107.3817370251829
112.82113829868698	-29.86811703570646
80.43746042937207	-101.91056016402544
67.84043368000304	-52.675364782338846
131.90104511273864	-56.837897168928095
-29.59150004466348	-95.69946078194947
41.894599600174026	-67.11295578950819
53.47985786596578	-134.6812367694538
98.42381429228006	-100.9516147552294
127.70959954818586	-46.81097749753253
14.80581090146691	-87.26964172427408
-42.149734027107684	-43.11117767082629
85.31336149827727	-58.639947684834965
85.44190164791883	-24.826291409083638
-90.18773411337261	-88.55417079985602
134.13021595391695	-8.892784217052048
-39.028527766017895	-97.8885622349447
-55.14821860804967	-39.20025008400296
116.93904226093575	-58.86227106431531
32.643856599546154	-111.51677292638375
-76.88692270087456	-109.02864260828773
72.64217695088195	-107.87686447150976
50.235961841543684	-95.75295178081586
141.91649859031094	21.806950433483593
117.73082934022287	-74.29611782932395
77.3935312466389	-55.12204292019596
-89.04090639523604	-38.62135376379097
127.57155547559513	-6.100052674731919
48.76448527456245	-82.90452732998541
138.90170870133733	-54.36177783449818
130.91954715663312	-60.84094289183362
120.95268955345205	-79.81800777940913
123.46052276695636	-39.677306232944225
-110.33715109600365	-61.51156041177192
99.63582482430324	-84.45938789466771
-37.70464024221409	-43.94110440309905
142.70040916729818	-8.30260753404769
95.15297991420937	-40.95049698581549
58.02354274747292	22.187193070044795
87.13771690103968	-118.08769858146172
91.45216081814237	-81.17857791771281
35.70320298439405	-29.714198317167583
103.38187445260255	-43.364573341462815
47.868504245749534	-68.55415751188077
50.42867059146097	-58.18169705702757
33.66384705139203	-83.18190582771072
102.77635228402227	-105.28164529250704
-20.01592178613173	-106.49025435113037
73.60176158044841	-52.78370521543321
91.30453684480536	-39.216709479754286
87.08394029316992	-65.5342155182512
35.70852071729259	-99.53020439739957
148.5358445161392	-8.974085577245344
91.51954666298951	-62.42843435190811
20.568883881722833	-60.59468077554381
125.15241758088175	-56.85762305235937
129.5924771417772	-54.84867554149505
-40.83981538751496	-84.01912309095943
67.39738180208109	-38.39733654722932
64.24633364508719	-94.87603020268617
20.073914111833364	-129.12118899981377
-129.09861132298218	-53.19012581476435
63.846212496393704	-79.54348309490375
82.96891480776415	-50.422521030071096
83.7992442997144	-88.49780350588861
46.73202474866251	-61.031593324421365
-22.7207689588955	-67.07238786393653
128.4507494621238	-23.59782188227923
-59.053835460262704	-116.47945397624122
115.31389997033817	-59.241912013829406
-82.57337340214482	-49.394008293209765
87.90844160882226	-83.19795017327112
90.98260489623425	-55.909178723704684
-16.557689491539353	-45.491493286777995
70.45368400967514	-112.71881145281351
58.048632141031504	-33.53151517664303
97.73349551971039	-111.72638915260727
79.25379950087753	-122.66791349091557
-83.24026066698718	-71.82496881962062
126.14186014899204	-27.81757650036569
-97.67184691639785	-68.56617491316045
106.97767278018823	-98.03059067216226
-80.90443554307579	-62.01020099818866
83.01309640770177	-4.533872846356179
139.1236480650403	50.012265157949486
101.42595591989465	-36.81888975705894
143.2315330451575	-34.697611140228595
126.28538927794277	-67.34405841833434
68.37611286929658	-50.04319773878565
97.9524166485498	-11.106688813165489
76.82498389110151	-76.33135279026995
18.82591230350355	-97.12585855858593
54.211954310501156	-47.61669958012406
84.34594204020064	-86.42217144330617
-109.74856580095998	-86.01739034334933
-67.04984829581187	-85.6298268709733
97.61620191454541	-65.66738499099978
83.02038034702909	-97.8179465220169
-2.2785324464608494	-50.38592162404284
-114.11859493756319	-83.3746386059969
122.1611017294205	-1.6622936124167864
50.78513645462198	-68.47967940810814
-23.923433461278695	-92.60981515349424
97.04117190724975	7.354895200760627
124.46870779441265	-61.287205837976565
124.04309579739548	-52.06262932293429
-48.217085077315225	-112.56792827961961
-80.38324712027816	-64.71464860443142
49.4164774108034	-84.39241574736606
104.85369417429521	-46.061315424507605
130.99152925857965	-53.75644703949859
114.04044051166109	-29.340277272222206
34.57591325896914	-139.7515632082278
88.83154469827299	96.05907262421839
58.549871159556226	-130.93144657782258
-69.37790417618481	-17.1082170714397
85.42799392163353	-64.28386807570165
70.9428213211118	-113.17482705509582
-1.2726670637755597	-66.15896040809218
113.5767349890061	-18.207511838501723
99.6003798090555	-85.60224640547001
42.142807183438975	-89.04093206256076
73.36697873621864	-121.791029965425
-30.50009030948343	-119.21407065208918
-65.81130983528232	-122.28609043682668
124.01091885004692	-22.889446371009544
44.478231334436785	-73.82541260192411
143.02173241093263	-31.86343385073362
-98.74853500758412	-74.44275290737087
