-54.365079782001914	33.919164998389164
-51.63407409263738	-99.85965487008828
-21.351876955883927	136.38145689556265
71.57157081559365	83.76218390398286
140.80673085142402	26.08998422663108
47.12255331779645	-134.9328594622712
28.951753981637946	83.64978544961214
-91.7141064903505	106.07515289253278
13.561278259532521	-113.93505745486428
-98.85750803717657	31.995860074169595
26.725867297834736	129.25438754689657
45.33774249889685	125.34299406266922
-103.21984100027237	67.39931424797949
-123.90568905574263	-53.78187484300191
-114.10060604310321	91.58651499322895
115.70907508521192	-79.09410629948628
40.862320484113695	0.9845606135269934
-112.9018876249858	79.86748868538206
-5.967884624427534	-132.47172310188088
111.77658638288138	-91.42032651294788
-81.2237565650871	100.21478382550052
-64.91171625529418	-124.65220909127679
-13.27156016234004	-7.334018749165591
44.474872476433006	141.50125623359736
-27.552893395500337	-59.466208109288225
0.3814745956181474	139.44539961675824
30.57941606238124	-141.35465522256294
4.7074220184659055	-5.27896111658015
-142.06404746449556	19.37945969414242
128.7689663757885	45.56117496419152
-11.4361339245029	-143.6088415340068
-61.75232140428433	12.903591111446891
109.61284662311823	74.0097619091868
-51.10856158463592	91.4130552203891
-19.233351547012195	73.67551476415488
-19.3037453099304	-129.00086048608983
-91.6667609414979	47.38567855132419
-121.53584812244742	-74.00299379533463
-126.45432720727965	-0.8729005341094126
-9.010948974426682	-55.22294736055813
-14.977587620901119	-73.6060457034759
-73.18988755580155	24.397639054175162
58.17082496839565	66.00971256704833
-102.50716933270152	66.98816980189937
75.90724990394007	119.83560446082632
111.79318295646895	-29.334962571622533
123.7305102402079	-40.07866449148913
-81.31148821119605	22.692114469043553
106.79309315940861	18.726809286073447
-75.14005254890778	75.47724977896648
99.28415853280664	-76.91880081501387
-25.544953289077828	104.88818622208912
-62.47426268228888	-60.147096286338254
29.874238315237715	67.78972229816326
34.43783557781591	-67.41601686816041
115.58771953108943	-93.32405214299465
-67.22834200103922	-59.35967473068557
-95.99690587445451	-94.51553441282326
-28.96166168280518	27.69415460014194
-11.962578868272038	-43.290811514340554
-123.11531722349929	16.76363908304103
-2.8757319788199798	-101.38508432157288
138.006163159461	-27.665830261714333
61.1787888767416	-125.12838192403666
-129.62047232873056	-14.171135102505485
134.25246451570905	-17.913423747997363
-109.4514954553177	-87.21646589339355
121.90142014689125	52.6354788026144
-13.396858163346243	-108.05368950159551
32.88902851411852	-69.82197996216203
88.12253231794944	99.75230310139594
-36.33990385685947	-76.34033983046189
65.24312921475018	-35.379923227714954
-0.5568197992769255	62.14669231799741
-102.24672979931219	-60.47601267139797
-11.365993515164488	72.98349921896799
14.028300957354373	-90.75697550896842
-110.43195764739819	-61.30823937218182
-120.22960455833692	58.36095013339039
82.76380524522713	15.243276855889388
129.50610156881206	-46.80995291131471
-36.10766501110198	0.512928238110624
49.665695992277406	-140.41173936060395
-75.35310552158927	60.84102193453307
49.864137773950596	-69.4513148640392
77.21611218564615	121.73896790553961
6.331879810042013	54.20941221680952
-44.890553271010724	77.68725285400913
76.2954538218809	47.47924684620108
-91.694278391714	33.76829172055041
-137.61803200518932	12.202725209411653
103.81228935167505	91.29124805204692
-103.48336449678057	51.01992208054875
48.56805115236028	141.26470385017396
97.58115300493898	-97.32181714565642
-123.57939899962842	-7.224298730379579
63.96324160487618	-19.91276549448627
-60.43454506569737	93.36277302693772
-37.68505943251832	58.24721405726899
-43.579579203288446	69.91484476654696
-14.2402536416125	123.40644573175398
13.75026228513898	-62.931501234035906
-9.234937681139508	44.25650288878852
-25.87253176327505	106.25623714074857
4.42744918353777	1.3436978553547674
114.288292928652	-25.274125794078937
107.58427300510523	-93.30492901774623
-17.26778313688175	63.10534181004464
-92.0134551180037	-12.075986949568387
-142.74749660100272	15.536999517698131
107.21697166842792	65.89098983297666
-54.12087117533082	-10.746625083179989
70.18248410832935	60.57471155423833
-119.39713429720496	52.48062405298309
104.1562621516642	64.10127684121687
-50.18244296685742	-31.369439368534003
35.73096845988953	11.364188149971037
-85.66458319396924	-89.43733831297534
-31.0886251540086	-112.8561472811112
-32.97799901815983	-15.737294083589056
-145.38593899916418	28.216950598409916
69.93345794224336	28.092335396864424
92.95916967331374	6.642485838792101
-34.68290728080883	52.8492142844517
18.17776350745456	-135.3193177026809
-88.5254955516375	-117.5628399097555
48.90007032942203	49.07301470712172
-30.342361740969203	-73.8284868827708
-112.37001088926786	-57.18033163722857
54.458462310700206	94.40223905010194
1.6193298846756679	-48.594199682535425
69.87843719328775	-126.53433603570095
12.825849099562522	116.5607032707641
-54.101316103651776	-62.0591779551244
-75.67784052255526	72.75599533198184
99.01506873714975	38.09947931381944
70.01599539380418	-83.18449404868558
45.48609369973906	-95.50075123348458
-46.5509925592311	102.33940240871921
-92.23955221831933	-18.50137208810888
-57.17373007690094	-4.452553263661609
53.825256378845346	109.79964359162179
81.39555313377257	105.85702677773425
76.79632451228167	-114.12814776527252
14.94261529665819	-16.451158857684202
-14.819812225454628	-94.25732382994188
133.13490626963716	65.49776466495491
31.569460324142646	-20.27409428071176
131.97623767499206	-16.038697287178856
8.535929018491585	-52.58021786956987
-82.40922025036855	108.45783297343877
-102.05269807786344	68.63108655865898
87.21987986589997	-93.30561099252715
-27.956961307697963	145.6301280012132
91.36155564735326	113.09929827191952
36.54910169898692	-74.24635694275538
32.02805289399968	86.11954199554955
79.93413775473348	-52.65094693518963
-52.565032394916265	-36.05346470098277
-87.05636462781567	-31.57093970714716
23.90769235178033	-146.48031188050317
104.3920250239623	10.83851545304356
-33.24679131377057	-142.57689457207778
-32.66107558762709	-23.260662999087398
-29.39959793645933	-4.425828861170059
23.193986176720518	111.38656567025778
61.604299096506224	-113.00717073190063
-0.28581674976242416	69.94816708584672
-106.20199950256598	6.833834547646033
76.51622383601058	117.41562393143587
129.1332448779584	-21.526847827532492
24.66318004164729	67.87886787300947
28.470097109188593	-81.94547220413439
-6.808910022095586	82.66766161229786
-4.830075291807701	127.14391708913705
-130.0945167138366	69.7100605704287
44.96926086282051	-65.41812100437959
-43.9898101946087	-106.30925777595006
103.20430613301771	-107.66353853368653
56.94369298803009	17.40555391686799
117.08732454018272	-33.46506420412297
76.47382123363334	40.26768992266905
-27.00704296908183	-146.91208997845078
13.151964944669071	47.69047395381569
54.442620431330845	-84.78959230960136
49.14064146995248	-57.63764414181731
-25.326975960216092	-8.449672969100952
-120.66491438899695	84.38551294907043
30.43153890644272	-108.89347368225637
88.24904333652286	-89.32982350707312
-8.706634686117132	-117.8150277400273
48.191724133513986	-31.909463697972207
-43.380601305618804	-44.22366466969434
-56.88623901024625	-104.20643015493093
-119.1856053140894	-57.79710719855789
-116.93227463780569	8.713362939741288
-63.75746164263234	-93.63972576013428
-120.10655810963954	-48.56507863912232
-8.706517461192208	-73.52132063610134
117.50554129014189	-51.52170538007385
