100.45380671864363	-22.863152378619862
-49.586919615626734	-49.807936182494714
108.79733262073213	-27.890106029297645
-71.8436227605983	2.660191519823329
94.30271543660767	-63.79785010918024
64.25559142523556	-30.468151522713736
29.032311519259082	-88.31889149029749
-43.51535739921767	-36.62806101051397
109.8078699740725	-72.4579967877856
-37.60412618247974	-60.20643647489497
75.93870872483622	-20.291493728358887
67.15688429883507	-85.04027814352236
92.7062299928331	-71.8108033078062
93.56904976531214	-71.6385087640612
-45.21377506592417	-82.11107548827748
136.17656969449837	-31.173311958285467
-19.637541988598073	-97.78906678035086
95.36072595951462	-99.91098120417867
80.92354855001983	-26.483734146900478
51.024019226887575	-66.98401804986084
9.540278629506266	-90.30895503509495
-73.98841015566718	-53.31445379397291
62.285574031058864	-72.42929504954311
53.15980637792263	-70.42156943416566
107.1807125736981	-99.56965219581753
120.16723326095898	-30.0661724771058
142.2136112850945	-35.632371019321845
126.88466917609485	-59.58282027035037
109.17628389743687	-71.11218747088441
81.59623882972723	-55.20017596388176
92.15753647228688	-101.31340072825355
70.13863542044578	-90.0017590487497
123.28452293410307	-45.973526833018305
123.60418309716673	-3.723243550674938
-13.733767535408434	-148.65386924137883
-1.440779526233393	-147.16527567451965
92.81356597340368	-93.53971713400281
76.9607352506008	-38.70918269726438
-89.72323449294687	-48.72495854440994
63.82901303364854	-76.47420815969573
103.03686023598273	-106.26925243865033
75.34549626293307	-109.84334671382553
61.290944515400966	-36.31701584433593
-91.74500512632315	-108.06042750838293
108.76448646632215	-6.5530375580948865
143.24057718152284	-36.42035077972726
96.83239956266208	-47.50500072918677
113.47215587434829	-79.33859890054431
102.73579734505074	-64.20061902210858
105.58811516796754	-81.90497979660314
-80.00589001768796	-76.21081104767768
-130.26429280495637	-63.53937217837776
46.47551133862038	-59.07114625501601
-54.789809386768205	-91.05753147417288
70.26185689647161	-117.89241326848841
129.78679964193657	-46.36574019376922
95.6948778827414	-79.94437929767435
125.39952226812396	-47.897641260114376
104.92892151499873	-24.44948978173082
92.22018456770772	-86.18056280794464
106.64290882030657	17.87170856243723
117.7767806807391	-51.84891671017526
-32.56203492665975	-35.26710683993145
-34.21944235929146	-81.84161743376482
118.99873831958485	9.839660855009207
71.44012825153894	-70.1982473719888
-95.52942791023027	-109.61119837604444
2.828268865871359	-113.37220754625677
83.25007307358432	-109.68453525294554
113.63055884341419	-58.97388917263811
-30.835060297556446	-95.56033814294247
118.46367326111775	8.680563569243027
83.98980185877552	-75.25640078053236
133.40767238105622	-47.553073929318884
106.54422728192674	-85.82483936141264
58.077162585668205	-87.41259468516729
92.24617653610778	-67.84222439840485
117.0901026836385	-25.34162203184809
106.00759501602916	-74.22192350549015
45.76634427247017	-95.71892290963207
138.81773527442743	-35.13574970859063
108.73267175713372	-74.49160081290093
127.48661764730898	-29.10765829165557
49.65908175926392	-96.88646851763731
-4.239311099525276	-131.10787415964256
81.29003439919971	-81.1786936426224
115.25176648860382	-46.90139195045321
89.66321732185394	-87.8867566976424
65.04415760382561	-40.99037939227729
106.17463280661612	-68.51004950366149
-73.51957085394682	-82.47248002766523
-72.29929252778408	-104.75343865783714
60.962948065772544	-126.26643527256617
22.189905957845966	-139.82483441479783
76.76957296546125	-106.61710844560693
-56.61986141689144	-19.007738664871887
57.55843016326291	-94.97008828353712
64.14829385357604	-94.86463531603881
74.86199610679695	-98.6926210247613
97.17555973390584	-60.812820470241974
41.30358971729749	-81.22576234993578
65.55344907065174	-38.27483618615095
85.00265813384223	-97.48585435136573
99.18324925190498	-39.93592208642561
78.02489645339706	-73.3479432015434
109.4123115935947	-92.70678087799385
-100.28892036392587	-43.13429532838648
-4.731794972526136	-57.22595847292119
65.4314188503977	-63.909391401124076
129.84505182837663	-58.85676365236065
59.61359243361192	-99.0063702238631
95.81896917816394	-47.52076883798617
93.66419076527708	-87.34987630743196
-49.55568872393096	-84.40514621977691
90.22062891202471	-69.77326163264414
21.05150046795857	-45.46193094769999
115.94182551024443	-39.76541907458035
129.09324293920528	7.989199943934632
46.34493132578642	-54.842636299534306
-86.65685127894074	-50.92815113754311
129.64838420838612	-36.28845908435818
137.12808174249597	-5.532975682128604
70.30671593899753	-69.20487389347205
110.4953137827497	-2.5532691523799564
103.23689080503097	-57.63851702693562
-30.54869757881078	-126.63835576225537
93.69371943438284	-91.90655714251629
78.51648225668664	-113.32393349518613
-1.6301460405524817	-124.09803012281655
118.00106720996341	-30.645748950989333
-17.165261970596646	-83.95474634053001
24.303698869629773	-126.79553273341472
100.06419201379222	-93.70075823125224
124.27989900494796	-47.884609868493385
23.677252119406294	-70.98320340976669
122.66163009312142	-51.506814923171156
84.08362790952206	-41.68350170556233
78.37753016005855	-28.58988608136469
-20.116117892464455	-78.85291299327339
110.89645048297439	-94.48464500345673
66.15381005229862	-128.56828708252516
82.21800776290081	-57.708701958450824
93.2604427426981	-49.27175856856186
-83.66532781826564	-74.4379062006249
105.10560489109831	-72.10181568139679
70.05546164125086	-102.56565535733452
129.50470690250694	43.56811246937585
94.92724061230024	-57.5522046718708
0.15080621088408105	-69.72510463515395
59.774696830206985	-44.850518117789264
111.1310862639022	-77.49106860907364
-29.66073172068602	-45.510693225914494
92.8388548589451	-84.07471056582958
45.80317628046924	-74.50127015578575
130.19201642606427	-27.079922631277817
125.45760312983012	-67.11057949470352
112.71055927157376	-96.0284206989317
91.83079532361862	-87.41807805121262
63.83472979615121	-57.01671930944687
91.31794278901363	-93.07574896552872
121.37924823592034	-64.6401620877845
-46.77259100665576	-83.05661476530719
111.94613990616597	-94.74900677217212
-71.44715881789334	-73.12195452341022
95.05079511808184	-87.04759462604582
81.68874081039878	-52.06142284584717
48.39510241557909	-109.22619317236274
110.25074842552223	-86.44084659352582
9.378421815715841	-60.91788881383719
95.47323579819341	-20.79905654012647
144.4833961010144	-40.29787328777971
94.09987407049587	-28.897466218480954
7.023970986233968	-77.59170399059188
-43.75416309338892	-63.865223425421384
142.81808099441864	42.724052918226235
-88.81632898065737	-93.95701921048159
136.43785019491673	-44.58988760352891
56.459636223070675	-73.66439196073223
100.54531112193577	-44.04556524749323
74.2351953817403	-84.57739643745502
107.99323201636088	-42.87170968990056
-103.1670011081928	-48.815473879112666
-45.88603974796902	-127.41212422879242
73.71377878252089	-59.21226240348016
-49.56348764281687	-97.66326070360448
47.70227496542678	-78.47412382796209
84.46192226510264	-90.60399483861674
84.55718009246749	-63.32472884986762
-22.853131984526996	-76.01134591157185
126.13619146800787	-1.8403157933360865
58.39648694074248	-76.5113986336984
113.30052689183607	-76.614421929656
72.23651977512908	-28.700838175971803
88.46708131915057	-23.68494743451188
108.43738859105885	-66.8821284725771
118.08962199851445	-44.19673718405847
14.710053601173279	-96.43157439999128
-24.150097992113455	-99.96605703284948
59.07561171539675	-72.82712318473499
-31.559648134000238	-69.26097771647959
