71.30383375936287	-71.98377292339195
-98.03690475504905	-61.12114390616958
80.07320652722711	-40.09412869406484
81.93779888459488	-98.22285890557939
-26.070528342077576	-136.3177163122025
-104.89855989187062	-76.61119069204197
145.54183649275635	-23.261003159940902
60.501747240653025	-43.7547191506746
27.676403908594086	-91.61396613991559
85.96639596927402	-83.7936289137241
113.89943523093189	-81.01986555492118
58.19374444516212	-88.92458122948331
1.344893687343391	-80.35633185863034
98.24932670841204	-34.90314019508956
-17.51277212302555	-81.96245493856094
-51.11663898396776	-95.40269932401581
96.9292842218283	-9.953324368301244
42.487166062664166	-99.21177715543487
-3.723733828115243	-117.31955580174802
129.84527760508482	-41.5036505792232
-128.72191260632093	1.4874775558624265
50.62985335998544	-55.790357838177236
23.18746640864437	-73.4466179930592
134.7533045606494	-41.08278756103027
46.60295505006029	-73.3259547720313
91.33678093666154	-55.485490071819136
27.71995740809497	-86.47549824187409
130.18426270222852	-64.99967931754067
81.11279730462678	-91.76801983530319
55.177216301447665	-83.04094623301432
-119.50849180986405	-71.15477526699298
91.95838518106713	-57.680503277369596
95.92716643341325	-76.85024174538647
120.1610592583366	-8.159619468511034
-83.70624071584216	-35.68338759919417
58.436467070785405	-57.48040521801923
61.888126529629886	-58.675690634583844
95.95843984425792	-83.12290734245732
88.41628944760808	-62.76043135796841
-35.44740078006615	-37.65539442959397
132.19934837325724	-56.23432711082866
-11.056816292979608	-35.91880593150587
100.11328129135696	-94.85093463611368
-52.203209713133845	-92.86270587721394
-89.12267844128353	-66.4741330650155
99.13121560912184	-54.033228897795205
108.59563418427844	-91.9875093908884
40.94946839292013	-96.76534715288788
66.89705175461769	-65.66782368834764
-11.39297210853888	-104.37735415189528
31.857360716907003	-116.48242226089307
2.218783887789724	-109.0178659166238
119.29077959876965	-28.440575056165002
-40.79383058550372	-52.65821844651154
48.50425351289294	-94.49719650387563
22.362241233590776	-53.4599807386916
113.65809558338313	-85.72463663595688
55.478238413632866	-101.1022454869691
-7.809722542630783	-97.10785428116904
119.64062697334519	41.29895032346721
75.38629380979756	-7.1279951880730765
118.13920623626777	-65.60868493611676
-48.171458803935494	-74.85893905831321
-49.88391924015522	-47.4564009291717
45.11184906963503	-58.047462897824644
57.51004292310839	-75.60484966905432
5.077309313621641	-116.15140434266142
49.71026585773767	-88.88237923383905
73.7186269808679	-126.38488528566675
101.02531016288665	-37.63887936587915
87.55081584913503	-93.86629314547602
115.32350999312075	-38.65241428706009
-14.68899906599273	-98.7093104618789
95.41021446876756	-104.34539393866572
134.28899468191733	-48.41599771655652
136.84498190023027	-35.18737251752916
35.14158110156879	-81.67090489579182
88.20175238814355	-111.38964861847464
-88.87832712197624	-54.02491527336043
78.57640727164433	-66.7343874206924
-51.638475949233914	-92.25894275276855
110.75065536045737	-30.446678115941527
92.71872561219493	-110.4009776159037
-80.97752564227635	-118.29185380786211
107.21892873004856	41.65458335346673
34.35516310762596	-89.64218198361297
-118.23388464229237	-1.3099427921216162
-101.920266582024	-93.13341464775218
-60.185175533136174	-69.01037983755594
125.43670956744157	-66.80756529398391
-103.28089147187278	-76.0851865151626
-59.02429659188898	-68.66358654544311
75.19674174543329	-63.473686560138724
93.33406052886778	-28.270953346626424
110.98128204978663	-73.7818620344147
77.60502567777685	-44.69188133803036
88.42623922352475	-83.76763066165523
-55.661389793084076	-63.67175297063976
133.66567718997527	-0.9147833864328296
40.12037787826121	-92.80629842098597
-37.02307414321903	-122.3053507000604
-36.71564517321413	-142.6671091631407
82.22193552994379	-50.48825163262978
-70.9097457477185	-91.4298337530792
-92.10372765852314	-80.63331120680816
-58.43123004484159	-71.38462803833218
106.19414401755722	-47.40398482290051
29.070042627804476	-134.4529922400062
124.65201666596194	12.525242938605592
4.577202421625062	-115.52891843907886
107.05162102465732	-35.97691931310146
21.6181755859314	-87.0921085538334
143.11290005758647	-2.338366489263632
127.93180879348701	-27.597792525989213
107.9026152844379	-71.42550355185723
6.791654451024934	-111.44752859077445
25.499960158562658	-87.37145973623835
22.12085828773824	-88.06849992092124
-37.47878877970777	-117.51081442356057
55.15011034161183	-123.61397456769505
131.05861053684725	-72.14839603688887
103.5282708115055	-45.884743943406434
-87.70051934679205	-29.67357279146508
112.10344440148465	-40.332695926237555
-57.05358331017679	-41.56499756614807
74.4844437891442	-84.0934588813304
-31.55578302685961	-34.67951907721339
113.7734651915686	-71.95002941451025
107.46902088095027	-93.71537655344994
15.671926857552332	-34.739680032898995
-20.33236049253256	-70.47789545567088
74.20208053080778	-112.03858036491052
-37.44163580252429	-42.58688787665334
-67.1733390819074	-99.65527567468106
125.02834456864876	-49.97921826834593
70.95302383905307	-85.4594044474958
97.45563776889396	-76.7169995952135
-40.67315071747643	-98.01576996398819
-106.15015496827678	12.891133470848208
31.965848083359315	-50.349837535191504
-49.294930009600456	-88.58797293499505
77.47431545088858	-102.68860104780471
56.741698979762674	-106.88089395540538
55.98134347281333	-99.67271385136769
91.40677328390125	-77.77843953910745
101.49008090701152	-96.73337335966477
-103.15186046636641	-65.19149174816263
66.2777628354316	-67.58850105384572
9.508859392622195	-48.25378860693124
120.4151650514598	-60.65152705909448
-18.862685489122867	-122.8841815657262
71.58388447517565	-15.876052743338175
58.21655188636339	-72.52969366467714
122.17218688807898	19.92289049733862
-45.5052745078486	-40.663592031193964
-111.01405471365548	-40.57469661704389
-80.1287688942948	-88.28061491351873
137.64020972679558	-23.981558282755422
12.016705991376359	-83.17036671740539
-17.480391069725634	-42.058742692043374
84.9908682205675	-29.054596962164073
88.24874183850027	-45.715082985042756
-7.184008852463045	-130.1843261695115
-60.938953801337355	-99.60923018383917
74.6033032613959	-54.93119598580706
-82.73249853146449	-88.00656988286286
135.53560215885867	-26.720815581472582
115.25874822198335	-7.124480214366924
77.2821020402669	-49.74257450520255
-71.23616558313861	-55.64797615071947
90.92996243872206	-89.15161392448236
-101.11155875272132	-108.41280948491412
139.91073279866794	9.79705052526742
132.64163436536478	-29.28492362298763
70.81433562756132	-71.48579056816892
119.90355182022839	-85.21010182406079
66.84865599232519	-64.57589774790561
59.716777103102814	-95.0697544360107
-93.1984233972382	-29.645921215359458
102.55410795895908	-82.72891149173905
18.728764111700688	-97.33460180919573
55.19646103403754	-98.85013172375294
-92.10627403529602	-95.88486885359647
-32.736469642688284	-7.737497004796313
103.05554113351393	-77.78765295910283
103.02263160439439	-86.66010831779127
86.23704168961622	-111.75274080231743
-28.060433786649185	-101.26983138663444
86.02876048039373	-85.53365772643097
42.998570949779904	-76.16016110463835
-82.7357282703283	-102.17006300491269
37.99074671056829	-64.33268094307412
134.52754002471292	-25.924377711102114
-38.463303436640174	-30.680634605650223
69.45130332976527	-124.55880096019736
87.55852205741832	-56.97613389330282
-27.6288911016538	-30.52679593544458
39.261540421279825	-87.13224614315004
120.91795288544172	-63.453737761966266
119.92553834790638	-48.9784616504163
