92.02846081713271	76.79996937775387
2.8118722256321504	-90.0628607910974
-40.93812374958733	-101.67968717800267
-94.26068362039942	73.37336192247298
-70.15715354843857	65.20881878512539
80.37343947861764	119.7736840531077
2.1144835044875228	-94.79904365733272
-67.41011722093798	-48.70111353100718
121.14730837279002	72.46393688417082
-39.90501483857634	38.39763752906838
43.45309912470663	-30.108621259270528
-138.64927208642666	42.77369543341583
-31.102109969744035	61.11013068953911
-35.768565100541856	-45.39219461760701
31.954432659054476	104.97714548356606
-32.08375411465226	-4.83458495035808
-57.21077918685701	-103.33084854583743
61.81213557950389	-79.81355058967107
-42.42759506740374	-112.29055336994256
-59.758897078677556	53.07969997491423
15.930416982149335	-141.84268270737843
62.660144668308554	-46.49486322667184
-118.60438115111326	16.67951427577594
145.7654469858852	4.123239518466208
69.59977763245791	-64.60711989549812
30.534159331532567	51.95923402539336
27.504351162904317	27.966343613778044
-52.186033568008085	137.63910355930787
-95.54770470853816	89.74363241920634
43.89855794096401	-136.9282219350579
-96.20662633095561	80.42405576760996
83.68107596737315	26.506015717252833
-34.55291099010682	-39.67328479891487
-68.6878032525385	-127.24539291474595
41.21228851479929	-96.52966263444164
-76.01695509429747	56.06134991630219
97.74808593722672	58.699515104375564
-46.26887705267833	-16.024223802830203
60.44364530322533	57.477401458171144
119.11189218996635	12.828466339925045
8.478435999666768	-46.699918801166525
-45.31237359737205	31.46030635073454
-105.8629993913534	-16.77057846095537
-61.6624600056452	-101.12134457955331
-52.72241602926117	37.78736863553476
25.88780932374236	8.615428234633715
-2.5313106520021513	146.8225035668411
8.5216684848215	23.365914674849105
6.726492270852894	-0.9618918570106022
-5.62017861753124	-85.1092027394308
-67.49450682814032	21.20584460653252
104.71720429813108	44.045434169652864
105.89590047125792	94.37032368443874
40.05668746618148	-96.0228328009606
124.23370538479863	-44.331294192081714
140.26422022374985	27.992086217353965
55.204923605088354	-34.841191367346035
-76.6633306681573	71.4823661374601
27.226254939298105	117.0696631623742
69.19107383727685	51.768408846054534
17.575183203563522	-127.81054507590812
-123.57870216743373	24.45181615143892
48.18629468336459	-84.57365073174323
6.639429190533159	43.987241696590594
-7.000478044428501	-14.535850009803893
67.1854864768542	61.6155463782281
36.318054132483994	22.968412204066755
88.69508413333175	98.58870129364254
31.37049940846348	-80.85927213632125
-68.4167294658969	-101.52025578426924
44.47763982039866	76.25789644533344
-100.25540106926677	88.64236535128606
12.142830495439032	-140.86104089315864
-30.512722245671355	133.83961349156
91.8883383721599	-49.570035916369356
37.35389982856927	-22.217052283509037
-86.4466829759812	-29.840758750446753
-66.00884122797784	-72.06311650632362
-83.97569430236709	-120.63912305183202
-5.999095495673748	112.63969202902427
-79.591597300421	89.91227880182744
87.13078276402562	100.01653497034799
100.7035172529633	-51.41358891494297
-18.98115947431974	-114.47977678010466
71.16662465163111	21.335111336069208
-34.65545761622116	-11.112962140626568
-70.32982108013566	106.2304031188313
55.10963078036042	-126.72148312629132
-53.515971607025946	80.03777175665768
-68.58222476728231	-87.44743360473586
41.99340014638991	71.76678869225313
-93.86673774734815	-36.31802441831875
-18.66532245655376	65.96684454017874
66.63973249222441	112.5015521480766
-77.02528190795071	-71.65975978148658
-71.45272093107954	-84.88539991538322
28.729537478323937	-3.0158642474590542
-57.591495245750245	-103.37883488393089
-67.19726583422403	-6.654564942946354
79.22859712729256	-48.46863826693289
45.50906011800773	-84.94132503871131
-95.8049842520881	-30.296673677801493
-71.35363948464686	-5.096752630569595
129.21013984190066	-49.31754067406842
-72.72372708500663	-65.86264426607454
-26.478751600554805	-114.33241454903326
100.5272963736737	60.89217898802328
-23.118940722658696	-114.55422189663248
-10.33391641071207	111.70436595309225
101.74649875612589	90.31461303038077
79.24945997323725	-109.56013829519394
-34.988830703036314	-90.34121213291081
-99.99739010461917	65.62818034353535
-43.7032115594129	20.091971064175127
14.741375834954969	42.72092109880689
103.72694308245248	6.232206912327058
-83.1884903961337	115.47409058636424
72.05432568265515	97.12449463035065
-108.16530092911457	57.945122180257414
29.940310122851436	-51.4900704168897
75.85807824534439	66.67009795232104
79.6136368961123	51.76354974617848
108.4011846857216	-76.59109583170502
-1.700362682763198	-55.66103613950334
104.07762777911962	36.050590297720866
125.67028936111097	68.64682934589044
-56.33980778654448	-130.02374235405694
-95.01634583859666	100.74462264956827
-14.84019264699904	-90.64732882588754
-120.07178836451922	82.20420414239716
131.85999018547682	-27.059276285995164
-47.353533029514814	-130.03200603137282
138.66933926594578	41.81835386356378
-70.35058608105369	127.01702056956412
-67.70307196225441	-28.596428452231468
33.6774537859392	41.69895228278744
124.66269897999341	1.9742627429349917
98.88186561070347	53.80232966779859
-84.83628786403494	-13.034593901194935
-83.66010782361472	-91.6575161207416
31.16429643072309	20.584371925960216
-16.562679967031816	-28.068928612739384
-66.18041413947824	-59.93447195785369
61.388572291218665	-24.351431565093662
68.58623207743598	-107.06745495721651
136.86039697836168	-50.98747975591225
119.25465596418469	-25.786504973881684
-113.080059575045	44.108370938796426
-12.146843278996748	0.9244459400704731
-21.190991461940754	105.24815316509897
-135.4002198088866	-7.180541737660708
70.86663072528941	98.46638446571939
-33.92323021836726	-63.042193062665824
136.4771337298368	21.55655488477375
13.283993113947856	146.70382347365793
20.631925039082986	76.49616158957092
63.129007984274246	-25.968270055051573
53.533776303608725	68.92742668459624
29.16274401868026	-23.887146094678783
99.52568845624032	98.72625021627273
-84.48004824482074	-117.35569760575575
-50.748090568477025	108.04605358549237
-52.838680693225605	120.0233606919998
122.64935781885359	-1.3323921771876157
13.817817009505383	91.10180070730698
35.02176984654251	113.99310848922748
-116.12759008105554	-73.01771474550794
-7.839233312919651	-134.76447288276822
42.44813557688749	-4.68509662881733
-30.663441726900096	-97.30506129529509
-87.49525984724461	-35.837305190280006
-109.44631666460954	70.29723002079787
-87.80342661716614	-59.76216958966638
-71.48794712876462	-52.51426813854397
25.40070426922622	123.48147163025855
-49.0409691008363	-90.83226330554876
21.463770431489316	72.8927100834251
-141.26102743423377	8.927647335929063
-3.1255007206954093	50.336942981160426
-7.755333328611871	18.623324351081074
-42.948333662061735	-37.328794117049924
55.766346590474924	23.918356792247863
109.71262643774774	8.311985394683928
80.83122850947805	86.75128968483344
49.11432565370953	87.64435824343943
21.804135098741238	64.17501625533721
8.169515237870586	-53.921741845395886
-99.41854807735686	34.487267265965414
-110.79146260532157	21.180681887498373
-50.95975543365759	-65.13243577105015
-9.217909644066959	-69.82069146725586
42.57294162966947	0.93861337294351
15.101050223335234	-19.038362310806637
48.646988348070415	-3.541217089751709
93.18386479005785	89.51845686324624
-51.228698280676475	-71.52649929173052
24.835130533874626	0.3766801139007464
101.89471117135577	32.422005675601575
-23.958251441587592	107.17982875922006
55.917501349585535	-80.7386560706701
