43.757916763962584	-75.1101654403827
69.71161206730234	-57.641513642214726
91.24678781961386	15.06646151754621
-41.13766608424863	-112.54490419158876
109.21656620813562	-74.20066488118854
-106.6292979168391	-51.650994593709356
69.59493592777439	-36.1210550836553
14.598319041253848	-136.38286190632587
57.297397471929216	-136.47915654814616
101.61906719480373	-15.491016684325203
104.5105197883612	-95.13758997502136
62.54096023554617	-68.72906430416147
95.6549385060013	-28.096548478582143
52.1299111433464	-110.69351551470591
62.41717097364633	-79.8465301091104
70.21827097878302	-80.55201615893121
-87.34156340130863	-116.8713098475246
-26.23679897366984	-113.7507290595056
97.45196863204508	-26.954796643287022
137.65642698469742	-0.2388679310301417
100.0984500677985	12.32731715072062
-17.905897018677837	-112.40529476191584
-41.92011659678162	-32.718127409922154
59.755306824021154	-101.22730685959314
100.41724099679483	-64.03127156911002
60.39096894682878	-97.25364212646376
59.03351158948397	-82.27342852057535
-28.967627126608324	-61.18057242881008
93.0265093556424	-39.90735692384194
93.37245846988915	-2.0639060412547536
138.2679016374979	-35.48992985499207
115.28754213867525	-69.03842870726935
101.46763429226125	-64.23882514228697
131.23296054595892	-1.6648004435764734
106.84286765254492	-105.27885587227443
-47.99454401445309	-84.76532364065855
15.822531899820177	-88.74254413440063
130.7099596375081	-31.16420565454775
114.86581302450655	-46.6936471921453
134.95974929187963	-23.110298859485347
-78.70268310839367	-96.94269104424322
92.71538877183325	-48.31340748549866
-42.52889596005409	-34.369936054427825
124.2004539394526	-83.20438192910265
111.66504713636138	-73.77772989355057
5.002770928545411	-112.1238581003028
145.12010337627294	-1.0747618926235998
123.5042768360688	-79.61204466786779
55.2169521537183	-73.73814227591706
-111.29904554162486	-46.56730524460384
125.93618656432221	12.44154577578552
-25.277410295737603	-49.42275132079669
35.194420815390984	-128.7228815663202
103.9056198245425	-87.19340951662615
-40.033759123121705	-29.402877714608902
-14.023159715338352	-103.21206459805434
112.20698681837237	-74.68744187776336
32.93916265272763	-84.77975391478074
108.0963150283346	-47.81127399018068
105.1886589852532	-20.40426789199228
95.38321581564462	-58.263412689794144
131.33652202854017	0.5410240663095518
138.81928554392792	5.408291697228161
43.590531424022565	-89.85820878749306
66.14322911490763	-44.2901643751267
133.192285571679	-56.618585099978546
126.61973651519067	-46.306820928898496
122.76015804804669	-29.666757379250505
-20.44109299070709	-88.91786559096928
-58.50382672128154	-65.32809878760374
-105.1421943689771	-54.53942957590239
-78.529050842286	-96.63265736999651
114.35834092323445	-27.124184845205484
-92.89599905633258	-45.36799826912719
124.49638435075533	-56.55093649555969
26.460618696870085	-65.00356498130655
76.35176513204728	-68.29101475910467
-85.28353662030295	-75.52374339804953
69.47851125470152	-126.1863589787412
129.53099985348322	23.08292491927111
-102.4471952466778	-101.62599524238037
70.28671716063945	-72.67854883903313
18.984343005599005	-51.442243247413984
-29.888489118242415	-68.20916123922532
-60.61361274304676	-119.90018325631286
84.08623860683748	-29.616953182708798
41.67608657084172	-112.30331529391087
1.5350621358113075	-118.28300123067362
135.2406514144328	-0.5328682406617212
27.783983775267707	-120.35452878600586
130.05422963365888	-22.878610152548383
-62.487593917485825	-107.20948471213156
21.11155745193394	-87.06853961987855
104.81373537575034	-82.3845934858126
127.07216166143999	-53.71295739388295
48.78200676008815	-108.83201818495421
48.05117160488092	-108.63740788151901
-94.5128905732269	-41.24539952065912
74.56654562259581	-114.44023102727333
85.65799065567266	-118.36629970444517
57.94524407071115	-14.323855391536073
114.03233572310779	16.30913066381659
67.03536669986444	-32.797281889745705
76.72076989386439	-36.984272922865664
118.70319710636984	-70.34030069320887
60.08092802242279	-112.65961016137406
21.92809720449589	-77.02370516104668
70.30518063765416	-92.60379420463299
110.96669262070745	-1.8113424906687614
55.24110216893784	-75.33453589039895
123.55295729657402	-84.90309732250945
109.90940158914364	-71.44088773802568
3.1958122426896627	-63.70568342682978
80.33823460257418	-64.95741625914478
21.836102297106667	-85.35617860889239
145.13093004088896	-10.768439338984432
-31.495594878689047	-40.33530528429987
-25.901555016081172	-54.35313965913967
120.26979640672022	-87.45622377979558
113.62887142890557	-23.925078682955533
115.78648644555793	-69.53565972543844
121.08889061309766	11.604481421504703
-19.072017627649252	-73.57821673502703
57.583254145047356	-78.70628480263507
101.73975513138015	-5.574857343467288
-81.89689702228333	-74.49932321351207
-90.5749693974421	-102.37728386899848
-34.972772451662394	-37.03104875702185
-36.44868312519176	-79.13117853911001
128.83558018383474	-42.37107164781512
120.36035220621302	-71.05306368991765
106.28918250658937	-60.697163189336194
-8.111108110874131	-61.04169915611943
130.65746231311363	-27.044284892358764
85.5769974061646	-119.79189617798467
50.214449854266064	-104.757907437655
-19.7198897609933	-136.26446114258738
-65.53775843464487	-17.161761234367905
86.55063375172163	-68.78159303514381
70.20925372486322	-13.318369756084316
-3.4201551656403737	-95.9805624582375
50.099017166728956	-50.99136183991231
86.53877529667595	-39.0745146564026
67.68505506340318	-33.97985412248482
114.74100120357382	-46.69234513680864
64.38485275459088	-51.863325656601596
137.31816264463066	-26.179924460097933
48.16695875510983	-70.42107733514881
96.69559560594074	-70.2729740657105
-64.97712762224289	-98.56638403003271
-107.11923668802305	-72.4480755382993
-27.42418862340963	-102.22673473733383
86.74558530115243	-46.51266429039259
66.82220867884301	-82.6258436539208
73.54430252182534	-58.596800378000886
115.9467428824213	-1.772414221406911
-34.968571032125155	-115.77305528560213
127.67114900443114	-57.58621835776404
-61.60377998681109	-76.1192288842231
75.438627383933	-111.35305204408421
118.60847941529968	-28.098595168288576
98.42778116947304	-4.318170267969017
58.967228438806	-101.85313502882892
85.3888372765869	-52.59803629219588
59.18577110638666	-95.55404751262165
114.41666939215975	12.446523799337063
21.100161104305002	-135.8015114543078
-23.659045838390295	-54.54171376434449
17.129204938617807	-92.64108436797372
6.401251424473848	-58.43138062308496
104.79613802994744	-75.82432237109691
85.0705106164359	-45.49830907114996
73.8268395523807	-71.38874040736157
75.24666701343095	-119.32211679893555
111.50921537806455	-72.74132495885695
131.66970416059365	28.881016333768034
90.98414405253445	-58.58298560374921
27.195636302522672	-130.89686952312016
-73.27716808287313	-95.21886287294782
-46.22983756665461	-79.19851640720466
98.4505507547845	-87.28971761043996
122.13163698869734	-64.63342923855883
144.73980196260624	23.44213702276896
97.11493757293636	-20.760735571583606
-59.528667612528956	-83.9601410285124
-43.42927025718712	-48.72732035442031
119.23938890229671	-39.94741187959785
131.73078499546804	-52.002285436101076
64.25631391801497	-105.95168160850876
61.8171432031513	-66.83328946695404
-10.324758844419941	-98.45532596231303
120.79952833511214	-36.686237451161354
131.40629749949886	-34.721762075672565
-76.10060424316937	-34.877097356558075
-88.3831050573674	-102.838539549634
-84.29084571418512	-51.05463288799671
99.46758661422489	-71.27123073493759
-96.44434655567579	-68.13610617797761
-68.69025009966717	-107.58138330794831
92.55832012958986	-69.64237332278167
