62.91060308449661	-3.3366487800401727
-99.12832533252679	-84.07096276521204
-55.77069294774402	-76.03988425522348
-62.8997301675895	63.821453712229534
79.92332140073978	5.324036330759101
95.47257116068364	-28.44039531865118
18.66688731558712	-132.084162136659
-48.799258992842724	-137.07850076932195
95.08216236231105	18.020623696552104
6.853013637359807	-120.89519480218618
-64.09479332830328	-116.73431666155048
-43.000675128096155	-19.874751156495833
-104.86239183436157	-103.03451498364899
60.125489960710794	-33.86264040233144
143.36290402034888	6.030097234841983
82.21246026018353	124.25649058247758
37.511604526174274	-29.188750739720405
141.53939813352986	7.308380457987883
98.73809394248578	-68.34652487762683
133.3145035522882	25.111644912227156
9.081213400906906	-48.705531865784714
106.0704473484836	-86.71767280519245
-90.23443556100393	-77.09422033524383
-67.57259299044586	-83.20376060417503
106.63540838570718	35.066008925253506
31.483927355227475	125.53599150140637
66.04520246628809	-48.3203645944667
65.09657234996479	-130.34828044382044
77.44180361016325	30.40707023095511
54.154264512891096	-129.62105911069023
-14.6365600864513	7.634115205970896
-133.27398434280602	-53.468182841095256
107.53419206110901	87.16018862901765
-42.49746468812547	31.43286509201196
-118.14711643312623	51.205710722853915
-44.457896567743305	-80.2563690779469
-57.02368114656838	-86.85223551640169
-37.447615346162166	-11.875352091619417
67.81305935050918	13.57568793743881
77.31914099853462	124.41377019192174
51.82252161566637	81.9653110293552
18.425430916058286	-15.69032506791905
87.76813850079847	-62.33788030714853
51.998639061615926	-140.27427434153782
39.34491073261006	77.0742635673361
30.248591892204846	-47.56393437885348
45.98337635384936	111.20018545629704
-135.46895716606002	-48.417035449212236
-14.06130327863368	-138.32260101422344
115.25744074825542	38.70324887708576
-52.563127937390135	-37.15421017281947
-0.9461381373589856	132.84277088725787
-136.0850262099863	1.8329269852250836
-103.07454919502577	92.14370498970713
-36.99231470528534	-87.86494222259375
-95.69197918324673	6.509330079202434
-18.832883402408445	56.00319075972549
111.48690194392397	-70.3997363565757
124.55389526543951	-32.77067684947465
15.178590750990109	-44.877376803567415
-18.603602667980816	-10.340499954831643
109.40159755512263	-97.18533216548485
-15.824165456479886	-11.753084163496656
70.60848140458185	95.69698107262525
100.42429896404698	11.040565441015792
-19.938508595550925	-130.74501651573297
0.6937863769909719	-44.42313880971722
110.69406143237272	-55.679714917767456
52.89900428130754	-105.06142370749566
-88.61745322265432	-106.54959380110903
39.57147070430754	100.50554325525013
-106.3020025783635	-71.31939488782815
-90.98615368726317	39.58710321840054
16.69153712090902	147.85435237073665
34.08445273785389	-106.8877873171417
76.82914242994252	105.12808496548523
-31.231791955151788	-33.40083766683818
-78.3136063299191	-65.41396961988048
-12.58558055308379	35.93676175511514
-47.243129283119984	22.507415033368616
79.34712141364399	71.35881436681505
87.88963558772134	14.222185905403606
101.37526976572339	8.31099007306329
48.367191775654746	93.93539791791841
40.202183866919675	-44.4765555441606
-89.81213048736542	-12.844769882178104
103.14726959142088	93.40281009769107
115.06571606826826	-77.67643148787838
-95.3766592935744	-44.07011532270664
127.84213725937033	22.631271205270192
10.4029435434999	-129.79489529462055
-31.064610364926963	5.233745551674163
-114.7488425175258	-24.036540814867845
-101.90725988527096	-87.8450802196387
95.8378838149554	64.64868190737586
104.48785794912757	-35.59811016663057
-3.7034843067734964	109.26407332152996
-77.08336491563496	-74.07436452086559
81.47697879947708	-104.27576866000364
-59.185312726199534	104.65096707256876
-48.44215183330898	-50.02171865099566
98.50274285339017	-6.8952856788542825
65.09713906621238	-87.5010321059534
17.76396158105116	-95.45069909611168
-67.86021293162224	27.2135157516624
-50.51403456665597	15.968669773345088
-51.16442746448673	4.66140437955275
-29.85083123278294	-75.99609003456916
58.650819080172504	74.96547448304753
79.62691018061123	-94.99632712264736
147.90506212999622	16.87376528921049
68.45934105091439	124.51436540497251
-134.42545438824203	15.427161019890564
-1.7997349821467095	135.29901158729504
-76.90210177156656	86.58826999913985
-37.39812763018436	65.48643233615074
-12.249915965428702	102.31614862584595
-41.3520213975288	38.6972301026456
-112.83006014655606	-3.7504756001821637
-22.498469155037437	3.36676710644439
24.766849108538125	-60.4116581169554
-45.228225183751704	118.24144328521103
-15.719770298258595	77.34963983714452
-97.16876720838532	-2.716824728468039
130.66711194441976	40.58913178059304
24.165748515545644	20.459051214365527
7.404949622928961	-21.37013381671993
-71.72284358619538	2.8362950091573826
113.40951818056993	50.38111763355451
-67.83428115814259	26.668878767106094
-111.87918981648214	83.16406100543355
2.1607962383953105	88.94894845935767
-55.438464493371534	57.494160852985296
27.343207108039255	67.02905156409528
-107.86985853815077	35.75509200729193
-116.50463191252511	75.45644098661849
-74.59694036770324	-59.76368822337816
70.44411881825893	-26.818994418954453
38.38728514386628	89.41983305541913
-123.91066881261712	70.73836027739443
-80.21288868769912	-33.06037021931179
-116.21126529238101	-35.345011524909324
-45.538903870713526	-73.11188486741402
-13.852095713367016	122.4343522607155
-93.40596239249918	-105.34736842959171
35.04895500999072	110.63066095030223
102.94516073301591	103.53616952177654
57.09613251482823	-101.36157281285269
-146.0922859915376	24.32594451103796
-101.93928054162781	76.76143636942325
109.17232713215074	-52.622618270347814
-34.183387713232904	-132.29793790355828
-6.983380477437466	-14.171092756875566
26.103728743879696	71.46123618906371
17.655320289281708	67.45612665401204
-49.67073652492255	5.293813765094264
-83.67119772434619	-118.74059975657983
-42.95547723840679	33.20203207597931
70.73203246549869	30.179539781457105
-35.472686703758114	-79.26460813107333
17.62606008021303	-117.23246648022632
123.4425699387294	-45.0541607189815
-97.99671101102507	63.26021222076411
-6.561523228113912	129.64729135064596
84.97059088419799	-42.75269911071587
-32.5248957283653	-146.10661000975088
56.930732381696366	24.206796776488847
-83.10097893211939	-45.703741627787316
134.6439534949518	24.395155400854176
10.95106198742496	73.70331533054893
117.27307748651577	56.04456394512096
25.317362082184104	86.92145900059352
-63.08658756094143	3.9998332116862305
-28.792072677014335	90.80846329183623
113.07667983640022	69.79545739433571
-49.87104613879176	5.645314436584196
-27.789037357635067	-104.11558163671702
122.02453973450886	42.31466778505732
96.12788446260672	-87.5773990996906
-53.56045286659517	-76.791789640628
-101.68106873841072	-12.482940032241173
-110.40741872533542	84.18690923830816
-53.649363087849	42.54700022523371
-76.52402909335929	128.36433887581657
72.55777809052938	64.56163870077229
69.16727770357795	37.59710589026646
-2.762925574792843	7.131034404025541
-26.40418884695507	-45.99824620510219
-31.169153441588982	126.68834563195965
46.08703890154829	-111.73038414477216
-54.38230439134845	50.881814123054944
-98.07100876465377	-106.01720321566467
-124.76641281875983	56.88868401191415
-77.8301440708198	1.0629577438459357
-0.08694606103774215	86.17986747738493
-64.22982062472374	-5.611325158982442
92.33096908672931	77.02315396263394
-95.13129670028691	82.00992842916493
-89.4429555497164	30.121133087677013
-36.70989777037823	-123.44413398855423
