54.779441746105775	-92.61799881463514
-34.69799238104255	-76.54526585088806
131.0668662213968	-24.63271213213984
97.35939108371228	-34.00213520173837
31.312953337098328	-97.42725294646364
140.36461563331613	-44.47034649717298
-77.31523317945023	-124.68465433327353
77.4451962725116	-112.98243791219535
108.49402522257233	-22.420552237946026
72.65642118952537	-7.792099608302029
-113.76195159230583	-36.25045301302322
90.31780075809579	-90.3659486084544
136.69310018889573	-14.565309440958229
100.8276249915147	-74.44183085871492
26.921449430548904	-71.05686181651726
-9.852378677992572	-56.82418257556587
134.48560503747368	2.6676253332490214
-60.717682983901746	-122.93906892267408
114.2099771489288	-87.59911246116233
8.613745280244526	-123.87080444931163
149.37567613149713	-4.80696439690601
111.14261365849178	-23.318333195095683
73.8524996915318	-85.75076615508112
80.3814032426498	-84.63088050818143
-35.84492655272198	-102.90640422152316
114.49052305481507	-79.83596102668365
79.93475362769227	-73.21777698350728
128.59698429958874	29.240713182683404
74.10975056088404	-85.26718583477017
-100.78490486668743	-105.17595169224602
90.15846653177864	-32.011133802957694
-38.45889218437711	-67.0832882875953
55.16442422187832	-73.48179088831401
-7.634546255861462	-6.770858187271349
42.875818276079215	-91.29040724303056
57.29442828509743	-109.943242437173
135.98604088175122	38.3052155224839
61.70843730209918	-87.41275142241857
90.46680212892998	-112.55905369915308
56.58973643180302	-70.90310982864332
118.58015829882177	-91.86039751381392
-50.16599070803367	-112.45327858274521
79.6723254867294	-20.064159387942713
18.81359332222067	-87.27028273916267
24.537501257631025	-66.06953459991617
59.360939603749465	-22.503265480591732
-63.14852550253422	-60.71664572183492
31.09407383484923	-54.34103032207209
-40.123312191093014	-53.1856207587246
-8.20510868982284	-90.79142840902882
-13.23255578231237	-85.28170652621345
29.874869672638308	-139.77264760199398
49.65062802699206	-116.4591038450811
61.15405809461509	-122.47365278458368
63.91900631621233	-96.5058895741368
129.6945243495963	-73.80166647488785
-20.627780529275423	-94.58617366761744
121.13560049691922	-68.46397945650958
89.96871406323454	-97.57937151780774
87.32879951935963	-95.50027654376558
106.98667013642626	-49.41830534643589
116.9327285959026	-70.44155307520269
127.98228449342709	-41.882835103016895
103.87961178080545	-61.82599051102428
75.36168493513777	-16.55540787653202
69.91017291700348	-106.82123299621745
-34.88681541609973	-68.73747886108536
125.38886101644754	-57.04362112138958
90.50719709270527	-49.488202717036344
-67.68626768218536	-88.60306254874865
4.402458220533136	-79.73961762634495
23.922539033716227	-110.86887744600416
-6.254576501053835	-131.49762640277373
-23.20205608398192	-54.76378916636596
-40.002268618294096	-32.54582123002285
-56.68746762097345	-93.5083928694961
-63.104971559187426	-97.60624979659092
97.36899081009173	0.008026493312560272
38.33407984836953	-92.33396842468449
130.63116792409392	5.079871779956444
78.06812175732061	-62.60269461680341
-51.66907555492717	-113.29364767682998
108.29204479065163	-65.77209138014894
-49.68035074755214	-62.573940524548576
69.28264824058809	-90.59762859838587
92.138600543067	-49.42596108941538
140.97732236231428	25.118675902942726
112.99643345762823	14.07645979796001
74.73023835364896	-30.842249666257402
68.31849944322332	-31.778686191971413
52.20354933234481	-76.34283839079596
103.41773122272976	-88.0125564470264
101.99045836760021	-80.2994508692234
137.2635416836862	-6.261198592317783
59.44657757221897	-22.85873606131364
-95.78416717902739	-99.18790532396142
75.83027987211346	-98.09778697596131
140.16296781936407	-20.933097569305165
-89.34266581320301	-33.443012475031786
120.88408389930332	-46.87259436230303
73.81661822904097	-54.71332363278585
62.47557057917725	-68.74786100036391
-62.42798296092812	-95.58828665784209
99.21113816891612	-83.07903179663982
111.71969454065825	-61.822365343940156
120.3861035110283	-83.99269096979839
-10.477768071857387	-108.22675553043518
40.973370444688626	-88.2995574632525
-92.95223232762798	-41.9139127903792
66.00030023854066	-125.65074543631303
72.3360739259005	-45.49388770234406
91.49048064927187	-106.21443646124325
93.91964791199986	-36.80239032674181
-115.83744665571615	-89.971412085326
111.29674192333269	27.028826230209066
63.41752369006461	-99.8915100891501
51.96427475205083	-107.20398421317766
64.93958959524606	-64.90725111762725
143.26796872942242	27.20426259142541
-129.46938583256065	-55.32710545452505
131.16339691102905	-33.07840289640697
76.31179039469335	-90.85663506298337
44.69581519366732	-71.41147794492672
55.28455347738944	-108.70784954827947
108.39618255346895	-53.84566477956995
83.65048609467617	-100.21574120568911
128.23143015813793	9.757293357374412
64.64592487143614	-47.671371413648025
40.34352505117372	-127.01760074049777
-53.99418495545719	-61.572738098324024
14.851507910681962	-140.767607145985
36.06811120945758	-38.89388967143026
95.65467994945871	-32.20085103483732
131.54204116452271	-63.79524679540562
128.22457178177487	-26.1366606500132
-22.719881382189037	-94.81442719139113
99.3890455426222	-24.393293085895664
101.81437185159285	-63.80813675160238
30.258203974894062	-66.56144093279326
124.37734305172901	-33.06713055761458
118.90901149670968	-36.79903189638262
112.61230585991093	-65.95175291755788
-61.13433604428767	-23.668157686464586
127.49187675844804	-24.243555664152925
122.10043731830807	-74.89891798601782
122.3650717645095	-71.73767936557604
92.33809403019733	-62.219615857479766
105.749148753813	-74.67341129331537
-92.99826564145854	-82.52072294722876
37.659857214952986	-81.05144020884093
101.38020548810137	-71.16970896242147
-43.82278995381192	-94.67349095963515
35.27002724449916	-99.45235235801057
111.91768200814677	-24.545229929870686
-0.8969034446320723	-45.221298706184
46.67099045622019	-138.7500726644121
-56.899674040072085	-48.700890053108296
58.681994588148974	-57.7802942920721
44.75440355958935	-73.52323714834914
112.11920705547519	-23.11905755527241
93.34341750397023	-71.30331794230369
-54.61529169295783	-42.24021316924044
65.9066017330889	-43.78341866862624
-81.61830004563265	-39.187946995828696
-17.770085221539674	-47.659594502317276
122.9577452693113	28.528222589672062
123.27745318934039	-46.31582045335255
3.765729729523531	-90.25730117807231
134.65674897033784	-4.5089329632549715
-139.1424413758067	-34.676949831115316
-51.837909446428085	-81.88098415608633
101.9590599243314	-107.10123239307042
18.839756603936692	-98.89572692805054
-14.589808396971884	-37.87995494944345
99.93940059664374	-41.76088688905047
58.16271472015055	-36.47365851409106
138.20621839890066	-27.699246598640674
-52.02634620377381	-40.67742296456393
-22.56612267639588	-28.10145601398199
72.1936615646614	-23.391279094130798
65.24120123227446	-122.97315916287903
110.9945453897677	-67.41978016197301
16.08737324630665	-127.28614999153868
-14.105235505667977	-20.01058197027738
-65.75797464939465	-68.36882794093546
125.18834458662435	-28.943668238638175
-18.43270154243634	-135.59092177706088
138.89275957409782	-49.94239272360403
-65.39197054697529	-115.21548735470661
-41.27776633379921	-100.69612950870494
20.089377335824807	-101.46874043584612
-34.46496408331577	-84.87050157089666
83.99794397647283	-68.5748136524846
74.00049458820284	-121.93466245609196
134.56978292536456	-20.623943363906964
48.37601929248552	-34.750499538292004
32.15059772891403	-99.67077995181836
37.26568972600744	-93.51551247168013
-121.34144521253384	-74.52218097611454
106.75897912183055	-60.583589804655745
