-23.20674771973752	-92.13137464501526
108.08018936397171	2.457151704918202
110.97671646534872	-78.58372040855699
98.85586167354144	-95.75350152915158
9.694507230239278	-109.36613772087404
-104.45254405710267	-99.13486139050687
60.13981860934041	-64.2207778274199
130.10321459070545	-68.67222648727349
-53.524287801287855	-69.30643937120762
105.01119147279245	-51.69019202330536
-50.21465490909426	-29.2189558247722
112.85562747579385	24.534530837397195
72.30159345206846	-129.51292911888945
113.11224243265391	26.721336908373196
90.62239397716574	1.320378099684728
131.9990286305467	-10.66390598183073
64.07598739648311	-74.4142023760048
77.424981811884	-80.98765267007163
-4.702811019262862	-43.12120020447109
58.54242315352934	-119.09471063388207
50.18714819386253	-79.89544878227659
92.89200885235793	-101.69189885482719
62.976080537149144	-20.181656049323784
108.06913787039834	-74.79118126280707
76.1215966052118	-81.64584051284207
64.0209436713183	-114.53461517904152
51.58766146292631	-92.16277180619973
114.03631224010475	-26.753264808264706
-50.6825235863766	-59.305576678380376
108.7814895005864	-68.59323273292527
-16.406323979767134	-49.831756554127644
122.61346650218334	-63.68343635961117
13.716849350514293	-123.08155808969327
-28.245220025610045	-69.92391825816257
96.50611605316617	-53.26188312184961
-25.965647736816873	-44.98430131708706
131.88537516543903	-7.356292657671712
108.22039016232753	-24.128201943561045
104.28419477323266	-70.08811599518233
58.595433843673504	-94.39609881419187
82.11884481078091	-105.54034087385618
63.01275816051357	-127.07061026832726
-44.465097381531	-119.35703457378656
-86.7864111840411	-72.67041899322552
13.624215520141046	-113.31987154741728
121.01970961966994	-3.762139767535501
40.96025911417089	-104.5693235683004
-24.45488511722514	-120.00305201106238
-11.516264498601982	-129.3752211326841
118.04074053336926	15.29027765378129
143.98387398906496	-25.444066130544496
138.87831312797255	-24.735500981428356
21.6123590933106	-120.16520870105339
77.4503890141476	-80.01661411460067
95.5205641086611	-13.84128737557022
61.966341686879346	-50.372995065232175
135.32707555524053	-32.23945362056041
138.70213646778703	-17.593496022436735
101.13207997084719	-57.91397900359023
143.02466946786708	-33.389531349060405
53.09651195638077	-73.43598389029114
112.81038159941096	-72.33473752163417
-68.11601549970077	-79.05240234476119
-33.71504728701637	-102.46227645639563
109.00372023874718	-86.94983751199199
-90.9863437767292	-53.627663218159704
90.98507089745075	-52.378914953459756
123.92720595233327	-19.513225552251747
-113.11219318484686	-32.87064165947689
75.5359323617443	-70.38896096003765
84.15850973950268	-76.56520021631356
-49.42673455005512	-83.83021296746273
-12.79898133850908	-68.1515697218199
101.18642477551847	-80.9627263468397
80.80474709093133	-110.59978275047393
81.73065318298472	-12.145262775228332
66.44905668289509	-34.64335124223024
-82.55250452098397	-82.08105110153372
13.240717709629022	-58.2396144702256
96.8013307575811	-106.1361698024804
142.80401541302862	-39.56474186629529
-60.45019393107423	-116.35295073446379
98.76463805395751	-108.48420994398192
129.60649592681258	-57.59079106690952
4.7586880915805025	-69.92135072237198
77.84009037625724	-82.71637195431798
116.03836543247769	-62.78921885513789
17.574882561507305	-72.7801968099976
16.411258480907144	-105.52111037008589
102.3136428534852	-74.03354452476027
70.44916179153745	-131.06952540125724
128.4406736090235	-57.08933922705927
143.70523391373644	-9.803942722039723
103.54061857929547	-82.46631586765376
-22.40926750032103	-26.669901844807878
127.76204313915892	-68.67679032568888
140.8498797067688	27.025810638095805
-121.99478650098	11.240956722147688
88.25981909930196	-72.12930298513346
89.51691364802798	-66.99934935096515
91.5197929895908	-37.12404901994197
108.3977555988846	8.649654200829422
31.80441392147341	-60.62883477183946
105.86004564206334	-98.22987633450265
33.0333370056759	-133.79221803131284
80.6667641192834	-19.688252329089835
37.04452071948756	-122.26882095679234
38.29494249491034	-80.36092182077039
131.2010601376517	-64.75012088860257
-17.049984499199066	-108.1985676480846
139.95440132534594	-50.20239246044498
0.7781019861104472	-112.92442884031982
121.92200176835243	-69.83629717785216
80.28632195597771	-31.484354936527982
71.36724907012508	-48.27037579740463
81.3654292297175	-112.34442667392216
138.09244482674333	-48.00006983797025
51.88048845327951	-36.69739050626007
134.31001749763075	-5.090866214310844
40.68442708370659	-106.81587396121014
-83.06704950992027	51.10806143380292
73.78865046655193	-23.43478878270417
-36.11189049590665	-77.55677660981353
149.91973490913867	3.448467067555989
50.338809012123924	-76.69245232224178
69.58606993711057	-82.03181312511053
27.836573528147284	-89.04001745542746
87.34933528176687	-53.77338109491787
135.30167570963852	-55.82160694438583
71.13855747433384	-95.88318798360848
59.25655390889837	-127.53217897934047
-30.115544033543067	-116.26425868544744
119.83710423833944	-61.46938814690504
91.60347045801706	-9.128002051959692
-87.9444148936704	-84.0590516157626
146.93045817493535	-21.78822632012424
-108.87532942661332	-79.30581285826644
145.9480214848792	-31.240550177774573
-57.28519824940933	-70.62688138456677
-49.931071340093006	-83.98694349860696
52.649954792561275	-78.657323018107
137.82153444162853	-50.18605495382644
72.15775616877964	-116.9268971959811
68.90771450091036	-105.44758166418876
70.51122558280267	-44.91731796046052
-29.59018830726113	-91.96783899730376
121.90785260189128	-30.94153509665885
121.19405252911811	19.396322306610834
105.87359507751117	-40.9424143847169
77.70735384288014	-42.90111044213699
118.38775011542802	-83.66929631419264
54.9135768200845	-23.346187469868063
25.06167330519134	-126.97772784252295
117.95443890279064	-13.026456446568876
-77.52171168889514	-38.78821579598753
61.3146146019113	-73.11903469146718
66.82109436905844	-58.124646820188744
-24.451973800400616	-86.98106254805171
98.82310149142026	-65.72858877716004
-80.34624053097681	-42.88836158529978
115.61043187321543	-81.22801908126438
120.87376693585288	-22.88363424156005
132.27425939174577	-45.18382356314633
104.06446502579195	-79.07300232521284
-102.07724979537406	-96.7232730721695
105.99045771919893	-42.72005165227724
69.1391408872802	-100.68362596269384
137.44657047404266	-15.35197494659207
77.4508723371918	-82.92919022697565
132.8257145932572	-56.953820219546884
87.39818153642692	-121.85278685569166
-43.97777540694244	-138.7535093851615
75.28679371903327	-108.46566517037962
106.82312237268611	-83.48672076474656
88.87235637869112	35.39771164491527
88.26511954106849	-71.69733885442854
105.37666087984478	-59.481410895976104
49.70188147543448	-82.03905203314118
111.60421145636393	-20.317991269281872
15.398739669133331	-76.89407766497358
86.77885203200269	-102.3187466058755
75.09380290759893	-101.70595267071137
105.08271184038126	-34.861029870312386
145.72430950374678	-25.860235448425893
78.19293271787961	-100.88194208761513
32.017314463770475	-128.59836550806406
110.29261549713678	-38.5711078364269
-75.55490001048757	-35.854384637409034
144.71584209805673	-38.29724728515863
90.40114339438342	-59.926902580150234
75.78607043260152	-80.78187488713534
22.453926458656916	-92.33457056465532
0.6535561168856736	-105.03589313901341
139.12828958834106	-17.29032327465165
-27.613176125062154	-47.551882675665446
121.91398720764377	-58.01056336241339
61.323006587516794	-107.43208307305531
-132.926457918882	-32.06380901157124
-55.94677647148589	-128.29083460304057
116.32488155840673	-45.63134076939983
