-22.747204361068654	-124.7307795824947
-32.53385964443248	-38.14616614436646
106.96737235129221	-15.839969216272621
-84.14984626982226	-68.30025226515409
48.08252022910008	-43.537839726423556
-41.109778607489396	-112.2147403467144
58.63210120148813	-31.418955410873917
140.79519532909833	-42.54123038531492
-60.864529496522614	-108.68999299331841
-48.118114608992144	-41.57585219090656
131.47729715844906	35.16742297567108
-53.56547211931142	-97.94434797420878
69.31547800940447	-75.10617611715794
20.519870648981826	-62.43034172779552
-69.72460273637557	-39.07489084891277
62.769065725263864	-68.7355036543539
54.72822966628686	-116.4103001500177
104.1454323617778	-7.422638187449909
-58.67308684751881	-114.89104829359391
131.2335936980106	-60.04688758163649
69.39342413857021	-75.25267907331279
35.6875580748769	-122.67684891606433
58.51849029294498	-58.929739099737766
-40.73983576722069	-63.12723661323486
69.20872822136592	-80.68552086472545
-51.61473659738003	-76.74299505694373
100.88902274542177	6.433992825480698
91.67516466750125	-104.3158331790476
-130.89083322456815	-71.17735979583153
101.42344344697854	-92.80540436287994
-35.015012598984725	-67.29306874900493
-24.358806546534467	-119.98785581087914
38.296649798930844	-60.401669205085824
118.52940081427505	-73.38836428930686
-14.331893798704524	-114.75109186896225
-90.50863284956067	-57.57813033089191
69.37608497727463	-84.07940140850124
80.53916558615177	-35.77110216202479
-47.35514233755925	-93.34852261601706
66.86055021611043	-127.91977374094252
144.73417430647274	-26.102481574391984
-60.66447460399706	-120.10631178108031
102.59361340875348	-80.5608547413735
97.32913000945813	-4.025191045429504
90.23371022949866	-112.40749271616268
133.0392707313971	23.813033047935516
94.64432526964947	-70.76530973905919
131.1634117991416	-17.025490185309337
84.89852866728394	-92.39534128251609
132.83978001513145	-66.48172152591614
43.37170995217296	-81.69432527255354
99.02963475794168	-53.271628643727
16.825956112999307	-110.79952136572949
120.94220658612068	-28.46015129305329
58.63597580216391	-53.77491842631981
39.085560251573725	-93.46282764717077
106.95133892063701	-75.59359248192973
68.71349835615801	-67.91061989536063
123.79494847190114	-21.834084952215306
100.95361915888235	-34.255797601855534
117.25375808827584	-19.504855527334477
-74.78756737701664	-83.03609363778989
76.01284538819866	-86.62512864117939
-87.9774649052644	-90.4690223471048
91.61840582477778	-46.813290054742176
-59.867025244708756	-97.64016478384798
37.81283268528265	-91.87621645932839
98.67562926724682	-108.72271639469724
97.89059850359156	-87.81737018715124
70.25603207486616	-93.0418605696847
99.93923428144663	-110.37110130973178
73.06259510841525	-64.77271912879849
88.04465149511175	-43.666357902332976
104.22311134220848	-94.08143773303901
142.0443813399374	-22.37610340311422
-29.352161147898286	-93.26153432235093
69.80319829030981	-84.10061325074297
136.11545540266061	-44.687356454197115
71.41498417748411	-39.708189308175875
81.68633743478244	-89.58957981918806
71.19438233356358	-111.21767576696736
83.14572818489266	-38.56881425348066
20.880438554707492	-62.45731168990399
47.81970584973427	-50.343063705595284
88.917592363647	-64.87509276425
9.165388993803553	-143.69087355115926
-34.62707000289163	-107.4449215974789
-87.27507744389084	-116.8490640982635
-39.13106955729889	-45.74620019576474
20.450334382082875	-63.567130581136006
43.2255873061429	-78.59211764118012
61.40488203551161	-82.54325175528477
-61.46543608285464	-106.6141746381448
62.41769490347014	-15.886251097288149
125.37589630502225	-68.49240583443571
75.06615244573258	-119.38183312048788
-12.464560130655798	-132.92975870334956
108.58805973353526	-81.84637697007435
-71.37800498817577	-90.13732632172638
122.20960547893388	-75.8233074663822
109.18548031913133	-57.79316870224652
32.84383574918838	-102.65251291462725
18.584485038393613	-108.14274909006521
109.74548705676122	-25.01381498168221
31.677715345870013	-76.90384338768214
131.65669665734782	20.4059020081022
-12.346909171612968	-97.5885355177832
118.00718811370899	-80.3268383429426
126.96949693899015	-24.401504689160554
127.83756594118873	-62.025171413950346
109.72337805864198	-7.113878020238811
94.32795906269864	-101.09862102146137
64.92618741583301	-51.24888173346787
99.04191486243245	-52.464374428538854
137.7486539063286	-44.55912704230593
50.370363248257924	-54.20877280286555
-111.95359620736859	9.255621810970164
78.58861844879608	-89.13917515324258
-78.67583367770638	-33.1558214457706
115.86096449699406	-39.99184629763788
-21.877333655589098	-90.34913952804096
59.09546687557001	-25.667051210865193
140.86055843443367	-46.12466301348509
111.11038182782586	-99.43475426944867
53.55515406472916	-69.07637418471673
34.923610747580824	-82.57282524111369
26.212520556356353	-64.74109912126075
-75.69145202579057	-69.31945379442351
121.15825449294859	-66.168977818482
78.67766596446234	-76.12014784946058
-90.10632914638813	-105.23345330189296
99.94770558448607	-56.179256222963005
114.54039650239154	46.41057872677083
121.90556876055551	-66.68856597953979
7.015907847592415	-65.95376462907656
62.47641310680045	-62.23045855895963
120.28908008314545	-86.64970380648101
-37.23230262130245	-69.5864972443106
-55.01575100976555	-117.14803266255365
38.771735560512965	-86.43155221006049
93.63441807717616	-54.43241692806404
2.4590684038668513	-50.14062204541015
6.356020725335129	-107.01209067218244
100.78895797840507	-4.326529503422245
-34.04090256980874	-113.41630901031074
-87.56750265183118	-104.7812133839491
79.37931450518793	-82.88181946146325
80.5971662177636	-74.62969113014158
9.912436157751836	-45.54741736031243
108.30093194939201	-60.27909382589124
61.14557968140244	-86.87807110239588
-5.129550250383423	-73.7480047435819
29.925197613710402	-94.90796713460809
23.720716409349166	-78.18722197468293
104.86074463118672	-104.97581527070007
110.48254258508236	-55.26759827666653
144.74593367600917	-29.3677421582879
88.57060160818223	-85.66862109545461
142.59433983956876	-35.62057844452244
142.34615923594566	9.15122657609804
-25.178503011256844	-15.650823344092379
66.7786804364656	-92.72445033138712
-129.80098206041822	-61.59282357890997
-90.18285021112288	-81.73268361875779
-56.18893786070331	-95.33442619041845
101.13165919893892	-55.759605293360835
67.9029960653782	-55.49445828461386
109.91600734507432	-66.82927787267414
119.7154753833766	-65.70872004757864
-118.62749345626071	-66.60240184254411
97.5377603825027	-12.981107426489961
18.210122632282022	-88.17288244186207
140.01177105860572	-21.693588535552124
-94.38017569731834	-87.4336927004731
128.14311837665346	44.84520393481669
34.02225611187812	-106.92757684562008
33.23610540032675	-139.31134817263813
112.21597222012848	-58.98119257691593
-63.29499242905712	-116.91331767112331
71.57498384203925	-79.64242200193169
138.12171337813504	-13.806777321997078
104.28971554096721	-41.641006816375196
53.83184588322009	-33.83349654428601
144.80090123448377	16.192703953366518
15.84484178487618	-99.48834549642987
107.86841164427436	-77.95866929517014
-108.76236287580166	5.51012013104659
74.69592002561997	-80.88142264680754
124.58499013747233	-57.27724959559637
-78.80131414642798	-54.438618737473604
110.22615881042688	-63.787911026668944
118.54631104656787	-47.70097771568585
-108.41822247040606	-84.62436259481028
-61.5676060378022	-86.39004962231009
77.2558990972538	-28.117872062246587
125.39592087266975	-47.906108382754326
-4.042095855950649	-116.37438625211557
-67.36539589334944	-91.74311637410655
69.51766203362307	-59.933748441949604
-121.5355331407624	32.33585526345467
