-48.62120694827344	94.8868687545892
7.279817778209817	90.65572541575047
36.83787175344694	-51.6961244883843
-98.29299752965196	90.837279154649
46.38175007275071	-95.43748501936628
86.73460768323518	119.00710907140882
114.2689034039753	-70.60866605948002
-96.66709128180733	10.287669503632092
62.103874986982326	113.19114201702824
-98.55964032489997	-22.075005961447694
29.021594006735366	-30.898640271526126
-82.78514941901959	69.07924938598075
60.9583366249644	125.55068751478778
-122.99214447943677	-64.19004644788953
57.570180359209864	-98.09398498535718
66.86619498756191	63.87050600409767
14.567900403621376	3.8781219441288397
78.52446698981898	28.993587396247882
18.249212074684507	148.1136700243337
127.71712739810096	5.863754622221462
-114.51750076831476	55.0589202931091
-42.1937793244561	-123.87114784639613
-29.045982950624666	-114.49402604339568
-74.99609743751697	-86.93333742345418
-28.916358128350293	96.80019358579464
-8.81903954297932	-99.55269659385085
-124.12269506822356	-64.71202991977427
60.51016050762713	-72.05058197904276
-136.19023757042643	18.941603206554273
58.34097908153315	124.27934155107677
-87.31086062640227	-98.60031998863369
16.989783835918825	23.628399059950947
56.16058013658706	-13.242535172821983
-24.345779742138966	-80.54904535712289
5.483805845720885	-137.98343405744322
-60.264909064129284	-126.55621998150055
25.011134252495328	17.592108640018925
-83.45332904235846	18.48903234734911
-80.30675013963183	-112.62535454491288
9.695105438803452	74.32430984424506
-63.515101646503005	-133.88766284191334
44.60672468100032	-94.9714423455496
-22.65467659078995	143.44441829513946
30.586649042258067	93.34372380392882
63.368878687554414	-57.18269907370308
90.25267776614912	2.9467097310118766
-5.092388793160527	140.96393398071524
-71.86556067150254	47.7058946133292
-57.58819540187254	-108.36922871922283
102.80010684463213	-1.896939781693079
-100.18671679158864	105.59461882537424
56.809673108147614	-18.9298484660095
-65.76320108370957	72.93819342782648
-17.7721720180125	-49.88397207102114
57.83126975418428	98.30401534384558
-92.28064212001078	23.441734044759375
25.562721137676085	-26.78871066208268
-58.87234087001143	125.12156069294025
72.5583980529169	56.430146964980864
-104.31690214704966	-14.989182693806265
-88.92745457953066	35.5099686058158
13.442741462424642	103.9902782335861
15.89294864795313	-10.711261868043048
-108.73481031561275	-80.7748750234697
-49.57508941708086	70.84660032829149
127.63526130456847	-3.103187281289402
24.80288685586452	29.064922151807785
62.676403428364324	-88.64387533547917
17.364939980466332	141.9375856884511
6.2364698088298045	94.45468354272604
-66.61633396691442	0.7692695881222041
-24.81115708023236	-40.17128974068077
-50.804190919035804	-129.41566119888367
72.59438895293472	10.158484539606413
-33.9962900244208	144.16432385751725
-39.772046985564344	-63.199659045409305
80.04609331530855	-66.44486698887967
-48.96518462157317	-88.92288041025499
-3.7210555668379475	37.166788685800135
-109.26055299511026	-5.340272005738862
-73.817674866566	-98.41429225618622
85.2484748439489	97.11204848438233
-104.14785598138776	-30.191697724308586
-133.07819786271415	23.944925743103497
-67.37468923690831	111.27823256018301
-47.14137785233791	-46.28296140207081
-62.316283354785035	-71.78243985518007
55.73241444247257	-10.098991662956509
-49.32497293789222	23.85538208710843
-124.14656805832357	-24.708199415625074
59.97867909168527	91.31203936454544
-110.95408974255368	-34.79311225168929
125.06656987432376	28.8530669687669
46.47221310355558	63.860154892522914
45.12714041969025	83.63124575914382
-78.56348305228907	-86.49189923237988
-42.52145621890929	-19.13316081928198
40.697633092754195	-130.7188566639903
-85.7168090198058	19.49987681273523
-120.22925858444786	19.15378607528698
78.95629501658794	127.14603324143417
-4.7409909460323485	-103.31107407165622
69.54165379758638	1.5964009838898157
-62.15590978305507	31.723719070000232
13.927980505911782	34.124422679534106
17.292369216274086	-130.23181538820845
-37.6183788347663	-72.02126578945014
-16.726077206324078	-60.0547083778611
75.39768239696791	101.84964531118993
-40.72175579551507	-72.78264241389188
-42.18138394535886	-108.31104362392125
96.94590790134365	1.6064720599251063
-35.732038086880856	79.00416363681424
89.54798751471216	54.71127700658748
-35.10908402327603	-76.33937453844496
33.00662012260876	136.00835896660334
-3.7286519969706062	40.36711537688542
22.95581543472949	12.308009547932095
-95.12891509465437	9.71249859939389
61.02332222506328	12.850522630157894
73.10835468293519	-106.71932211914034
87.95458609841769	14.705569541055143
71.01591576239036	28.967019730655565
-57.14164331808367	-69.43281299913296
60.91761058743894	-35.03474239655166
63.959358895853946	-51.49156423267669
97.79603234589257	56.706304572195535
-33.35518595852836	135.38154916286217
-90.55174532934203	-12.039185746450945
83.75612846098183	14.1430524718126
-130.48632662869522	-23.740068080354355
-21.264183223301167	7.240727995159728
-70.04582118075747	-43.47758338361706
88.48505224847683	-48.41734137506504
-17.911358277900643	114.8654472578487
-38.03036530053587	-45.44310437380358
-89.2508105467856	42.11314252090241
-103.63182225210628	44.746015705878264
-64.45666612145659	-85.5919009495824
108.42511524888415	-34.22562839911053
79.59534710662422	-92.5664179757446
-59.1048466221203	-71.01057781228705
-36.739629298910266	9.05559655342975
-31.399764174846148	16.250266510268393
32.13714206544452	-135.23418080430497
24.488077066678635	121.00523319352216
-111.73195312883165	-68.63035776283542
-144.49174558967516	-4.4988226102102615
-76.8096365070339	-104.82141390972636
47.81876665768894	115.28288725853963
-40.60172910961286	-114.48173093862464
-53.252754787326495	-54.60810620014778
62.36632087538141	132.85164144559528
-104.94897508818244	34.37600266791321
-30.650793192539265	-63.69608705082951
55.99197397292217	-39.824472372571066
97.49846823547112	94.00814698925154
74.91819269573952	4.1180014534160385
15.515682361566421	26.2936789563845
97.95692838081007	-6.611831892630311
15.618012820296219	-134.70880783020394
-72.68744269899858	-63.57222349867126
90.17301396282517	99.74290976758026
-117.8820170879756	68.67369949193423
-30.100670844076912	-135.6184381914871
91.34505146141251	-70.04518535022493
-92.4280241848719	84.82424579187435
76.7581037956099	-0.1495677951110404
30.25037349226995	36.44336182965307
-83.00257953812299	71.40121556436885
10.938047343992498	-10.883551982484818
-60.2140015899971	-82.78511737593948
17.900681312926427	-44.45978025247653
41.33213589104573	-27.039069664063536
-139.82579014925207	-6.4323608853925585
11.487428645424021	119.49769165135406
-41.734153349866226	-113.0311114859574
-87.90961256275199	-37.04895703758672
13.676214909491803	-95.45251926661464
-82.35925452371882	-6.072584499765938
37.03331519809458	-91.66024527847597
93.83416260462701	-66.37366804646778
-0.16975478020874055	-64.79371097344547
-3.058195913976361	-76.67153965719608
-90.06789555117886	-54.9521405860724
-91.57290401558387	16.491211166158916
133.7791009897778	-23.27227302807007
-83.26125050116268	-107.49661517559954
46.75297950658337	-73.30743363366393
-100.65377701915365	-3.4221297571226494
-139.51499166032585	-50.08778102796976
-71.00959408990995	-116.51544713523037
-9.358805344446624	-69.02732888631937
-75.26110359762163	25.316363734440905
-26.845071662249435	34.024252201709224
8.20348256280044	123.22225279036151
-74.90775976865487	38.973988469411005
26.497183582850568	106.63625543113768
-113.89174780129464	65.66483934290756
96.77369040365897	-97.18869204645036
