104.69468300582682	-60.95874370073847
-7.730611809308474	-9.940267719056484
60.2751918448377	103.01197133567396
97.3246640431012	-31.238846324864078
104.59739995088458	-10.460764850188086
91.5925561786353	69.58002464311181
-123.01394427604176	39.71543267612201
-122.26877465798968	-38.25110852266229
26.486406247368336	17.298800360131466
47.62885135507218	119.59354585586982
-132.82466660916538	-32.069728798666716
38.116304661575555	-9.001742539475817
83.94456354291756	14.819202638368106
113.79992490939114	-69.79268456892618
84.67097207662653	-62.65564492435967
77.98325768623775	-97.74282873370227
-76.36865510215947	73.95900343329025
-148.1111629720653	8.549182636137886
-119.31382194265763	82.63507749696208
75.26055195682855	-25.721921818615915
-92.34226130937894	-12.462554533441091
86.14638760387352	47.79210033151767
-7.29207964931491	47.86881099023359
-92.65011465930516	22.530924490689355
126.45595861296874	-37.98639898666699
-125.28737440108173	-57.95032483332845
-46.934001376574166	-133.17351988907032
15.371107299545008	9.555446836441385
95.56775959672086	-92.8166967603428
-103.16453753991664	-25.810871645353362
59.93419565794056	-32.34923414054925
-99.77718348607006	35.58478132705636
-56.25585430657342	-125.82185563954265
-97.19180312763868	18.010113253736296
93.29560432026335	116.53885415600625
-16.26747351870245	116.66508029551805
95.74002849014738	43.052636394127525
-75.78554820176524	29.85901138305339
-9.321252707174573	-12.718614600151646
4.6299968179428985	117.11490577622982
-113.78187245255577	6.880064985783382
-104.27171295995335	27.490596012617164
-107.57636100937496	-22.92764197427525
55.042921922410585	126.29144902558767
-82.51918300265723	-17.892952271192115
-73.16574627901569	83.83010981407195
-27.771386546814686	120.53037654916993
-58.92378798963266	-35.33996413192073
86.2218293210381	115.64701892868578
104.50062432630232	-75.26537266782131
31.767912691099884	-13.782098053718387
-74.3049625670378	-118.08333176835126
-47.41544928088379	136.65230857945528
-93.8931837609715	-95.08757084005737
-78.67146958858203	-58.31683642723053
-115.99743110050282	94.43556650825087
-12.270618656933	51.47076504698202
53.86857844312986	95.76955511524427
12.600357611960266	60.62197687046219
-56.89878556778985	-81.53450965665165
108.89186448771336	-94.91895884102931
-100.25192924053698	88.43317291937376
95.6093155681185	91.95489362197416
88.93971816735713	7.171963078688245
-120.37729218803757	80.81080693790587
9.95069717782903	90.4812387480962
-13.203194000938602	26.927271898062287
6.267106183023687	119.62964425869703
-46.39762849473481	-77.50375114726495
-37.9093295351273	-44.963237422323544
123.55379871419898	-75.92275824486529
-37.18445513988126	-113.82093749271544
74.09706267174984	125.1860348337584
1.1473488081017515	-114.52381386562968
15.866225062611846	34.42666472143973
-24.215400863990233	-9.342158181048054
125.97735666348295	66.27471535686232
28.22369467016828	8.64879407409177
-114.69081827098012	26.219680412727268
64.70366065308235	50.17860067343422
-43.358041506749124	116.58639872007276
-42.39057450341146	67.8917803523115
3.5236836955223656	-28.724249134266913
-63.660476510625486	111.31580915762004
-83.58433488615091	2.9946857213295117
15.745155941668425	-110.2046547461581
36.89508018832124	126.69149145242287
42.52062688590862	-118.34492207274663
43.53647110481011	-77.11955362192263
129.39707915522052	-9.082716481828822
-135.49153446283594	49.69775394291546
-80.54333645349152	85.07173023132106
-37.367685070233435	-120.13551713375224
130.3675329740746	49.872231643090124
133.4997482728755	34.05482458276118
-45.271769615280114	76.56041238349691
-19.173250009472195	-148.14064233539395
18.86297384481975	16.93880806870089
-98.15068688814438	-112.10425071415716
-9.094949663980907	73.83913184625304
-57.66228557807051	-81.14736260135703
-135.88621430340828	37.65545595719514
55.56981615323202	49.085582400160106
1.2140866649524118	71.1063484022089
22.752782546097798	118.11967675049675
64.41524804281993	108.27424737893915
-12.709379416223173	2.5616536412239492
96.6161341952411	-28.289890820262364
-57.27018968853651	-87.89241932813658
40.23348769377081	-67.06383870417173
110.06653717743053	-13.146329256475404
-57.06392802870298	-14.88973624878989
6.390137378270665	85.08993293027267
113.87103589696686	-55.50918787668422
-44.17916698573904	-133.0729059820425
111.3457012559197	-29.379609431961544
-23.904935363939583	-33.355002629633006
19.443224541823362	-122.03992416061915
109.86075741271888	-90.1474622533653
6.187092021881682	-106.34277530579176
-97.33513988589019	-40.42202098749096
-147.0362373343676	26.21355466601222
53.23130101120348	-107.1593617582739
18.54414496028812	-133.3857750106081
-80.56908334750055	89.74812659469988
-70.4986310945269	0.7388920664048556
-52.874360269477215	-59.96716740024921
120.44692485027045	21.700642063415792
1.5474231467123052	101.28773819284851
-0.12848822523141862	95.38243428765675
16.693275694057522	-15.050033145595874
-69.10935040591313	122.97236154089008
-135.43466652171327	-39.47975906056194
49.95004186916492	-88.75158378065593
-7.643203049704713	125.33241257240213
45.07451402960361	44.37593541593878
100.91404762062471	-33.94264347333093
-27.91350595367931	-95.36935109415737
53.77935517986506	109.00268941498332
43.599795260240356	-93.09183975521009
24.48017117097213	-103.03151255558444
42.63773454886886	-69.53814690758395
-5.411806349614315	32.561229075195094
-136.21028369987235	45.60524303511138
-5.749365777782707	-15.561372756614501
-61.51424026837184	50.455900416451584
90.81191409327793	42.71345055233638
55.453257514285106	64.06648267724272
-91.3272920529709	-63.85513137324939
-72.13960736332798	71.98728978647195
75.77367036927905	2.5624569651756914
4.703992715323872	-44.252970498109825
-48.182278057705034	27.803087406146272
-40.80004924762173	96.32007859047073
-31.347094032003728	-134.3545094532664
-45.70507379125022	13.244670550109033
-41.93663318745899	-116.09678059265686
133.04049828309152	11.057874936574503
78.7755394988657	4.668044423956948
-114.0359395547952	-45.068759457331716
123.52172191560454	-13.863187597724032
-17.66904401030696	124.95255632381605
-57.940499329087054	-129.17469991637114
44.437293474798956	83.61915689412601
-27.92724475723276	68.57896614762215
97.57344752607382	52.11460318701552
27.474540469873222	-25.54384512492481
-32.129976454999046	80.50394737223374
17.2582676639702	139.90967639266455
-13.300962907044086	-108.60193134212776
30.96183621269405	94.16240780549921
4.721250004008219	77.17251965028
59.70385165113302	45.48519543663007
70.98777556634668	-16.8673116040813
2.027307329612983	136.57835684210232
148.81702574532318	-4.056010682189193
49.09325205155967	98.09595991500903
42.02590698317401	5.484070443557758
103.06147504008403	-79.22569593322558
-123.09340050761246	-67.68854613913433
-86.11617858017794	116.34705683433049
-118.52548793101171	-9.957609964080959
-7.192363970966027	106.5508735244934
-78.27503751852717	-88.5148748909891
-12.699826081377037	-11.406382590234923
106.34530241041139	58.63125318002355
106.98165843683884	-67.24558428888383
-123.5581641117161	31.28998087558892
38.024801010338756	105.93974503738406
-44.27646360268356	117.43335610281642
79.97301630755237	-89.31990513934332
-37.8568752038246	34.1503506022088
-131.5344648087449	-53.9623653950775
112.03340174308386	-38.20845216506807
-74.09584383984735	-104.33206248095097
-39.523360365620526	-78.4402523169829
1.2932088497086411	143.8096544951884
-52.226432013249415	-92.63506106443171
-97.0926704884492	76.48952967394439
124.09510986707286	-77.6176530856985
