44.306294134797476	-101.26767529289305
105.4825043243416	-72.80680673416471
102.65623977415083	-39.44537475259027
48.99277802416507	-73.96870362120985
55.49443447753427	-67.7053567386311
77.38262012653149	-48.24571945134949
123.33305191932449	-49.50688549361391
32.89196051759065	-117.53413197341042
127.08491238888112	-40.16464706874378
121.36274026487311	-43.70932474741565
56.407337826478106	-74.34829579732539
104.63619435833265	-69.6052797461183
146.34167595952417	10.375031489684863
126.56604506417	11.502496398498472
114.8432059621587	-59.376517940191086
-57.72045219122988	-64.69411086915039
130.0148940353497	-40.48608164380003
131.28831964430253	-52.55363105468383
116.95700623573013	-49.70709180543463
12.594053468422576	-139.01513517958134
38.422444158574	-61.49886947158057
96.62038435689544	-93.0321496088182
83.75466803616757	-88.0498091660313
45.09295691965331	-75.46767469595459
42.502911701060945	-137.4357926246564
-62.10924017274289	-99.26018848247297
114.35575578379827	-72.93411964756604
85.99465412916808	17.230477471828518
26.84420324206175	-58.06659419268621
142.34474171426857	-6.845086223461697
-93.65130522751569	-88.88913820242709
108.847811981573	-92.41639245809418
108.51390234470206	-12.629381527535156
115.93042296571686	-27.098221983596517
94.01196952234798	-78.16258487799172
86.53426985221381	-66.05206149014232
49.033309552504946	-99.29608706962131
-10.376264512607769	-57.737821022574806
120.62984039771423	-68.2805689303468
122.52975297541735	-36.55634817778052
115.74857095754847	-23.597941550808397
-47.63061377768599	-128.11883034468835
119.06149735236043	-80.11724397630775
40.037416595670685	-38.70668305805565
124.9073955485981	-49.9527694997457
-37.56861259045316	-21.287361592319503
-96.86128968182959	-3.923197223011597
120.074783900216	-18.78869039053113
52.860604252926784	-50.231493938827604
84.94955371155704	-76.01281106791672
28.760079052820853	-143.8149442876637
133.74246369455784	-59.293775922833504
112.22568748662255	-96.60024769943794
-46.44663212839061	-86.11390182539839
92.97614311957855	-51.8013660917141
39.398031803586015	-83.52354885248772
-35.53426009964309	-55.58268514740688
63.443344015693164	-113.8027525799234
46.16990816299237	-70.51227889446173
118.31033652199561	-81.53775435341738
4.3340139365956665	-102.47849996754123
-52.447375171244495	-71.54346450732983
53.54909082688872	-84.36313065028615
-26.1798961019909	-73.00310200469681
12.694007855580216	-60.70610380429602
12.955204825514427	-76.85899524424453
119.91792254662933	-65.39884266720281
119.53553693720413	-47.44494118217631
-16.598003457781807	-65.60083715750952
-51.75817686832956	-91.99498078404098
-51.58664474117233	-79.85738229142923
-64.34323359165046	-52.05552923792806
58.51724943237821	-109.56221611160372
122.21803068645285	12.810508018999807
-60.33193359608233	-111.1772930074954
118.00533253281598	-65.17897307862349
101.11861458646258	-55.132111744614306
97.85644658125588	-51.49544839756742
105.24777917077269	-68.24270533959462
148.52843718341597	10.31822904840552
53.82733814755293	-52.876460315162035
14.837778764296711	-117.74238341558328
108.26468589744621	-101.19979002717429
109.88203408921251	-2.4683622559247427
85.86126597845801	-44.15962680702653
15.535316429780362	-60.43876892861837
123.7661981604658	-19.549775564016215
26.37678240225787	-88.97516543945889
85.03903828439636	-93.6587117085058
-89.30768599622232	-112.0052888561907
101.73930531161335	-36.718505046233794
20.146429964112468	-113.90214733215237
31.79920726923989	-117.09149922264976
-71.32127810963439	-110.57180631374393
37.27079718766974	-52.860259314824084
-59.16427224965507	-48.62372067033099
103.42972017645441	-36.25184713327002
42.929738656922176	-92.14710775445934
137.48494973208687	14.487530777356362
8.339129927193637	-85.3948242012499
81.42011465885572	-64.50354078607728
81.4720784835409	-109.1656563695028
104.01881361294143	-102.09750978257601
38.49094499498702	-102.52296840320746
93.83112778582583	-20.334850806459436
125.30722215422453	-14.435336794650329
-27.630422529975665	-79.13588686705678
-90.50517666649766	-69.70179362509504
-34.08704699512273	-32.911647608847986
2.30458892645993	-20.27782029918353
-19.44586531253028	-97.38087099042968
10.666429027547302	-45.1839662399967
103.92338258799617	-44.941209711394315
132.61257903396088	-33.74403246147833
125.78619303053786	-57.884380733255334
82.31501576498478	-63.15361806964195
-75.20830648258155	0.9539734018410418
13.970283429380101	-91.18709923092904
-0.289134740830007	-93.80252998126879
-23.779941063141614	-23.30749685838188
75.40464761934919	-45.01963093019799
81.64638013723982	-125.69873265071126
50.434684222141165	5.996683641342435
141.42792652376195	15.436826194497131
37.7107029944193	-67.78895298692385
86.33970496178077	-40.42746836979694
95.69118591361223	-109.01991730739246
46.51343704361763	-111.97909828235484
115.2066952691437	-65.8855445566175
-71.12912298134452	-101.67663958930221
117.19060069603032	-17.494388774844463
51.69230658273002	-120.78790823010216
-2.0837507653800103	-91.55721862754385
103.51645954008222	-99.1590675056406
49.42501643641761	-99.45049491517315
40.371641155361075	-54.404644857950984
104.64288526799841	-23.964950055289847
-120.5463046581947	-44.55074232888712
131.92615680712254	10.924497533089488
136.9564570653359	-16.864006918587076
-58.78715160368603	-67.38828795176411
126.93451633318068	16.36945030390871
60.22320197431129	-79.63413364604924
129.7637367133678	-64.78769602679742
66.77091038240519	-67.1549270477213
-26.88492262142012	-42.326136867342335
120.57213502929804	-54.95559373250728
-18.83193251421888	-26.731962160178096
96.48742983364589	-63.561401421912834
-35.04883966082967	-70.49731858820431
70.246044149274	-93.93217858778961
-73.13144045378714	-43.528757464350264
141.8883543299624	-1.009690559357739
-103.6995063190703	-90.66340703106292
37.13040678740333	-80.82131287326023
-71.11019931665447	-75.43940108075445
116.3400068295131	-46.786715593183615
124.31597668247225	-47.38724091619301
6.528113782811372	-119.60137843437465
83.3403126574393	37.248999087434406
-56.84394065378466	-72.08910186482201
136.4729966724265	-43.34560702227037
59.545489743516384	-117.39401195280621
79.07077482016345	-34.00425028762422
59.63988987942601	-27.306300767608036
-33.504181193614016	-97.80587458377843
20.599213957625572	-69.63652715349724
-102.23694166577542	-25.064897238640473
109.15740944945975	64.57036783889608
22.761517674042867	-120.34851681575067
97.48382115573973	-100.41191895301755
20.853254854871857	-56.055397571448324
125.17995749366823	-24.214209947572808
-28.7796975386469	-91.52638781940111
94.06007853614277	-40.16155989087202
146.4285578328439	-10.145423469552592
-67.4891719968443	-109.87084114746838
114.00151432015215	-81.78615095943506
130.69355765718743	-20.212945978701864
96.35895789335089	-92.97438514278713
-23.976497793025942	-37.717692813334175
69.58159083470173	-116.95310587051254
145.56304715421726	7.570373701091853
15.340063012587033	-138.19274041779985
99.87462713210287	-6.0097372233782425
109.31698037050758	-1.2162799513229083
133.68927486751852	-20.896463310642932
112.16863603472532	-9.443846568840664
-62.480714904414626	-91.01472351571174
120.02310569638763	11.377096687644295
-29.055912278262458	-117.03122506128355
114.90664224417635	-89.22595114163676
109.2285295797938	-85.97924639224004
-50.63304142105038	-41.915680290719614
-33.94674597103631	-75.64094919020572
141.85279000087547	-46.63541799188054
131.8430506869447	-63.97287689348307
129.46782752057774	-20.468588956477614
112.94768229378504	-54.80875827281429
48.00753128077983	-83.15837313206218
