124.17132221301391	-60.6261642153861
12.261724788131124	-141.60719025564364
85.11809306581142	-78.580291296612
96.49934241355074	-79.8885436250718
34.83633907350466	-98.15059818548978
69.99874505059225	-30.089314786634404
70.19713621526978	-70.66181139108267
123.57391980605853	-83.24391709342716
-82.42524789034144	-50.99156838651954
140.9313179408089	-32.705538232929996
117.045207122503	-42.31279821085012
-51.157849762280414	-104.9398450936708
120.71333573629552	-16.84242438871034
40.56912389021657	-103.48825968167466
79.68903939245685	-57.33022337924025
75.92391107409374	-117.45929639584416
126.10982422369594	-64.3079937266252
144.6422465354112	-4.014337796359474
111.12098591372991	-24.534064749415524
55.27327535768477	-36.031275525120606
111.77821095655166	-73.26992117705007
-54.72823114280476	-63.31600299388647
85.03578507852103	-97.17935353316602
-83.95838534452389	-104.75190071215835
-79.86982239455887	-97.55796746323537
98.77743216566137	-48.69663149942638
-68.8819582150537	-58.35965461071463
46.03737952500349	-111.2876544890071
81.33481389565246	-29.151178801040764
-20.664665351555083	-116.40239655032822
55.12499197656728	-44.43311285696323
79.90392695388664	-46.745457796526026
38.093605523550856	-67.95481417118523
44.29697116640296	-63.88892239698637
112.46665563412769	-47.782966616770935
93.35207975308597	-52.61166743865278
95.25920372925785	-24.326514402368634
77.19745124026628	-55.15645206445747
4.522519290504513	-97.80694479540874
122.81467766837731	-68.459050037626
119.7491250642167	-60.80809090287738
-57.60662171878809	-29.6637595927187
-65.14785230870595	-120.23850582644683
57.000100755877554	-35.52611543627971
98.38077294688286	-70.52745556595356
48.76665304368471	-114.72033473020642
116.5793021750508	-62.12477372679848
-67.77733181425809	-46.717465881306175
-39.345626606018385	-118.627138264925
-98.97567592860514	-64.94801799566913
36.56447291310525	-48.56968525477223
113.19673694569677	-23.413838061493927
138.67845233563665	-28.628692112183952
18.701319587485642	-139.80953155476612
71.097749275561	-18.608617597602187
46.069158604354925	-47.74954891335664
87.36007580738185	-71.06249302391915
68.18297567232518	-104.7007767143395
-14.754175312941683	-72.30307957084213
61.022134880332935	-117.47798283334302
51.76511626649365	-31.9031742933875
118.07203921182676	-66.01449352663285
70.66728664526444	-96.85348054683253
29.622486404620787	-111.18604261609563
128.95313252691636	-49.03770143726581
53.04982263817263	-48.5218910771359
48.88206208630233	-66.60089060988602
128.20750700063493	-47.41061437814269
26.731938000301838	-94.03907182962935
-43.22373454316154	-91.86487957161664
103.43194733969133	-91.03010468811745
78.4032324650263	-69.07676030020944
95.25331856791108	-6.3057172980307845
-78.98879603980106	-118.07596146455934
30.28008176711542	-104.71588174789385
-83.0117300540623	-118.69165511891198
-19.56398721791128	-36.41698695289645
67.11643472891309	-37.113260018711024
105.55854668772439	-69.0895946554104
104.58618403074807	-15.496482125440526
107.71834160774948	-48.08860323014815
142.38116136588266	-33.2949242829753
40.38365454304105	9.185503427331879
-31.57707302583114	-49.910295412487166
138.660746767122	23.06256603055191
91.73094194365343	-60.22577111714797
115.99899353355977	-73.09627537102276
90.10976210193327	-79.26935914211815
91.13907193645626	31.559746147070516
44.5105075953745	-76.89308478904535
-28.324218581733682	-23.604605303587217
-31.801305978183013	-56.33480179208462
136.00929183848743	6.558880192305715
-54.59513165019455	-97.76730097573962
107.01279749051429	-23.6778508341625
70.39029076846764	-96.32510005357919
70.81701143706331	-44.02029508675092
64.35774513873179	-124.08555257899286
91.20953635411321	-94.96197297981675
59.30661996807334	-80.54958098659498
117.37252818728189	-18.33630292064665
115.92206041578862	-57.22384202998927
117.46569158225257	-29.0782843148878
34.744390785453994	-102.94782308667254
119.48178080091382	-66.91764244797096
-78.77318235315526	-106.31959451755917
77.61920347507792	-98.48176345882314
-27.170241219193873	-146.60218885839106
128.72517044502834	-43.920010316155356
57.48640644690741	-16.36550486040229
87.0766457917694	-79.66435043435162
109.79465275828626	-102.08977857865966
-111.36605580990165	-43.54268092082044
68.8531661020158	-34.174146675939966
114.74084302336631	-75.28865892863679
34.674897108884196	-99.87512279965844
138.88889981856457	-50.963769621943825
-30.85399864815756	-50.06626506236464
125.9086033761422	-50.665364989194735
87.35236956855805	-86.66653909290069
-51.30921860146054	-46.84311778094053
64.01621606445288	-119.61951540247567
101.94054753007336	-30.628758849906237
116.90893390448699	-41.81978312881419
105.68285389766008	-97.06366116811766
113.5179824500119	-43.23971498418176
43.500578815534446	-42.872087620308015
106.81267896823158	-37.86272344468789
82.08374189693393	-41.59589546571701
-31.788103755191575	-41.065605125425535
47.246381586999945	-87.73849848021581
40.0010998015219	-60.57246961750816
-56.66663525385313	-101.67465043994756
125.14704331818179	-29.303051911054496
63.37074411598858	-76.10046517009782
118.82810552319604	-16.914132035228544
-139.8325264693119	-7.488903662961211
84.65743202245439	-95.74695155001262
-20.19151652854158	-18.510928487009753
125.68283911097052	-46.591724172310954
41.63494521045045	3.825222027764099
100.93148259095382	-87.89458865193187
82.01230531158235	-64.5440639266761
134.2403434890313	-35.255816088274514
23.790961806840713	-100.81530764561481
-75.5897276745597	-50.104369060159875
144.02994492058244	-28.308840186774095
32.15395103839727	-71.38078213395052
-100.52912947011288	-82.24096237367047
101.14242372509167	-32.87298673155502
118.49810711228841	-9.435328108069717
74.87403437574012	-61.630721658775975
123.21208052171494	-76.53443219114426
69.04864725696574	-75.21004322623874
-22.957784886303056	-25.73212919094972
129.1941972386678	6.3367791480715825
74.72191149926785	-6.104694545266431
64.07744919974084	-65.85312946211144
60.54034723155452	-46.3307163374107
38.90971218841531	-72.3011827198452
41.168520483312946	-91.7081921139961
59.743282221627574	-88.71184094962436
110.07553078938564	-83.99529645337991
-39.12989976561078	-88.19323932194864
91.11223115276563	-112.63324065014423
-135.9267614856598	-33.518611031530796
117.99867427777752	-85.48504783666357
91.98616767336262	-104.64531464464358
73.64084720035257	-74.18125236803772
-46.97752154211133	-109.98872632090163
58.18732168547005	-118.26711579211012
141.68859160767704	-29.150213275776338
103.24015152394728	-83.21112967764763
13.311495890126873	-79.42277700369324
100.02205701128224	-90.32366612624513
101.46151030874863	-87.22371343424037
120.6677582909849	-62.230708596841346
88.05652632511094	-97.43329086705631
-17.272753786303426	-96.59824278057152
77.22126242483908	-98.5607430176889
-43.174929315820584	-131.77236007189535
120.79382885750577	-70.13474274783152
88.36725697741346	-26.402421835674286
116.74653352060058	-77.3215573971643
122.1196569673156	-20.892136783547752
-101.83433068122604	-23.499784376559056
122.80471189322888	-65.17165632765315
-33.76908624954367	-86.95787070615836
-18.397564864937152	-117.82422915032834
123.99864946486932	-44.55579422708968
9.212726130309854	-113.29580484509704
53.08285327222408	-96.27322983698402
108.57157971171236	-72.78806917232664
2.1056077082325078	-146.6836777237619
40.26089578448524	-69.40505246682284
101.51470226408006	-97.6751982839135
83.21182832980584	-112.66283246227961
61.9343373608949	-114.1938038512706
60.95335526404569	-68.42173336140826
-42.012182592879235	-26.041162681947753
