20.210980129983724	-85.13385920946436
99.75472273881729	-86.43961997444738
63.755170313081024	-130.1155318743371
-89.15935115201904	-79.11640376588686
90.8824756748723	-45.78256625129467
64.4198768940588	-55.6568132968977
-75.78767447290114	-100.84465809466023
91.04224505848515	-50.93674578899879
-34.60708094952844	-90.45078910737348
117.6486682778947	-57.418075292174116
96.21634164045163	-5.94010591818943
122.95655544001909	-82.63779689528347
51.98488979965578	-80.08541809110508
104.08064734247408	-105.49355228606903
90.46982427037996	-100.23820726333052
50.588827966562356	-100.2473305014711
121.37839135769093	-80.45210129608868
113.24084043398463	-90.00687673414852
74.45820457023841	-112.30835228974992
77.77059279428194	-40.66388653623629
114.9418133679949	-74.44148406038066
99.5754372189099	-39.814156497069014
77.85642009937958	-86.12032100279515
-67.46789869407571	-116.23631187339245
75.60027147440475	-86.3270758377168
-54.79978954120208	-101.3684224432881
71.27532735186735	-129.7673665002971
72.07559287389685	-32.823691361489914
58.3343681230641	-56.10501244002509
-34.24620443857528	-124.36423725328429
2.7435876102278396	-131.6233474045814
106.96323638074637	-51.56477020771263
84.62264422930049	-99.74097958918482
101.99344877669184	-93.35433353609739
62.529587118185894	-81.2774127601506
103.37128786779607	-23.17331324587138
66.14556801001937	-58.478161767463085
-77.73338642539962	-67.51347767376514
96.24016493724424	-27.710003642840952
90.29454884347577	-71.4476678275329
116.49267637356985	-71.45771872286845
-36.0813749658906	-55.545883540193174
108.45323991418563	71.09555335896655
104.27746979051084	-84.90665093703998
108.342624411739	-81.19791043037789
-98.59777829218356	0.25784929991766653
88.86763585176192	19.658204942396978
141.8775243722157	-36.33018850172311
97.3728824149203	-64.16339645757303
121.3976793279601	-9.93050148137815
-80.3446067042775	-27.403899240055743
-56.97403644679985	-11.09627289669111
-5.672437100240237	-36.61473871579263
132.64552697573538	2.730502738264041
96.78530976415236	-87.26669056439438
59.353330578131484	-46.55703417334137
104.39884772510737	-89.11820923775457
90.79045910274294	-64.12684534983458
57.070579118239856	-93.459795219216
118.77728844055959	-73.29525181558407
121.16904049047706	-65.44871785862301
135.98667876595678	-47.921165685318286
140.14061803230362	32.34794661701605
90.3971779138288	-60.35755672871921
68.54344729426455	-71.05558990602559
114.70501499501775	-67.72006411860549
116.43766066949713	-58.542475053161894
-70.16225613638558	-78.20613644403802
104.69485055252667	-88.25367132458491
-130.723638334289	-52.246052923072824
89.78148385184691	-110.65243479157918
81.6431013476255	-106.12581336958792
117.69719033034828	-92.23820329554516
-98.79481379909524	-33.3195584170692
54.881951405203054	-36.921835638306604
-31.377316158145696	-23.19095477738417
-77.62511078604886	-94.0887140882023
15.42967557334926	-104.39818939246668
90.8621257847672	-22.443369761385938
125.44269547279735	-80.47639323157783
-137.36971324236478	-47.189601166028844
-96.30368508727113	-49.52406122196158
63.21146178261069	-58.991169296457464
6.411858713551445	-88.54639821956032
24.7100077673644	-93.7145457762634
92.82541077175048	-16.520669313729865
-115.62451601193953	-7.870152938406307
89.86358830207453	13.725247261078081
3.8894273011830163	-144.6260632801457
16.715364831083598	-96.38892367809422
120.84633850446885	-26.03733842638283
126.14648474932163	-20.08429361740509
100.3628765377516	-61.31038600294681
75.34720964464421	-44.52298035526611
84.52865211960938	-109.46010587659559
-9.19715666121913	-70.29382395824972
-2.721604318221056	-104.12715816604383
-72.91761427400674	-32.39151760639704
70.13429490302933	-78.64638798356843
106.28431293165231	-10.299516196440916
122.02285262176838	-79.48651595657171
-31.34212718944111	-116.16032539491692
108.98466218942914	-72.60854242709199
78.23070218158131	-22.73220970632345
30.304796045179998	-120.32602104915776
83.33400554051609	-78.83255804976542
43.64008133525591	-104.42210829019787
130.74854661774427	-35.01251308586881
102.04783506802153	-76.71726261925637
69.67511315372613	-42.5611474387992
-38.647929937436835	-59.17129428823817
111.49459010302655	-75.12301910693506
74.20428389998202	-55.98862689126847
96.59031944439631	-52.929551981969446
-66.29130068578182	-68.50216945992123
130.97883464783555	-51.65227645581374
43.36969090817598	-89.76534236175897
87.1861513724761	-111.40660164836328
43.979187879385	-76.80222993943345
88.00165719273595	-96.49640303388546
-36.586945560181974	-93.87264538026011
60.84374725300355	-73.87404325731787
93.86808144429786	-31.4956894966081
53.065450717272235	-107.44234155531848
89.16627185035297	-41.8675344691076
115.65245058365493	1.7315201497350081
141.21151332123162	-16.201918691047823
81.5462927539233	-45.4023285686296
99.93517409384447	-104.30093734031712
-56.74434837149802	-96.77294495012967
104.07801117283896	-0.4451400087626441
80.62379835899387	-85.42953626444483
42.95962039525522	-78.88993339046775
19.52503977219222	-70.18022566761344
115.24030470664933	-79.08092156010835
120.31556563717373	-72.81078940669147
107.76420177430442	-29.399589962244047
106.76698568744074	-73.14601713418102
-17.171661229522638	-97.44573056056069
116.58870303092618	-83.89791102160949
36.82624761397697	-83.20906877113448
110.36073082579941	-35.13776132295666
17.7770288304324	-89.66272258708325
-6.8497921587031545	-105.7280780650896
135.50455955094188	37.507767699616835
-49.03670771459422	-51.24119104712818
139.0725114110239	-5.9135324220719205
96.6802915401854	-17.424228822671814
13.626607736414211	-53.394549363516006
68.74450873970602	-73.40981973391737
13.17718814183246	-129.0573016903613
46.6832402412999	-137.7061252005953
50.59331190472834	-85.5142437519906
-74.83979848742332	-88.28198621161206
92.87493389955785	-40.47522279774968
-61.551666865961444	-115.88454573249315
-67.50638019025754	-114.65880484592269
124.72139380005564	-45.18984453906459
72.52133259708961	-50.942418979985455
50.00280268355128	-84.81391159098285
114.00075634517734	-54.90558521050305
107.16712490853674	-78.38283339644788
40.29972149025399	-100.42904334773621
-13.69391811593636	-30.85808707631225
52.414351207532675	-102.96527937670095
114.19685371242406	-14.881944569859964
2.598784126414363	-82.04288295916737
58.010148944240825	-13.838855101794312
128.00071258311746	-36.43407207763434
-80.02392908154003	-68.54328339696204
99.80277950203887	-52.77537941070426
61.934009252707845	102.82917483417582
62.50416998923648	-109.87575738236448
126.49397581340328	-44.92180174900439
103.6819204246259	-101.21727557482942
56.374706051652275	-31.107636136234138
121.16472468051077	-36.54029889322513
97.27235115513058	-71.94821889152169
96.58758093192263	-78.28870414658776
86.32552864112944	-53.325836346297194
85.7828580904549	-67.98110901285605
82.13281228648316	-64.57044958149652
-103.37670293722293	-46.05224044684181
60.87969886263272	-30.324048086358463
35.68470590292009	-106.61649886863549
86.9391781271469	-107.90119306405987
49.188684553807676	-101.86763589899823
145.42491726639997	5.781803690048691
59.97584059441463	-28.459793061808572
10.796791401899595	-117.00941805899166
96.46426620610784	-95.05773878555812
-59.183876896673354	-16.746097746532264
117.82050262995871	-10.940270115333137
21.37439639489086	-122.58688139470897
140.588713763113	-23.329670058656482
118.30988797332114	-70.41602853911502
44.63846174700881	-89.54422783653666
117.06729116471763	-65.7212085846899
68.63564866210878	-65.76040246323345
86.16960601446434	-94.26321662875782
