82.94812997138689	62.98325405005288
112.52036270123781	76.61668664670825
-75.29391510258105	114.2186826841091
-90.95987478732262	-13.641361967452326
41.37330633102189	129.56720038590646
112.98875098749484	-50.86754193469159
-82.17521946966632	-49.59231374028828
110.83896948903288	-97.63757672060078
15.654936295567305	21.214268647613512
57.56240936651774	72.77694707356882
47.46601156043455	-68.215923844193
-132.06530137420603	-60.111282256317295
43.82607868412382	-17.80372543932951
71.73288212751376	94.78894316468009
125.28786392863917	20.66595564296172
55.727670629539915	-32.223947102121095
-18.35227507125342	-55.10910149204545
11.531910359882165	-30.71188760923815
-17.0459851700395	57.307297967475456
134.82614252271287	2.598000835478811
-144.89375864721322	15.646483640166776
142.13439389104067	-8.933896014134131
75.78655902729783	-49.75696308629398
114.93373687837233	55.87875348762068
51.978258465736396	126.12193798320031
-50.741396007800745	125.32451565102397
18.175221403093165	-32.864458175420346
31.452350815183085	-62.003492094329346
57.72117790871483	133.3961264864415
-126.24968232925025	-26.625297178836863
-137.00562631077918	-1.5451430182737902
-92.32743407529915	55.167181921426504
-91.65627750151467	-21.044901642784264
-32.15307144393487	116.69923816712954
-101.12692443095176	-20.313085450960113
-36.098226725833634	-84.30044816949696
81.73627881541435	33.858247139618804
58.35303402290862	-12.158568653087064
55.378077282085414	94.04820740431221
-69.09402856037916	83.20194143529143
-113.33443608111688	21.157042973725478
49.45120175788671	13.023474493831596
-136.90424578642336	-42.93011680453168
88.43755617673102	-94.20754443525925
44.11944728098256	-31.625411051166335
-19.463375543218095	37.50220990409059
-112.1590474625446	-43.42882917866933
14.689514113732276	-86.41776069819993
-1.5148418841960665	84.71303153077238
-135.2824657628668	-24.463305838545473
-58.98861997154755	65.46804336665198
-85.99841255704537	82.63394298514636
91.2528550937322	61.29512987567644
-64.12830505340294	42.47736572876421
45.88231442595351	73.18958140107502
-46.12089923769263	138.183583237527
-41.731801815261825	75.59329576258844
-120.3877825229394	56.0968717152358
120.66504708290752	-69.41646014994342
-27.184686000295077	-29.31463375244107
120.57782743486902	-19.515667703025482
-109.34161710688267	-70.01980708398621
33.76036892023206	-92.87478336220263
57.09333026882622	-97.72495002286746
-4.165480597284901	-60.19369168517741
-40.82168428984717	-74.16049122279139
-109.77040393097269	62.23315120935161
-106.18944032515994	-47.76667784085517
19.184265317041486	51.96771301322866
-109.80773433238797	-100.86306156330423
-144.67361349352572	-13.030764951113865
23.77082793832022	-66.91477142497472
114.82636764285847	-80.65431152736889
52.07421273175731	57.44202015903066
-40.861648911259294	-104.94977885491349
126.17001682681875	-40.95454102603594
76.5328333223505	-43.411173061647474
56.54448773952109	-96.40299403589667
96.05484870792998	30.106846775979108
-2.04121624153253	130.7681242080335
61.89945909841471	83.2986214432765
101.24626984941217	-50.04692591131926
-0.9621313613339229	-137.92796129432926
-122.88557426640051	-24.872881498310758
108.03285134783488	-14.061533559711323
34.67915826943582	95.79361612353121
-33.634342626291776	-41.48443281686515
-27.52793249025557	-22.59333532502721
-78.8057655008024	123.39812973264111
-64.50995538450461	5.942500617276454
7.237091567476757	78.59540650624156
-51.83528524808257	-105.16389722738417
-118.86915783140044	67.07050004542889
135.4187723084118	20.18540005798187
130.14716994043155	-41.5786129229134
-148.3416005246157	-1.322771613300835
-9.741431046781445	-34.03561477266261
31.044864441977257	89.62589387051722
99.94958557716427	102.79009984311833
83.86672912463978	-59.00400530422349
-117.77688842367547	-75.71511460904405
-19.914245087536717	0.8324558110989382
-105.58904458138976	-14.114871038835167
12.473728517126036	143.5255411243125
65.42199151143176	-39.985346773801616
32.22313420219152	140.99284234890368
7.5457019257893885	11.567253116147551
38.13554994964837	-17.93179945737474
-4.927238616927937	103.4614726660302
31.76991417168423	-37.20502309590734
10.044272884652441	-70.53404980628412
-60.32284602627592	55.27628088345814
-2.616974390522907	104.05196613092589
5.291138813658032	-93.58718205403245
-117.79717592884926	-82.8984150198521
-3.5839661281696076	141.14703351556915
100.41924100889078	-82.14360039132735
-22.083496981789995	-119.77794521293535
57.08524647002408	-36.591645093267935
-107.50005618925422	44.551416732227054
39.84914712350398	41.48442771952477
89.65855218024514	-46.341387214741715
-81.90152648084039	-60.63352517382446
-97.92165864471336	-77.0053426142705
-118.30950642230037	-69.23302684252057
-83.64504049019611	14.656338657001855
-0.9643711102173885	30.424475376474334
-24.65065430651912	-21.193834112918324
-27.49809697321163	-137.5768917708013
90.55050142985061	-52.37307082028959
67.1564013455133	32.715453196083054
-0.7974391670757925	26.94096244121778
18.203100257703134	-107.54461747124101
8.740222408097159	-54.847434388136946
22.888439340225634	94.12359351708955
42.97115288263605	98.81917125638478
-48.210384751739966	53.22373655157759
61.72822354936207	25.757611618942043
-2.5984455341493975	-20.950648471954164
-55.41604306618225	-100.51507267937068
42.39110389584679	-52.08571358118451
-127.21070743842272	59.81284096364775
-76.12072158484865	-88.26442157153991
107.2386635652185	-31.92477808935437
103.01156263324327	-27.276783489635573
62.775924260008196	30.06093972411764
147.67761377007093	1.7485386498592397
142.8698197627516	-36.69766701213065
-82.93669949585136	-18.71185265496284
-40.521607522910436	-125.78896757774959
44.1815990317061	-27.037433041926704
-121.00363714061315	54.037198534522254
-74.74915400061464	29.240938221033712
40.1901336884813	69.93052883659107
88.66871139026073	-59.586987530513944
-56.330186053862896	-75.19515793376584
21.84444757553684	46.626396247511
-107.46070552214363	-42.38434244632211
-32.71332560392324	61.16632683946944
60.20409216024464	79.85150196784053
29.928368044924444	65.58988723394498
-129.39144431083196	-50.53238640470446
-80.17006260200105	-34.325628923775994
35.091462391148774	-136.88364706379207
1.0848317318366953	85.65051733759671
54.869351547358654	-32.06303762858194
-113.12664754541319	-13.29063864124061
31.737884370705903	107.16019158916245
-100.91834912936132	61.16405679846517
73.07445389559896	-38.18723812778082
-84.05081566432337	11.60866026239871
51.589978586593865	-51.775003513331406
77.57144019400194	121.94955307950416
106.2837925539404	-63.79858462801685
-118.24471938362284	55.081218993029616
60.844184027341555	-25.81968091334792
81.30246339788509	-90.96934093380955
-70.21457007195188	-110.58870325676637
-40.90575263428473	-77.66583425572676
14.266100731123178	57.83218850873728
-99.98863143635548	-75.39807157670931
-111.63851340661543	-35.882769473857785
-57.40527538397159	98.26517664610296
-64.05175191452078	-2.263318262158948
69.35975141037171	-33.09527034404243
118.50857623711744	3.952121584407035
-101.924350401076	58.45611034983012
-56.04533354649649	96.64462913686386
127.58419291947177	-31.708192187509727
133.57032368478448	-22.10781724988906
-67.72545327740704	-40.43304371851551
-56.63435182789057	-18.404357896600853
55.21577826987237	-38.43817077256411
79.49061720450416	3.2695083591889493
-134.98971261422997	-55.696681876337045
54.88908053910783	8.56366899642692
137.8093290054808	-27.941409939003496
-28.86365047791951	61.17910193180499
-87.78875426674142	-11.53963465210969
-46.23800872128407	26.347323885120908
