74.48099451523731	-95.64093163663533
44.95080141880599	-36.15450228760096
143.85581677881865	-14.208734329917517
108.9872395938455	-96.85418943659663
87.34966903540854	-68.93869884568313
75.81999691792959	-108.38466316984456
-10.929203270881466	-140.88121781262424
137.2058441081655	-34.83321625993268
94.33353297605382	-86.98083709159816
42.242197797149956	-77.16570085750568
-41.52320969820041	-90.63042357578476
-104.53976465503825	-95.37224200213454
45.19391344028419	-72.60446789726672
-65.42506695427065	-82.05625857800237
131.2664714266598	-22.93213908148237
41.60369096565594	-52.78413582298544
131.46137843938504	-16.185379400924933
117.06901386633761	-65.77674961956674
-115.9975622550327	3.3712590076163655
62.791265525462514	-89.27511065620678
104.37719253509391	-53.311805985445005
50.18083030572183	-104.98379493078545
7.813499875962754	-89.81498568672515
75.85440037321383	-26.108487473992678
86.91636538063314	-118.7275227621873
-9.173125434658806	-85.92799613836318
-38.53232338088769	-34.526735387452206
128.10455939089485	-42.87851491404789
58.94614627280826	-116.30846541291568
30.0504841382463	-71.33820841709074
118.92695997536435	71.9776404764438
140.0450705375358	-50.11467090119367
101.68046609407897	-48.87239060218522
-69.80503456272173	-114.0678185139498
90.15535422297448	-85.09059221370914
120.06805202211962	25.356661295234076
117.43366898355804	-68.33422209958364
84.82435114730696	-82.83119959888501
78.97395340705859	-105.91627615867162
-7.384230297011375	-124.31841732368862
60.736929764720145	-63.38010236644877
48.69984778315148	-77.83649634049074
41.41926610759885	-70.27422668149799
78.1385143357259	-117.50469191721973
90.75157236716355	-47.00220629147698
124.15138405567727	-58.97119194333543
41.42302553506576	-120.17807282185215
-65.40220678539731	-83.80363932704786
43.24814896742208	-47.05435141647979
-8.354787860202677	-55.12740755619174
12.786274151665962	-127.6394125095704
-40.764045417981684	-50.425620331452265
111.23458218264999	-66.10557841976343
-14.631179373722444	-80.51717281007184
13.103376211888078	-89.19650625385432
94.22268771644046	-83.88188933705389
77.77320391300883	-116.31782318411284
-18.143074432053908	-104.97121654254774
55.01649229620341	-118.26208676506046
91.42398211353722	-67.02391192793183
105.44193454593416	-59.36133741721696
73.03959626637537	-85.85706813632417
102.73348238673462	-61.51330504470458
142.56038966696673	-35.14129993903623
-103.22486843968944	-75.88746312789834
86.97060597732909	-37.945818896669415
43.8291470406361	-77.03723934632072
62.742019594554435	-74.72078412615042
-44.51977169796468	-94.85866781705009
-40.92631500285848	-85.44848240247003
103.17200629036185	-57.79313273442144
6.641935888228205	-82.85022845210517
86.96014414155567	-36.184823119399915
40.33781064370618	-127.64223517615157
115.58689435485054	-86.17924470116762
-117.19585820369525	-69.94340463697597
128.6538579129003	-29.22741216535537
79.27104731916214	-79.05947009457365
30.439445837014954	-88.72927567151793
98.87861314648	-83.51885842310047
67.48151960263519	-33.98485473411631
108.28646259331057	-57.18536531694719
82.61040933776741	-42.84516596258342
133.96938669673344	-11.27261833515428
126.68962570844904	-48.176683241616566
-18.994246133546877	-126.10370224929711
93.33559990961835	-72.25762033338329
104.54315194492082	-73.50162656838647
43.351519849518645	-90.29861938507125
-76.47607978312743	-92.97398288980953
77.43525570079866	-45.97315363693145
62.316303212973445	-131.4216334512834
-128.00321085142266	-72.6815597219955
91.53205792647252	-109.93640851159228
68.14543831693756	-106.65852480822412
35.087340393787194	-103.76671919916986
-108.5011345489315	-93.3393837182238
123.77346260762599	-70.9986814691748
31.5147072799453	-81.67653818253109
87.71824423295787	-75.69333282699505
78.95498074261704	-123.76361724254431
107.76908355523648	-34.919689185701486
132.94832601007587	-56.08878774394605
77.01685242439443	-87.05905448193222
113.52685155207756	-27.01907904748612
61.759851702089996	-123.9139814735229
30.40313640213855	-77.39593629371626
135.7341172833067	-31.248912226169143
112.91178263772656	-86.96516531731716
57.145973625576026	-103.12728284534684
70.30410758658115	-86.6055175588737
119.54546456084603	-38.395609474982585
21.59455264396393	-143.6338305595283
-95.61604227378587	-49.085698637485834
138.35736065807504	-46.60595568219678
96.36405066545593	-91.18212320648722
24.185320857237432	-81.93328421626896
100.31070631295572	-43.41355471688908
136.259311534753	-61.41017782473027
118.58749540710178	-20.726734308709645
70.19178277782773	-70.58603172623847
60.3604815532712	-119.4028525572088
123.21099030558871	-24.09266802454421
148.3933493818343	-21.82985114789783
44.706698629372895	-36.126414038527265
65.16560795163308	-118.50089420381616
119.92988493144777	-72.51846758226615
65.58275223779103	-80.55173007741013
124.18591894836464	-25.985892104535363
144.80154218957716	-24.76110559347665
121.01684904901795	-49.32531041629168
136.58221832132637	-57.36639121544594
36.05727652979288	-113.73572998721065
113.70952907531088	-80.7747800357036
122.79702248862367	-31.89869979917684
-33.320393008613514	-56.82727840317027
140.43570716273564	-40.95585468852038
111.21539306873072	-95.5973254935568
139.75953881074292	-20.469604035652225
139.9097135088844	23.994223872970952
115.32604899690244	-94.33937255035515
75.61376134123657	-1.0710794862591593
100.95455171983384	-70.10085168291386
-112.56036396798449	-80.29502784622998
98.56477441875326	-93.75478807420983
83.17123052336258	-117.72351285994365
101.52875045048344	-97.64557786178777
82.53417491119694	-71.87835893009995
36.25451631768846	-51.84876817811315
-85.1632849054076	-13.162903512316264
123.87303770967624	-20.208108946072873
127.29183691769941	-60.24536353397847
78.03501071086912	-31.49295524733782
-51.391761527814126	-92.0580383022317
110.97737886721491	-85.91542549408253
-66.96075313638666	-56.70612187771438
-27.621675657827044	-90.34379180112529
99.7879519318446	-76.71100482863324
77.71966421289066	-79.52317497818336
138.87959123637285	27.62569793576394
128.31759259734218	-45.30340383548162
130.46921600673272	-50.623670220064405
-63.70487654295785	-105.09958976274731
121.62475442242595	-71.40756445791281
16.18163037527794	-79.09299866440074
-55.7488691107246	-98.33494457261612
82.88952741388482	-75.7533799185455
83.92643876553436	-86.09480784102865
75.91017588184768	-119.50987863999666
123.57215120167558	-67.35444463485182
-91.34643101775815	-32.7663264425428
97.02345168719869	-96.2412798293141
79.50175302515373	-84.52940912945363
-70.38746183729383	-124.02715782961383
-67.28293973483211	-76.30190042004755
86.09083476830627	-105.99994168415208
-75.68935644888347	-100.17832444512563
75.08918977031361	-90.46811096028719
133.12288083993985	-48.098713656394516
139.05054052487782	-27.654271403395242
70.31072807891378	-61.46423369378442
50.75898042520115	-92.21195691990583
30.910811970111347	-66.15371868604298
-6.755607730832642	-69.15605552430125
-56.416744000820714	-72.94503535906212
-55.55903917132628	-67.96974089326224
75.38542017898301	-107.23520202059501
72.99760637792384	-104.09995567773431
-77.02658585951333	-70.52219140361217
139.51601249867605	-35.7671982158407
107.68554176874606	53.811962254010396
131.9786513243108	-44.90925381178288
122.52667606731495	-29.299587216786534
81.02505357980735	-123.09241220441844
71.49231393250012	-55.61686168873175
-37.75474175343296	-31.477391446202997
20.745544102938442	-118.23523183520474
118.12114571968688	-55.28934275860447
137.88624909599739	-20.640009303447933
91.1875725806156	-46.868733139427526
