-50.4622974344739	-102.06216818205715
68.73132859735604	46.45677144066242
79.40286894684036	64.8791992982447
84.41876173273381	106.4131565856332
-66.34776873352186	-85.51991302294459
90.72506906160966	-58.10750341930488
36.35479258660521	-70.26691439882083
132.80822043059956	-14.193371227436472
-113.77942495638294	-60.82821300739773
70.46330890200952	-17.396369690197734
-28.71004145495834	79.84882724985813
-117.33172447762404	63.0666375623165
-71.24644410498603	54.521507164234066
91.10210509598159	27.93739079934722
43.475706802584824	-79.43008889122471
59.57947413785294	9.328349699083693
-11.044180295360494	-86.8803667175099
-112.13864202923939	74.10107478082753
105.03417263235042	4.125294283093009
-25.21857343907303	98.35607214304258
-33.68497865990064	48.818271977695055
61.66040343456563	-13.903812974270636
-16.47870772266495	-26.359645097547553
-17.060116648381005	-4.790811957921827
73.13482325336626	75.04407694374505
-74.35869574524611	60.65074079809438
76.7355907090441	17.539797156593764
10.94845751866788	-148.84951607535967
49.30390067745036	80.771528277076
-110.45310422017853	-74.49273117954353
-21.519081438621214	-65.37740423111042
-49.83207194394849	55.454411902661185
-76.06040270787827	-83.68763888157025
0.8502440584742456	-9.48225465490054
7.9637834662797395	18.128735362745534
-45.58394616423904	-33.496642786406824
-7.162744127161036	-70.49055624525522
-67.89709726473562	85.24434461310554
64.9307471990618	105.94413745712583
-18.846475949893648	81.62156751741944
66.95297296505433	-29.9398642486209
-85.03791876437595	106.21583633490405
47.18270772389138	37.89820902307978
107.2242750455861	61.36205936693134
61.22731795564439	131.17222326131215
50.29822435939378	51.91179159645473
-44.213388366236735	1.3773210554147208
-85.41267972492778	121.44648721789834
42.40378454842112	-65.53113358320032
57.774277173988544	-53.52153866317051
-102.8636664479456	17.4339519326721
55.128365932624504	-46.47214862836595
-142.2825290649437	45.77455537893028
-19.52214098151277	-24.199554614965106
52.6425774927101	85.94709600039403
105.0683741779797	36.03384917703842
54.8762991469449	86.57358774908268
-1.2546807390715473	108.21364362065248
0.9196413898529069	-149.06268817044062
64.94216864728932	124.55039288763736
56.776973587882146	60.961939391422284
100.06696880808202	-48.93705508461571
-0.9922912195372716	-2.4521704740184855
-94.64924517611115	16.02569556996108
50.228823190738694	34.1208929435881
75.50963800148426	-101.50816647608775
54.8331784831955	44.36032049237566
-99.47264921009489	-83.39870552434613
-41.50842789715733	-72.95989773881354
-116.8393524896664	84.73316758685142
84.93269275845593	-52.99350185709581
130.52289003647087	43.04560220497485
49.342663775164546	-108.1620848539305
-139.90459187272157	-49.174841212303804
-98.97976255467856	-83.15208052503172
127.52015156580173	-10.579966759925641
-67.02080438784299	-38.3105257640267
31.036629361892697	-101.96113001891779
46.02750018070574	66.40050619191092
7.583374695832577	-19.40604960152089
8.790032688734376	-126.13843708395841
71.38709612189746	-14.498405106390697
86.94092726923394	-37.162694308654416
17.95438190185599	77.98726102341521
-65.40071285508436	14.647645834021883
33.00413074716055	-20.516143698531266
-55.254963628527896	-67.44932869765273
-41.77596769764936	9.696870740193201
85.42323242674827	69.71407333414294
-12.538051805229534	16.862372062153188
-73.8420672162828	-125.29084723630179
24.818785087024814	-145.36064063043096
-78.27312310066809	26.982027105759908
71.85193526990204	26.29978737775993
-32.46766855820767	-35.985656749389754
125.71990434669392	-67.49208471460324
-114.88134669530433	2.591235365831538
105.51577305928977	-50.9336077964035
-86.38194859182721	112.67177714948797
108.1888681823037	-93.74364865528537
30.90136483320329	-132.97666419312736
128.12516433490563	-31.40664561674485
35.81130738437948	-135.8509395078706
-60.95358762235553	126.46738238125114
73.87099275491201	-53.268993753603745
-71.51418032421499	-129.5647500753303
66.290595233704	107.52223853543032
87.48736020216977	25.99373136240153
-66.34930164480988	74.4572649910335
28.54334503273544	-121.01952844758286
-66.39527329208745	-60.962227249742945
-134.39670336318395	-23.13168056062302
57.7027236043673	1.3517268386066636
-131.3265147702591	56.340200916340144
45.1001448517134	68.86886779001215
-56.24557146219722	16.50676713082584
138.75868825932366	-7.181418041539852
53.36227471607763	-50.40228678523512
-51.218034175933255	127.87930669685757
-67.95462061922505	-45.25614448991876
-144.9424199269706	-1.9082394850362117
48.04597324296365	51.19405581379468
39.50576033320613	-2.53371261497964
-129.4125696894867	65.75969876426973
-61.00712851261677	-2.170131592151079
-87.43833607735505	-116.60840266796689
48.89284030195734	127.07863921552617
7.454232882031276	42.281859949211444
35.34057333596327	93.63004780785627
-30.393011840120092	26.97697424335096
26.785130651161797	81.87035165287827
79.58965815398305	-39.67751977293717
-25.826535642044753	-113.24636854707792
118.68551110773348	-88.72090920164256
35.84934251735394	-50.34383818794032
-24.967233380002003	-82.35614102297889
5.236534309863619	114.81456714306142
-46.50289748918528	-41.16369480259591
49.272709256896974	116.46101288974985
64.14959512732122	70.47817429846
-98.32244477728858	-108.15763267015265
-84.37646220159641	-83.98040779667845
50.03894935571107	75.26898132433917
-76.34682155611954	101.7806860967492
125.63356702304418	55.57143908376108
-28.672157057911793	-131.10569057180635
76.65363072810271	-6.034878962750863
-6.1389757371329114	-96.6666354035777
56.25002312763746	-83.72533828732261
-92.44984944835198	13.843831148042101
68.99801029459911	47.26209040703013
-19.06012428640695	-128.73825051637544
-0.6792373499487565	16.570579767510665
-62.06040364873602	52.47143459329369
-16.39475862487819	-54.01481437089564
44.477985047096	-30.31531714990159
-78.64583564847906	6.811941011612476
127.16004401642017	-31.285264196274106
-146.53545776493402	-18.42150026154204
77.26932918775465	74.88902632595199
-86.74681010581574	-10.092414574629604
87.47899278615381	-104.89881464115554
-37.75159440150647	-9.200227642822588
-0.6457122518682735	-45.78058265210177
-84.1800113669156	-26.162334913467944
-96.26886875200816	-28.66175408648293
-29.030943113729872	130.79968043064287
43.498631711055985	137.57291766303854
-19.756920875741354	107.53318610933479
-98.39053770033765	38.35762188134349
25.319284547897546	-64.43354529482967
47.9784646664264	-88.5982599236695
74.64410837031711	123.32985157400607
-88.88521951758555	-30.65383038808507
-59.48737630844233	34.664218373698105
-78.60516781239801	-37.55483657667099
-64.54021309775364	-86.09843016912652
-21.468074578676543	114.04948470893994
86.21091872639468	-47.93067685996911
120.04197899548612	-51.54597286407617
90.45228155963031	70.48819658679217
-35.58762027684381	-117.03462862885557
136.31363434468977	28.883713325936718
133.63298066750423	40.25194789141422
65.30305201070573	-17.732693672543636
-40.21895370121763	-111.38982234438626
-57.32251595418049	113.30731899625935
-27.636342237383243	-50.178920236563265
77.99748443539774	-113.48442076151049
43.88412198949003	-46.203416891681414
132.99059459118595	17.242064086619973
25.054719431962237	-54.820074409045326
78.02358919826696	-102.9676483506718
-47.63492027652966	-32.62275118990729
-91.58865965316457	11.626560852304074
43.556431779024464	36.49589365669521
5.089487987871934	77.87930905812195
-148.56818250285167	8.892560837731995
32.56888808371841	-36.90487488871027
31.337205530158272	-90.35174676763644
