95.75784686877445	-97.11731481814329
116.14184881033677	-93.25796638419959
117.93596744132192	-83.72937936311396
122.38172740256104	-14.432067936792716
28.777428295014	-100.92677941600694
21.661965617625356	-121.7659399659441
14.513626056779163	-79.6551831531031
112.45604803132991	-77.58860038039917
-16.4138291122461	-83.54528586319395
92.54126262480861	-92.61404194488144
-19.372625127244163	-12.872831591916487
-50.272348461562885	-51.55492557489836
101.24612406055635	-63.52652883664783
-8.122909032374562	-59.6932138388225
62.51325990607594	-75.19225193961972
103.27774149609495	16.57891248252945
110.63147018921572	-66.5039761160575
138.5611226902128	37.75774018335349
102.03218022805494	-99.83280590943619
105.37954074385162	-36.028233373281374
134.40073988391808	-44.59205151398859
-91.17830224651348	-24.57983311973063
106.4161806567514	-71.59615424068913
-47.2218890802023	-31.83994631551784
97.95066084905332	-86.12402662162341
-37.20311214142682	-52.638184254343756
108.41529368960504	-57.52101421837294
62.292592662298894	-88.71172295960352
131.81441393742574	-21.509079851764394
112.09595394808451	-51.0819620490249
82.97942924097947	-69.8046729346879
-76.2539041503942	-34.12271978410353
-36.04671604926377	-94.02756614848008
81.59700144848824	-81.68688252109814
-59.29422238727719	-92.99795663494132
-93.52181928100882	-82.60041522090691
80.7594289093915	-114.36883321925043
144.47874204063368	-18.397898439169726
47.31165699379913	-86.43753160229456
82.9421424417586	-60.232488157577386
43.885617910439365	-74.28211114645374
121.60478858610715	-33.98954193019174
49.29928305501025	-80.04078965382728
21.978567666929543	-71.35421975092315
-91.18334967252136	-96.31602219475043
-64.34047670634168	-88.33319379897013
107.1875783343016	-14.13454768534422
121.45923096761429	0.8824687870415286
99.74425229032728	-73.38564984742943
94.48865993287731	-92.61935525701641
61.18752644717988	-78.05832243042956
96.86404004932203	-41.397876698888325
125.12121782251755	-23.988030684757664
100.94413863968678	19.3031732919644
-35.77355252989776	-25.397302672665766
90.00614917341278	-77.1653921365777
37.25003392394055	-79.37349145720552
-26.314365045023415	-66.0438126165692
-12.054749176675701	-89.80317732235757
76.214100225753	-39.29421075673076
-102.83888563945376	-54.91554817008968
130.67210727296342	-10.397863596122633
118.65806650168885	-90.2320317134357
-24.81775478465126	-28.14249878842528
16.206403712739867	-100.49079520831839
131.94727859961694	4.569226265022246
83.22745509735606	-77.41945409445506
-43.386916346500286	-97.14725943332714
68.75688333703552	-26.31530848922328
-10.597604957689457	-130.7249620105722
-76.08416417364228	-87.01116934289308
-109.35191065794565	-50.53576599148059
114.90488878635443	-50.56854319458323
19.166122261506	-91.85044624453697
-21.54628981681213	-92.79354381640402
-61.59881191632625	-98.73001509401698
66.80462344595252	-34.259674828732166
112.32108872179408	13.991600107622643
76.1032744504869	-15.39805255678408
103.9511573342732	-76.4858674896558
96.50528904024532	36.577142027095
86.74024449081102	-109.90376629038828
78.28937807662196	-82.53984297136454
-58.22886387408856	-77.4423768156939
63.88811917852212	-80.35314595499219
129.04418706384388	-57.835712991440396
-80.88601281636095	-22.648254586470486
93.9160547433797	-3.393733905141051
74.44461617853217	-93.56213804958783
-73.41621085759664	-63.73836322720393
26.125914076499335	-91.31543858636199
99.90296328491328	-97.28405792893332
98.34082736085276	-86.09442660660659
-53.468620913138054	-88.79357815062166
24.736761628900076	-59.95377853112376
-59.34263309194901	-76.88376053081616
-27.813839381155358	-95.59021319350796
-37.45826644551706	-53.660952126193614
74.84924407882176	-65.29388844634194
89.98761296864727	-86.07579247879008
-66.43002007276769	-52.12396087766538
-85.29551144352959	-64.73128480427235
83.48821820313924	-64.00958699357146
59.117829764629505	-46.612561880341985
13.197927917176868	-38.96832125038543
-33.373118272516685	-55.66210775966866
-13.80712005627996	-65.17053818648391
-1.813737204773249	-129.6055346854534
111.35652756260639	-59.06840732001944
45.75354697629671	-38.07641891787609
79.22350862664999	-71.71321624982765
90.8422948378738	-5.298488740348022
-43.129338398073315	-96.62823620557744
65.23069949145231	-81.58406556119603
3.631702998075585	-118.09496140328278
78.42338815565235	-115.01974890396293
106.75449194701461	-35.50112576497877
60.33169531334596	-80.02350638948401
15.238901856152365	-125.1542102209259
-36.79440476400302	-80.59800979102262
52.313709664605874	-82.98410043832794
35.32004886696549	-36.97590210494598
110.55733546137274	-44.58617818666668
-4.069647443439719	-12.130923582922259
73.9995568431299	-107.21480175965927
132.25451084893064	-68.48508950100977
64.31462294469638	-78.94671934010925
-57.723628973379036	-3.5503966419642987
128.6080570203021	-39.0166899151847
-57.81219177047532	-30.73805564182738
-53.78489916405668	-56.628880865212025
61.53951392634433	-96.00468784911813
-12.498108292182255	-44.938566331476025
51.72998194324432	-50.37438904186774
130.13275460871597	-68.9413184356522
28.61390836752245	-84.32201809526751
5.48062153966872	-81.51798961821038
45.69735807491674	-93.74604281757404
-37.86241462293611	-114.63292857211626
62.16991236871943	-96.01733885252496
73.72354606630957	-83.11957588135466
31.370850695309407	-86.26463654230565
71.56204600414199	-41.94996476978095
-19.747867055896428	-47.3170748063508
70.21655611256068	-43.962004850288984
80.33074267536193	-73.36943924438039
93.97161242542056	-61.31096936044758
91.63177840597619	-54.55840831404298
149.21841396364402	11.826763452826738
125.86977350123533	-73.63261261396887
135.52236695879995	-49.665247518876214
94.3098296560765	0.32222990468168855
3.029897559840067	-149.41544907725904
-81.52327568757424	-117.40424690717606
99.46771994873747	-93.95141273256516
63.085954519714626	-131.79968144404393
46.28299801621742	-113.75631788503615
130.43612079690817	-72.34939300661512
76.92739683314512	-70.15387329823088
111.00066860121188	-19.58738189286551
118.32931104893312	-67.25969398017969
127.30479134996376	-53.74252158519573
-82.52689416538537	-91.96888375080597
-122.27488079927468	-71.10890233097531
-116.99442077211675	-49.65322325638311
-19.172875770696294	-86.50924344137036
137.62963460387743	-40.08365080395937
15.380920651780265	-88.05213278947176
121.33790816927971	-46.613937449201266
68.14738716759625	-108.81705787155579
57.15899457138034	-56.34104851287512
-31.012322076344	-105.59045072394652
38.21588127427768	-81.92988509304583
-4.471388714078747	-77.30961667745092
-85.59646549354754	-110.12915647125602
114.8217540002114	-94.86397693820633
-78.35334180012707	-64.65782444596624
114.88656916051309	-44.81404750032
-25.02820590226284	-58.482606449054344
54.25756654557412	-53.56191872992863
111.0256852058576	-19.007818260149822
47.860040746388826	-56.524282296706865
112.79021267740573	-92.81943151668504
117.04817181378485	-79.02768327123128
10.255195850582433	-111.76645259881748
111.9881821178215	-79.11883061979935
54.8807858571142	-21.642768979280117
-59.78393135555028	-51.024384398356354
134.07445625569358	-2.183298550873265
117.89325095137964	-49.85795618572725
43.42083820446341	-114.75625331602946
119.82425898499466	-18.335402997493528
89.02678265778954	-111.86675936247408
114.09215963428676	-34.555784742132374
24.479539860417173	-96.55239655552137
-6.88635335554175	-88.20312126598802
-0.7176208528286495	-119.28172514820842
126.89648689459416	-17.6764664854709
106.79077927796371	-67.81747934032674
48.536182527838214	-79.38239007655312
