-103.54519534040216	-79.39689941498172
-91.31602767679178	94.41934481439765
31.696369476002154	66.28865011003101
-8.261621332545378	-93.39125652133283
84.47960604019491	102.17556288156744
-37.78413372262858	-66.74524825469764
138.2591698636485	-38.53915130344575
-135.0392502517792	25.288328885334423
43.49473440061099	135.11466505536433
44.68057052489375	-68.50470633863631
-48.60384491167024	-1.6730194042674282
42.14485719806684	-22.070346512981303
-20.55181953292087	-109.93426380349902
-75.16325826158827	35.0181313525612
-56.99040138229896	-51.78158001738324
34.093022834505085	61.982151933624785
-85.39122779312228	73.18151714714485
-92.28781264507788	-61.76651480727191
-82.28998421310516	-52.25317011217298
-47.63902890671007	-29.076170958217965
-5.869590699999666	-144.44179124788775
77.28658137440983	60.45943673457768
47.19580485099383	23.547985916663663
17.26677672071167	23.154579518220032
15.424050267880194	-56.5282928022138
75.06903312466812	32.40340229702433
18.452264959260393	117.62915532028408
-4.43471784081044	147.73755737836365
-47.07456047459622	-62.49406744849295
-108.64372798440169	77.2472425777074
45.11180430815437	135.90849022872683
-89.18513643480227	29.264216678163827
-29.783875471482837	-69.36552908474553
23.60743626200851	-102.42897145444621
101.14140818116194	99.73182922616054
-3.4564361618672947	-15.334441046121425
104.59621899693282	2.9730796731714033
-20.97187185890675	-128.86455673923362
-61.69547406742228	-98.58551179396349
-103.74000927331377	20.69170376803723
72.81708361319888	84.58114072309036
10.775214585850627	-117.54406431166667
111.5037820284847	53.97775067484939
70.93177813647583	-54.615552213296965
15.84654387529828	-106.72307320026023
-4.452179643090947	-78.32948295320242
4.107665740871099	-148.7376995345932
59.15161501600975	26.740754523566853
58.1058222818091	-3.6743711772750633
49.04463089440922	-60.35830833130653
-143.70047311742323	-7.1690070617816355
-23.265075928365214	-119.51149546781998
-6.831376766747661	-101.0529644263263
69.34457648126238	-126.54140185312669
-4.8045173477084395	142.23300757688455
-65.95927468650265	68.44856073267272
34.58780987208655	-107.1709152640035
16.98399761696378	-141.7125908979683
-83.91864735621321	-12.005437509088889
-76.10594988974147	58.11602272877366
130.95982282688632	-26.31260514249411
-107.9257677604875	63.807544019758154
2.903621713935929	-32.95759094454142
-43.841492144483524	26.812187315647808
-50.6650035745961	128.3510602640114
-16.363344486210703	-20.034034908334412
50.95218790191707	-134.54471997458256
77.66019236990618	-9.128606060897017
68.84693123408913	93.40038363748177
80.25262825224179	-79.13649951306515
-93.33881117335399	-14.268000641109367
20.730727449888445	16.66036375971063
18.11279107937435	-63.26555276935636
-57.66645840199837	102.52552368374641
67.79555323010764	-73.80481250012083
52.82502632737118	80.75178096449832
-11.348350087439638	-45.4920896207242
-27.729939828692434	83.91315454168154
-5.0234252525816405	108.71730598237463
39.74261873367968	12.98502184802278
-38.48827949261578	4.3939476206006525
-81.66122302291426	66.2676072966765
104.03852273907002	42.47540108923507
11.133965930501986	75.31911216108779
-85.3402810274171	6.839535136863614
47.93732397243121	-125.02638730476667
126.33205232456618	-59.98352353307983
-85.14660604586989	-8.228057409052468
-73.45370621329484	51.06986136558303
131.19719526155004	-38.33592954819538
144.01295882227228	-34.227824543848385
31.060649331206466	79.04797883126017
-130.62208831128046	-26.15755909203165
44.77089857605708	-93.74777298888327
33.784466442950844	-69.22781849931
-49.20419356215211	-113.66228159955794
-100.38175027821468	18.190318575637356
-63.87396411596953	44.2014886269625
17.04783836242055	-46.06558579663281
21.22148105122992	138.04391711635552
-126.62725468041332	61.11926005152376
-37.49732630999709	-16.75082170109652
60.053893766174106	-106.3951393730304
-42.45666607975966	43.07462935682841
-114.99955201076737	-36.29469439379299
-26.039581365667082	140.51094995554297
39.73892197814702	-65.38844400972783
19.594469973645325	-86.2813101658165
57.02485262960296	-120.99004200380794
120.33378827777035	45.449859575641696
-95.56449860594445	7.884827610116725
90.82662115474137	104.12903856926447
-66.3353838887264	-127.72153340584156
-37.96907171519191	93.50310935261595
4.582383819453428	-29.439137506368102
98.21254875484196	42.62270255554147
-128.55966761025613	-10.736256495719028
50.168943150887955	49.33438302920139
-44.2033728169846	-16.82985577035016
-62.56561768714896	-50.028721385404026
-15.691754541524535	3.804449319771846
-23.497844916603132	124.68346001693732
56.1497565425012	11.564733848098282
-66.93510560619539	-108.63606507306203
49.875925367402296	-52.81781803474815
-15.323330888359386	-148.6155879377947
85.59066464512449	-68.11486050861261
27.55450317568238	-13.071863477542198
-125.28325795051653	41.10206832969459
-30.833954582884772	-90.97415984891964
-93.4266247482864	70.25805843089493
127.99646715278604	-70.8463260180764
-99.5470608609254	-41.5806750844003
2.070862485593477	-134.51460791599365
82.19674157664203	7.51891369996723
-112.77498210155217	-57.952798806063825
-2.377856326557174	-47.21348745239502
-6.239107511254014	141.63836794497533
66.76644027901241	6.046413651500371
-3.2965442483659495	-82.35622215314682
-77.18004248695864	124.91200251289206
-53.27851665439316	25.567664919825337
-69.98055438009919	-28.756592235485332
87.91937292091289	72.96723973542085
118.19665084099964	89.97314439057456
120.97865870111677	-30.349667487667006
-26.86262251812105	42.98460421099344
-4.502864636697483	129.66248546445956
93.55549164281872	28.934718514924043
68.73149104901692	132.67774232154227
-107.90098813569222	50.035093807133556
-59.819365945551546	91.60049725550971
-99.63677715081866	51.09773632461282
-34.30934502531509	-115.14343049735547
-80.67774243865726	-99.78607429286225
-41.940217043922615	1.8054049116214694
21.478468984253194	-49.78694171977174
51.33903936569295	-64.22656663109258
-87.27308497848655	-56.01232851531951
61.85249739376095	56.33191820307777
-57.65687276989934	38.56219555898259
-95.77020171184067	-107.89456382365783
24.998904813997687	10.419538396662972
144.19436014855626	18.129957012421762
135.41167992333408	-45.57004515949045
-15.495916317590371	-123.06488512318614
15.472699716958257	22.195126872508776
-67.01686103691745	24.067415157701134
51.54076158032443	139.18805239106854
142.47410426011234	9.22024022131593
-114.50373049380663	92.69177323419409
-89.22138009369658	-120.21778749508898
36.35008684935456	-10.776788838991934
14.087637380814186	-112.4541930909272
17.052214294834915	135.93129970723743
-43.72857664259983	72.67230087840174
-98.16879286490811	-12.765553578001322
28.818303035843616	74.52264759710718
14.572303877135857	-25.382494266695698
19.93765244972319	35.19290011006464
-5.45874897959402	21.27538192725833
-96.22519976271457	-51.02657181986898
84.3357296339732	82.47426313409014
-58.977911345516176	-58.693217919346
128.0524610779878	-46.807150068815474
-50.76434798010585	-131.92149702921014
21.551340955318718	-51.767524286946234
-31.65968896316183	12.882721236198423
-56.186479184165	63.475533475759605
-60.04110894246914	111.52257492095669
-56.989453044409764	-90.38384698714572
-104.08525729076995	-12.177198162266675
-57.67620807934417	10.133557455890415
71.69630028889912	52.60568590701548
-68.01843101210916	-130.1865828538382
-13.485645233475655	-86.4913131508219
38.25749336086088	108.8282752051173
2.2081597379969287	-36.165926780809365
27.531909747212467	-26.052154372874178
44.56152303106969	86.94817707126336
