-8.82127085279782	-5.727536028131252
-25.245164811625926	16.67150813922263
-86.07378074225666	-99.32821334575146
32.516438341691384	28.74183058543207
-57.793852744388765	-132.44003298406463
79.28529023639041	60.62518276095158
84.34968626142961	-99.72126047537029
-53.106070593594424	-1.8970180947542574
-141.7644388137571	-27.372629386923748
-23.75247674618566	-14.018506335212418
5.017783349937691	-30.379400367158382
-34.7252440784504	4.726254170595564
-43.32873339406629	21.196803630365658
-24.964986383903188	101.63887761228244
92.35522293602438	95.951720901837
29.31571320641023	74.51117477913601
129.536843864945	0.42961565934277834
89.99024990073708	-96.5304452237462
13.416084505406973	-142.32444835026874
11.333350734618923	56.850447354888004
55.21629080607594	0.8292664780208362
-52.348864732838116	2.595209182449861
-76.68570336076253	46.9445588304216
17.07097227776046	-103.53920440978614
-83.52526191617069	58.3929885318988
49.97396487575632	-57.32538086303528
97.49085329003607	67.0080226369157
-58.046119011671	65.1291390887763
83.05113090452778	-36.597498374454375
48.59581063778418	3.587980144169924
-89.30795511011084	73.13886923927407
-7.398323192732148	121.19848702262101
-127.9825399655374	-25.968238761137606
-25.637863686964593	140.29578482951692
89.81376181055452	-95.75274639257009
67.22277377564048	-28.02376088760401
42.47939466036928	-59.14171216017431
-115.32244325713579	85.38264449727109
133.06758632890472	-8.427501435234339
-12.454933304015073	-132.08110886265263
-78.37895831513667	100.25116580828937
64.48544470090657	43.054293919844966
-68.75564477237353	-119.74720880293499
-7.6124508334645755	-56.18679425906874
63.74484596193341	61.74132183952826
-84.01684069735445	-27.144937424960627
111.8937181691877	-9.097748221685215
-47.06791690198801	90.62058931836654
-32.5808242159619	96.35441291479948
91.63079249532808	-63.71167530734804
71.54143740783167	65.02874725184394
68.55077579256388	-30.420615425837266
22.518459367289015	-120.14838799371735
-103.21573904539342	84.47344101655445
89.83584484533725	52.028148678650425
120.00952649783812	14.52877320495789
-78.01118539019915	77.20057509523029
-10.086945125686434	-35.009618751368826
-97.26807325302441	7.637199148728616
-1.0607174473987164	-14.85113186716328
-58.40636022421228	-107.14933898100635
-95.90377503858835	-47.2874085328364
52.31014041815477	-10.833224403478019
-14.954714904663968	-109.43338601128121
122.20244229926702	-72.6715086139271
4.309560357216747	87.42122109089941
-33.67070787505022	-144.80877277097122
-120.0431397236755	-84.7094593713175
118.17037669753446	-60.8706294236703
-135.02454683379378	-8.880948893847343
-17.79657901873725	94.44867590245136
-71.32374425919501	63.008714865750704
28.516443596849815	143.73848825417295
17.023958120089006	89.16053199079961
-45.88267873960503	8.626690896379046
45.76114940643335	-36.62910986231509
45.157311739390536	118.0880769312137
-21.880098681944684	90.21270598527329
40.37525458385916	-53.43269327680287
-71.9708039179554	114.58791942771344
101.94721478075752	-24.53403632905049
-13.40331256256814	112.21532123409106
-55.00840921201848	20.92690602049224
54.32568723800239	37.224847051094486
53.150000497120224	-2.615010337790102
82.96644520291842	-68.51118122734297
54.411054654791826	-120.3815596144878
70.57899786585256	107.21484527613306
75.24959304565778	-14.669431080061067
124.92938745522272	-59.60308195001063
-44.82942492792555	19.175289927163796
-21.096082518349377	-46.05518026507981
138.08139390414627	-6.547901654890746
-62.550156864042464	39.83613940558701
95.70017628706631	82.30481615936316
9.637910252226245	-10.554691099588906
-45.39145762558622	6.7557433754957055
116.69321478697971	-9.575467034624952
-60.81767275211913	-20.138760283815824
24.764478471644058	4.639886643510594
-102.36180575860259	5.3256687103954
-17.18927620305667	-84.50585788796951
132.56028359294575	21.875833598483513
-116.15274726289985	70.2295635975709
65.74578174880568	97.47826634406964
-50.53101774898685	-63.560015245803385
98.27645638461544	-26.987733767174905
-89.11560145718163	-88.65196098664981
-13.405230591906463	-37.144881730490184
-68.8608224013704	52.339006731019836
-125.46184228055606	-52.56086378690173
-91.97442497072676	-26.00667898563851
7.15138601961298	-118.3380240353728
28.974698075665597	-36.44159953909273
-68.81394403763223	-112.90781880643516
47.16234261116509	-6.015560074924375
65.75744796202581	-122.72031724141486
34.707137035906456	34.553410089147405
-141.4245307074922	-6.64750219882017
74.25780985435685	-51.677846759951436
111.26161426902677	-40.89981240998849
-100.72877975995816	94.34564293031842
-2.308324267100204	-15.003453314676067
-65.42348163700248	41.20514751987492
101.93580078689902	100.23325170329187
69.95098130565684	-61.97436226000167
114.72099461026423	-52.27381491797089
-56.10227644549132	-1.675064502481985
122.72852364521373	14.179933554838204
16.35535224593491	-37.12983776220097
-125.71373745783201	18.326807116579026
76.04566318868874	38.76426942294968
38.05210197218636	95.0453039052789
35.288354254988526	49.95584175782836
-46.325154525446465	-109.45584935129435
-26.62338400092609	82.98473999423713
64.55365954089814	66.77396705294912
105.28009591151974	-59.920298867155786
61.08660619741373	-17.111806473586743
89.20654490155941	105.88858508876933
15.974922649394786	127.97947480674712
-95.44166164133746	-62.36837575044836
31.44600135311774	43.57342089226888
67.55002678091824	104.38851472217986
-10.443999092359032	17.267274103724073
127.72924550653023	-42.23914507712322
80.38538848782699	-19.32970501063587
28.002427652935705	-43.047925995045254
-20.35080830006831	-57.33102186249865
-26.972200166562978	-144.71704939161063
-129.54739728059798	25.073018555144237
-71.84899568125853	-13.778287980133749
-97.74714345264995	-110.10670472211635
-6.586705834463516	-55.76076484552085
105.40970654177261	73.43811023276547
19.101282378880203	120.04908419334187
132.28450614085278	-31.36936106690983
-47.245503648696705	79.7250500164667
-11.012487868090497	94.44587297996472
-104.55951137398185	55.857555408350365
-24.069824145130948	91.54383156357372
25.63210616254263	16.53451600355783
33.45298438463628	123.69045456916004
-76.45445111012087	-92.60671317021513
16.374470626883156	96.25702571084831
-49.49227161639885	-66.06194191856072
68.69979067952629	49.966690134078924
124.68057937868947	33.58418019409942
82.61347520052614	-97.88326461827765
8.545556038976232	-135.4719082675919
-65.93200411484924	-113.14605812272895
128.13657460775448	25.194499303971824
5.030846834386502	75.09719266641166
18.24649316164339	-44.19669632194569
80.45617035954916	103.27744495719087
18.123002911265157	-43.47944580756193
-128.31420646411013	-75.053121444899
-8.48656758811055	-140.06243853438218
-67.41646448023404	-86.35917067811648
-77.1816351582917	44.352287529404634
-28.384402585943388	105.11086527403454
-59.982712434693624	-113.68318017104681
45.66061808708292	-122.19874170186606
39.114714795203795	11.292654962984184
-98.04494058662081	92.17595543578261
-71.06161198250399	96.87069546985838
-28.13148752510234	-11.02999195340027
63.338720914139266	55.08478522941755
97.94537189733786	-43.54463135122728
-62.11510409698186	-19.54155617253381
52.447379777016415	-27.24305882611004
7.3191958844893055	-16.36323852556003
51.346213125186985	133.69164390625238
23.939160026726974	26.255391929925008
58.39264134506167	-69.46622502833766
-66.30019518735315	-15.301828541955228
128.13272208071646	15.97655569425097
115.52210082920192	-50.658651910036326
-132.75543325806856	22.71561598564034
-37.06246052111125	111.82379352415668
