4.113564022878428	-139.85946030494935
-88.77174435200325	100.62650125271223
-86.31847342496226	38.78611450386445
-133.55123524855227	-33.27277162994103
-2.7946938096022325	-13.993760135845406
62.44820579846439	118.72040108712241
41.6098506019736	117.25836428092875
88.20865396097058	27.604177419997498
132.92539944673447	-11.896188892199879
37.88364272615081	-37.61278901721528
-63.926525001805054	-22.092676450333236
-99.22182520713075	46.48204065134875
11.09956486466274	140.35630065241992
-44.75257434659292	-30.406747503106484
-41.142912959304674	-104.89664420380782
-48.54136467365069	-120.78575739474377
129.2211906632542	5.228483976195866
-35.280387372322636	-113.509557926546
97.15981119939399	-108.30833350142801
78.16322142117608	68.83746260919932
4.753694141514367	-140.65172319564505
52.43532603562263	-105.78835108997151
-21.085171047354915	127.07641730864054
-24.119951519074313	-99.38285618641422
50.40899228284239	35.07661102661183
-29.319526625538938	-39.93760568614292
-123.64407804791907	-8.035938369495925
54.02849302070027	-74.50930330531438
-107.89017059763869	33.586819201824625
-116.56212072986038	56.563079651304534
121.67803597923108	-53.76145446867647
98.08146170755221	-42.98120825751853
82.01199877728098	18.717264503000965
-131.5830355096221	11.967077561717083
51.30683772895072	81.93214905305008
-21.54436509418818	143.56978226275166
-68.49418220996655	-117.73452148464337
89.16424679823591	94.10294087634149
73.49026232694105	5.21290007082552
-12.941137002299335	-89.41293030620628
-87.19590080481457	-107.23311682028226
18.681779805643412	-13.100986586271866
-127.94301016114436	-34.8372349390304
89.78872339183589	-32.115342580624876
-103.7009764816195	-85.0380015130645
-84.61429884298158	72.58951803328749
-84.55341920102947	-68.58476559332932
-0.6471159249706554	-125.63990839310098
-77.47832968095308	110.17994265152018
-86.94114743719749	89.68818083133263
-68.96478833621326	-73.38208126563508
-81.6775992518734	23.400459447401314
-135.9609783846807	-23.265524520429565
107.56207819113202	-12.161240300512699
127.77951276276396	36.05916008703348
-89.5685844870886	-119.92127060389922
106.50958238342207	-56.06406528749721
6.8476304123572795	78.8409750050839
32.98062102354431	135.59978721508992
-51.14909381804494	59.509778793862374
68.40147546963722	34.354911463275194
-37.89590662978989	-15.082547824964992
-25.67290254289169	-33.29508617115633
59.217951751915884	-126.07721827702738
65.91230952494945	29.102947320665965
-45.529618193044605	19.301242226379937
18.996299230267418	-87.01936840531275
14.538489194529737	-125.87046800580491
78.22508906469884	39.01966417796234
83.20569164158721	5.96777928043372
21.78399675852458	-102.50334823286686
14.134303209920402	16.65006619313265
-92.80733893065656	-49.35535408238303
123.8373613220977	83.30507749418385
-37.82874676172139	128.66362900024149
21.752579984063086	33.36001716393003
-10.363883492629682	-120.93839729706544
-47.53535357611267	-90.08559793900287
89.97163023909629	102.44851640759545
43.84951195720956	17.14818228093411
-70.75017494983683	15.192464940500129
44.76167613918851	125.68638214175958
138.0471773881715	7.06837474311032
-9.773579839161874	108.69260272069072
4.560871853452648	20.55192338411706
-56.35077932814628	-130.1275439375265
59.54113565796935	-71.18336006468607
2.318353889857822	29.789885103395108
22.876014220450433	133.79074521431966
-73.85510040856784	62.864770711673884
30.573173461091514	57.793274688094904
126.86742280448946	-44.04733794891275
4.126537198212263	101.39809870087151
97.40620227021573	64.71280350257507
-127.48749319609108	-47.614820300731246
-105.40351509371678	-25.388895393897556
-33.69013104733234	-36.7522896099772
144.04603990668517	-30.583973881739382
-35.77114101200171	71.88592969539984
-95.02757397872327	115.50052984164655
-6.0545967627982415	9.944544438281355
-72.07256748027046	-75.43723435768052
-99.96241441139794	-76.60648231649306
-140.46708065102814	-25.70588976850221
-87.20541620849798	99.76370409626934
-68.1372822530517	33.30070100927582
19.52689134604539	-71.36560581108485
-69.28611350878116	-56.768252202727226
-10.47879389583157	-48.75807004429883
-20.51733994301661	121.01420074955998
123.59874228064376	-76.82228591967434
117.2755187258035	26.340107854266503
-90.33507455931762	-61.97161415263816
40.632774040768666	-98.35819759740481
77.06013803744301	-85.99727023105842
-53.51596256121623	114.56366160593689
-129.49006309093073	33.46354765616402
122.34863742045401	27.25871021286183
31.142463924514406	-122.03837133517469
103.75255822713804	103.19601431553531
-127.97271049140963	62.11450526361779
135.92836294570245	-7.858423008437764
27.15446793306631	-15.43503459264655
-59.115754674282435	107.49345495778437
16.530256463934926	99.81892651098296
-1.2535423120592226	117.87455638380293
-49.50442091456237	-113.97658182624569
-19.20911902028963	-125.3422393385161
29.228670870288802	136.7763733953935
8.993715942952377	142.80726297647072
-51.99174045354625	104.64462825492929
-129.5212650053347	57.81813908804443
113.92127236611691	-65.00717198934817
66.6029673748605	11.19669501959144
-18.21202237824441	-21.513715628798497
9.629863392605376	-11.390912978081916
-19.13801772112288	-113.28176473221895
22.4732753068301	105.97546955630625
-123.839409459281	18.22342163668279
116.40105092738862	-73.58282271943645
45.445405380423146	40.43106875226769
138.3882416779104	-10.881607377854095
29.112498298727804	36.86880069167909
88.19840855604546	109.97279756619555
53.226045121735304	-127.68293976484713
59.1846987884148	-110.35704325732938
79.84150094533447	19.390517132805776
22.512698587293315	39.9372162375448
125.45433583449322	-42.049596950797266
-12.836709586204053	68.82954090425214
99.31024263660778	7.652455376443476
-2.775371787561869	109.25486859867698
-11.350974762245073	-123.66732602232426
90.62438478800826	-52.48406908285559
70.16315904407982	103.46076358384576
21.66340263855933	133.59100783808753
-118.21275424792942	45.4930182267015
-0.8756102011151972	-82.08559098332017
-76.98502533439796	-119.14169822677414
-52.10169333615054	98.35278808760269
93.56304721799317	41.43536647659373
-2.115847295030442	113.7281004010265
19.819347036526665	102.37012986275192
129.20678310529536	17.19248218652077
96.09396442037716	-15.195047384389708
-4.460873527404709	132.1225614400575
67.6552053581679	-111.92080242855396
-78.57094361297483	7.496079164450617
45.75921027052508	-8.048267632858973
81.6464788775646	111.71574581288722
47.33533685773053	39.497610690212724
26.484696256790855	0.40988368472666764
-18.73920706077057	-93.28016007515934
-26.229599607718665	70.92510311476718
48.31603521570364	-51.22194855393909
-41.52682013420153	-46.39589447703715
-114.7690037513242	-60.70418836496886
-132.31668784515313	10.922696389340382
-1.6584646378219026	32.26476603782944
101.88343262527872	43.85237297221964
-51.713010703405914	19.145157546180524
86.11432340704826	61.840853554932764
73.40642398143866	-49.39552220601359
32.21421949669006	-59.187062956842595
-106.6175529747116	-99.82004157311482
-140.21769342509043	43.194761582659666
-108.01389923984118	31.973962771785164
-63.43703612477288	14.382937589234249
-3.2651382391282313	-114.51123358997732
101.42702753703797	102.97471333446734
-90.41672303187192	-18.01204451706037
21.357588621402666	-51.40944805015643
-124.67932991835097	-7.94316329942366
121.06301121436202	10.478473529376895
0.18640992223002498	5.5857573622354755
-67.84173681431318	-120.84545699243665
111.6564387178344	-48.98621649309144
52.110585449122155	-41.081689897505306
3.765414212348563	-7.661183328797912
140.7158616511188	-45.56094151267841
