75.12181408772405	65.77814459902363
-33.954458054096115	33.699700799806145
3.004616763966153	4.6679629700785705
93.15591881673981	-111.40075977083107
62.57436878419591	-45.856906800046794
75.92591475147051	-95.66815526747041
-112.9214352050986	-92.05637152038975
-111.57230329605032	-77.2215960774154
40.659300529889464	-33.24055318479304
-111.71387619021961	74.58578954181864
118.1593736883173	48.80785937269585
-84.60439688971064	15.922651707270223
-117.53733183096458	-41.243376303933275
-129.78988829237457	-41.67790150876649
43.81568934359664	68.09683044690283
29.14127282877445	-136.76236652762663
-4.761177678947638	-41.840827292863025
13.753553314178575	108.0674094787013
-68.7188532182504	-22.916402045934642
32.084219988797074	-123.89850263320255
62.652368886320794	3.027454387632501
-13.795848684448037	86.55856292388174
-52.71256513838642	9.357617453842025
75.99308395327562	-111.77268368331046
16.52121563275449	-51.992615570088766
74.33139961847799	103.66172951230426
-122.70467714673283	29.261614964895927
-19.050151277524236	53.295219742856915
-91.89507112860004	65.50912241957928
-102.3086385867098	-26.696949873821104
-115.65519083056978	0.4792035581976527
91.45248876965901	112.80099303370518
30.720327219475376	29.46768569677263
92.84363951191948	99.20379294945606
75.57647697212684	-116.98552911492284
52.88500096776828	6.65910692561256
35.795645512876675	116.1079664596614
120.89311642982535	-34.38931850721074
101.68463002092618	44.77976523126125
103.6181984188029	24.06642927438658
-64.24333931463309	54.98825275932079
72.42694585177472	101.2851085081088
-73.40891615264759	-32.185879443401724
-53.74564723477245	86.38244677971467
35.41126077773906	134.30133608704037
44.88312368708556	-0.3943386622820753
-59.060383873210476	91.65261501206457
-66.14996800073803	-80.99906231076896
64.88804615404403	-65.6153406092438
102.43418858136029	-54.32913673656026
-15.839940762010887	10.0345685034912
104.08517440463194	-15.711203185521983
-16.635163300590232	-103.20517671937432
-93.3436268605404	-53.84694872016543
-24.121162971565603	-64.79255562203669
-43.6097624949465	52.62233250228037
-107.31531309285337	55.18587805486703
-39.12928296247397	-23.564127341513355
-38.51481645056644	73.48362519486012
16.122813646545374	-135.76970658865505
-0.32994420562293425	48.31745005811578
29.747010292438784	-98.21710716110904
70.74302597755587	100.19788471278119
11.48595648211756	55.272696037590144
1.6298668727150278	-83.83172415633211
-9.247740666478295	111.74297902117017
24.14308207446586	-82.3391663980291
10.504531523185468	-48.613319374718756
-3.3161897380724823	72.23673603283568
44.477436928724956	21.990972399798842
74.62841254356606	128.68800870616442
1.1559628912278779	-72.80630010918085
62.539930294625776	-89.58918158978184
-72.85635379687399	65.83080347157839
58.10061302568639	97.15129790897977
94.18267670188911	48.33915006462646
27.262451888342717	124.97159730145074
139.01261798631722	-17.841096495856217
38.477674322898054	70.27591901013136
55.081976250279254	33.12292433739477
32.896232268551906	-145.13953450164348
-104.47236394829815	-92.58593586284323
-88.33130675499423	-19.64030775271781
-134.34130176311672	45.66309000147978
-36.60266006587122	-117.24989245856516
-31.63009592206282	-94.02925838377496
-124.67587661535055	64.093055076038
12.19533972824159	122.65861102327762
73.9792068939479	-114.55230011497541
49.550231255364686	83.332879472731
-131.00784352034356	-28.426090546981282
-32.02433507802702	-85.03115955152312
-82.67316474847725	-98.51105154619593
-72.67341284914275	-67.2161606788028
-49.88622029372308	-81.41402602258039
95.05723226893862	-94.27812017100476
-35.17454779475034	39.69985859135014
-100.61151549343536	-103.74018475813777
-34.99255783546096	-101.09815711980613
-100.87640302744532	-64.30882741830605
78.29832106923108	-54.660374194553185
-67.8973959820668	-99.60985509545688
-112.3979948180369	57.7784421874335
78.99857867227294	-115.32547253943216
-138.35118062781785	9.081403917104309
-88.11982553236936	-16.903464114012298
-102.33117609967954	-58.180924665660186
-58.515914491212115	118.90700973911986
-22.52212527617126	-129.23692351776563
115.51549834388234	81.86652088927856
92.9336835677198	-100.40946219341825
3.6230281791327883	-127.03791562675174
-78.673525068836	103.2459163299939
19.91922782225433	133.30682234022788
-104.62970225817075	88.91072429715527
30.202092696443383	-83.80266549062378
130.02922512191483	26.136987690030825
-143.1831257951371	29.25396861026556
-1.8695238218580195	72.37527973541806
23.28759058615301	-23.30181728232306
-34.588952532131934	20.797137316627218
-22.453576130069372	-66.12107060068776
-90.22310176198232	112.04943175751
-25.64337323926884	46.85434127474404
-59.51367224315978	115.2353735366865
-60.91531656148321	-125.68934087021717
136.9823444016224	-31.305915010103554
25.173319179338268	93.5047975346598
-65.2741476154095	-82.9618869733787
-8.257514607527925	84.88175719762101
-54.83232320601821	-17.568867466601148
-66.74640398333787	-17.854165898884865
-52.37926220784336	17.00231123059604
-95.75273152851149	0.8157441955076331
45.19152374889916	-42.3143215439778
80.8842586642774	50.341373242028745
66.88546761998347	-121.15316594256271
-117.96690346506273	28.46772419509887
-61.23032382112884	105.65397530103502
59.729998365948475	121.24072762142758
12.056893813678029	-27.955057252177923
-111.96063182692103	-73.08428048082804
-9.003054937881641	-65.85433888487682
-35.01901452743806	80.97545291685569
-65.12264598057483	51.865253402004484
41.75421674952918	-25.17608411769281
60.6674954954711	-15.09729154784878
-9.355878943822523	-146.3908448615722
-0.4191260413559263	-116.21510276781864
-35.346805137435496	-97.03075798787629
-111.45945089670279	-68.02332991415065
-111.87586568369836	-76.11127794897958
48.52611935399175	-11.230759249353868
0.7394683085811135	-129.11167660038714
-81.15565279062768	-119.96950502570135
42.873002168317086	106.46228217017641
116.33475487467356	-16.8747212341286
-138.80736930483454	-17.79545599228104
115.9938075536112	-42.822823301748095
-33.96621330311593	-145.73886017894338
77.237728275179	19.873100951020024
-133.80568284167438	-33.45672193739086
91.69464481285108	-73.289150509347
85.9552168295401	28.99569559384779
94.35862897245276	-104.7152888872212
-113.30030701961836	-97.87022627814441
34.67506977577202	9.962446216586999
-101.13724486887355	102.93454097301407
66.39072818213205	12.73847599060441
67.94257598045648	0.7327086980010891
24.386653354997716	-18.568877368847748
-1.2867160488569187	-144.04016236816364
-32.08734214236911	126.71565945287463
26.19776694399233	22.721877547473184
112.47747332094495	40.04198055644344
45.115684210416575	-25.83795512691717
-91.61962812406924	-92.26300030392444
51.12030593926002	81.18143745432909
-14.248310170279073	-31.01555116321791
136.60439619685087	-0.9521256693851007
26.85855848156806	-110.26294263370372
-124.49767325367958	43.472558858940886
48.340992010571306	-113.31413257153703
-3.535793917246175	-98.79985876629262
106.42604137080698	66.28342973683658
16.269808157603187	-8.200378836972954
65.25578046314726	-58.1874401674543
-111.44961732212633	-71.27891840760122
-130.85839592109144	-6.706200136219373
19.697665599285447	139.92395338953202
59.34307747361884	-101.1282520565828
-132.46854788359357	60.427740887208934
-98.39820186912371	-53.538010028238695
51.069764839826014	93.01663437324213
15.01177094545776	64.90008039052965
131.80572079266756	-12.291110517585839
-124.69629495085884	4.703191483023549
40.872939297635384	-93.25512446002233
21.262010471226404	-38.831350003301466
52.82331930902849	-6.164454949845173
