55.79530238712492	63.88326025410601
115.61442961506563	72.83427762759685
-104.18142385291732	77.09422990913245
116.4855780370619	61.548185070027294
26.68512358843879	-49.07261749244217
-92.176142611099	21.744495575225738
-93.93193436789697	-57.15946763571931
-46.90315963411554	-24.594672413236676
90.2114424081947	-12.486542846753547
38.28745453480161	-22.389787394373265
85.68197956785663	-119.30015084239977
-96.58356698727725	87.03470286888253
72.37567435767394	93.42694730873465
-56.89210016712895	-37.04805923297039
-80.68009141057068	31.758308936011243
8.732988295303908	56.34398999436126
89.7813198670996	63.26141169420855
-125.06627918941122	53.10400719295363
-12.073299594129375	-16.809437079544246
-34.007783796765544	-34.17478177578773
10.75650495421931	-71.02582287340927
-123.96524963653057	26.440851038348494
-61.70524565498638	127.69889988158903
-126.3351870084197	-31.340039900639624
107.34251375934066	-16.997194435285206
46.69284987543724	13.5943356984064
-128.2204552465908	-23.34712571983902
-23.2894460966348	42.83101515168935
69.7680448864305	54.36397384515187
-76.33032327165118	33.218831375661594
-56.79804283236893	-69.68866663040363
-84.76208894296657	-15.158883683841296
129.34997064204623	23.981841485335522
-54.63586162348987	-29.64298633399709
15.566858480239288	137.07373579381198
-75.54568170995837	116.63492420037298
-40.039500382017565	97.1733987399299
30.79826607080891	-37.944876439908874
108.73802120446734	33.50679964408362
-78.49442602724828	110.94855090596845
-63.71163748346015	49.53767689066644
-100.76784912904816	-93.24782907031339
29.913362298302957	-119.73247237942898
-20.846866468353113	-147.57524546875894
2.244151981373072	-136.2019436732805
23.84530189668414	62.96953247045867
85.44760394781535	-52.92729277741528
-41.40663648158363	24.787716985246387
39.49636409014869	2.7613360816747403
-62.03733217854928	-109.71595068981404
-113.79412225871002	-87.13129946686776
104.02366405993402	105.28307765609415
75.54259127248484	-19.463038662752343
-62.400063331706235	-25.41824714715543
-110.18464803848089	21.5474080927096
-53.91709237823018	40.153440621956
20.365896619021022	79.01354175986712
131.26176137968216	-40.09915742591602
-39.98352367808631	-128.98345671057896
-129.30139243225568	-58.48331901200135
-70.73163926162675	-76.46904140404496
60.616503127119266	-94.9608790857734
-86.63024220078198	-99.16382944347501
55.161865808199984	48.38019280396796
-44.246542806154594	-128.6928484942441
-18.247484456033664	-7.878617085396473
130.98347513019638	-28.118974751639733
-13.492545193957554	-131.43774210960268
-45.88878088618127	68.44171725079954
84.39225605404107	96.20797875817718
-68.959558910439	7.709445735354374
-48.898954547024196	-102.83057226049227
55.394036435759844	112.67077333084734
-74.89469477784479	-102.33039405861376
68.02385216786219	-132.24521191426152
35.284744875990924	53.386460554748034
-28.52428661723767	-100.02166876739874
127.97630869268694	58.51851552094599
112.26101538194084	5.612313425911
137.48172505737955	28.592452628082206
-66.96611956591175	-72.67641516757207
131.90437694762718	-22.285473237495786
18.73213645641789	-138.65502620382216
-3.82277917036307	137.95025254744343
126.05456527926715	60.958675139733515
-52.23563582950274	-47.02572724743682
99.36336428582483	2.0161291245489332
16.570156075725663	-60.4425100938192
2.7540971998848134	63.67567385644715
-31.884227898462818	99.7973468483566
-81.83128885450921	122.08855247470218
9.815400143772136	-114.98548739642185
-13.687013236056753	137.9281709507357
-31.205800300030607	141.81973735836672
-42.67969889640643	-11.242280754085801
-58.761337482165395	13.912045009519417
77.7628824013628	-22.290674611551918
-9.904128944574161	117.38565610708626
31.22694293161004	20.34171701966246
-128.65413080997334	-33.87980367960083
15.150689405909244	34.7232305709743
-51.12665219105979	30.834738622891777
35.62714601940703	85.55193399532868
82.12555979906392	-76.18457325647363
-65.86043666900316	124.48396702156364
22.914609584568694	-145.4607874515661
133.79029251044614	-44.7728201141883
45.69241938982942	-17.908311149146247
-117.73089386866485	-18.495946775295714
99.14115693916594	-10.469425651169086
-29.643655797936944	-44.176674596858284
77.27418737008053	80.73864204627009
68.43769295163719	-57.80219770155423
-86.50417028967891	17.241081945809743
26.46046689099968	37.74730272367069
38.18953554071423	-143.40763962486656
-90.71007514295452	-90.0321055101762
58.613964735805176	-53.590324622166754
67.08924793743734	-127.05205173090614
-62.27872436519791	132.1110230407494
-5.356037313212168	134.92496744088942
-12.354327771271999	-121.16914532100947
-82.43251989462595	-40.90664502963226
89.48198077021759	42.021084491369365
42.13671861141629	91.99048943741758
84.8710628092431	118.92881247316718
-110.50932100445009	-69.93367269629832
69.5711959220236	41.59531852337311
31.138101954447002	114.38894969863476
-110.93086410715709	-32.51315832911125
90.625558243053	100.2988817361601
0.5028265540228505	46.30535687222436
104.67997335554794	-69.43136169940067
-28.157068959333518	-81.5996377132713
-18.893505198306713	50.59403499771799
92.06550150842611	-89.38032994582845
-0.15458270007654307	86.38293605353016
-108.61230810110709	-68.05255881699615
-40.96567011859235	44.45947872059212
2.0114054511277915	-148.92726512913808
-93.0099662411694	97.0866959610136
0.5768959978912763	80.65719047874393
-100.63456971686041	-80.83612493369074
-1.6180931480965062	-55.252863990532504
-118.10206954778556	-27.463500183468405
-7.701174362613328	-35.81230751119334
-76.41901550417631	40.759684912040974
41.79480697912384	-142.36783828983368
-44.892539604760834	-26.55877082091224
38.415263988231395	109.39062218781247
30.830392526616478	-25.260801271695918
63.678793854449594	-104.91205113166532
77.15585218860846	-17.80092454514343
-75.78503162107212	-35.086749849323226
-39.217343721246095	-77.86242351476122
44.47369519892025	-51.362620303385455
137.68373258387518	47.227967835482794
121.58665232276013	-74.81913144938017
-18.549824403326028	138.67677054663233
45.82909607790472	17.16737471149585
5.637690196028669	72.25458681395648
-100.50876758174195	-60.605853460816505
141.13398013105353	43.75553889096222
116.65366214294679	0.5605448194491925
-54.9483659818607	-65.88221849336362
-129.8407587834611	39.153159019586255
30.835351198929935	-45.78611677330691
-6.676824139308204	140.69332747910371
-28.395497614257163	145.34071519339693
130.3830225861919	69.08293664253937
-55.96750070930523	-13.81345507862953
-74.01285736917076	82.99557727805004
-61.29214323352225	96.97397251247548
-63.89176050820615	17.421573511549212
65.01875056974794	-89.86129526639162
95.21399009235661	74.03642012608914
-85.08918073991423	-12.707107374184117
27.83211425305549	79.54992559720746
8.61883142140584	35.79220571484726
-6.2073916776495075	146.59482728547874
-130.11578303672889	33.92994820126531
-130.63865948933267	4.5984880320244
15.30603592249205	-15.99221570111629
92.31563029840316	-74.32885883646239
-54.530516441610565	-33.02370094968479
-23.92063660934666	119.65135853208172
49.28276611241795	-107.45793368223576
36.85356077464593	-133.45462002369
22.497758521812955	-72.39556620454884
24.72606146388785	2.551844618059941
3.481361018892881	-143.37145779901397
86.00783002048964	-114.22330679840476
-80.01093573797255	-62.08936974983005
0.3276789134749443	-41.915080250310254
17.326888913129288	-104.42260851639354
-108.49035774653458	-4.490238691482939
52.91814819060497	-125.25371334605892
33.35694231308884	-122.56466414819836
34.49554779892516	-20.07884808561862
110.91379143659103	-59.734639154040934
