-107.32180056086366	-47.93947209637883
112.16398208343136	-63.138162054491296
-51.98891561355543	37.11743858353771
-74.39691744227538	-2.240482934808261
0.07615427563531099	-76.32278479947762
47.789710641442426	-137.33853880016318
84.80877545973699	-44.33209134193508
-109.24346813483571	1.9293622070190481
44.11912312960364	119.79388900485667
8.272469118821716	-91.04626395896183
34.33533974006935	34.58445100304473
-105.71230287176668	59.55796430973005
-84.87524470850079	-88.37329395004431
-27.353600991207603	-71.51298029267919
-2.99666045784848	-27.994115412736438
42.50563961134694	114.73324091888655
124.97037167544904	-14.473463075059872
10.528285355657667	21.808605878346498
102.815370849173	70.89162896571027
-74.73301979387047	-124.66302000383111
53.551087579982166	-33.984553650422384
-100.85226091690946	-39.47918371105713
-103.344706818073	-70.69187933295316
-69.85664438662718	-17.228922852534456
125.3753385453071	34.50905021957202
-58.46147911876474	-126.94189665395406
-85.10783484501722	105.28082952425147
70.17363667319808	-30.014768313796747
52.03135277989195	124.04679861521579
-31.017488635981497	91.3134075465941
-77.39412342218195	-2.3615076143431746
-60.85525837173267	8.717542081660072
-115.85889015589521	83.83793907441107
-38.585214349874626	90.09093138434275
84.01977691862214	111.44338828036469
25.82399097733815	-54.06370076976509
-124.62016181965197	41.55921385792727
-44.61604557963297	-22.01610324532095
-19.03554038840074	-5.732319680572252
-133.11041689132767	-68.33905427251129
-11.387596022217595	-39.0501300268907
-70.04727001328148	-74.01378341295771
-21.034427836028527	139.00080561471165
-128.12081973281835	-44.956594426960244
3.549106022567833	102.90217387374163
-99.44154550961038	-62.092434537652714
-108.3105889986915	49.36805367006036
48.19291049032905	12.186283117131527
-8.042585514797397	-79.65964436826975
-12.703058376424712	81.30653992428789
80.88314429509796	-44.33734719137359
-14.980409689462407	77.06316802675744
75.2074978180301	-1.5961374723865294
-86.93595634077707	20.6110051011585
91.10346107936749	15.256336623900356
92.90834329378121	48.27609163421144
54.357589767624646	30.818808915841377
124.96095747631175	46.068796769399455
-15.521921739308372	138.28988829216036
-33.75196911040518	66.66719177907784
40.31136153876079	33.90074469749015
-117.97195386782381	48.318088528371725
-95.60367773367501	107.96041897409272
-18.421178735489665	-21.248477719280473
6.012691762255158	16.989910713253458
55.08646997406829	-33.05380018914083
-123.50228409900609	-12.450571944973447
-105.00753880379635	-103.34887261390067
125.95141082297621	31.934520550443693
-105.81221850651627	-41.194756012721356
-84.84512792123088	92.54007568469885
64.02296423281791	-33.04197413771722
93.69718327480301	-81.93446575058135
-55.171328393831885	-64.71967225295116
7.918086010212424	-70.29795091373674
-44.86217440107836	-57.531689307146344
121.88144360273775	13.043700474786915
-38.13845126631038	-125.73001743622655
50.599196596825095	102.61709794826177
-15.58280095188137	-34.55314306726116
29.18027262113492	1.9291703214435931
-26.102436434648332	64.84533089540052
-79.83046542260574	-8.52306253349201
-47.63455867733132	82.70064333814177
-14.257466714184885	-38.82468781208014
-126.43625450800062	-18.16440969837471
122.48446552680115	-31.72166886636682
-55.356004419568485	68.81830157739736
-19.796821377621928	-110.79549928418467
24.472845678621596	-40.88628832127546
-2.1969246179107778	96.63122158611884
3.6054628564862243	-138.86038917161278
-95.53716055152772	75.74071807150735
33.38589679039089	34.987381270447855
138.05974560065366	3.164229301626697
-4.852788122539661	-123.66129390139159
39.37219000967765	92.97094853111439
118.38791325924029	39.45060673701237
-62.34789611686384	1.0934335750008928
-63.533957882236315	91.374951583848
-42.15918610823451	-110.11793953264662
112.83299644035526	90.23842546560111
26.081992844004347	28.719212076974426
-75.65961633481335	52.04069106898893
-143.99182561450715	-18.565697661207412
31.422795995974937	-62.450633561147235
-116.15812417744155	-69.31304043856392
4.919496837328067	-3.4529824002120546
4.854047980985454	23.639580998120856
-70.63922899579231	-48.80178526524571
-73.74900568283995	-108.86880937382192
-7.330570291908427	-47.84862377315928
92.57687197634895	-6.61284785151962
-53.29447675653616	10.85046283163414
-48.332423704639915	51.91177256910849
63.71768092372815	-85.19053034578093
37.61847891082518	75.9307035297189
67.19057297649417	15.920472280754451
-88.2452024669619	32.65679586274149
2.2048236762725004	125.57418305015266
-41.260603751796076	31.37626454120232
103.48226213654812	-9.071738737408063
-45.60576347830666	64.04145361696898
-24.09441600576777	-89.09786064766104
-0.3434200294819493	135.959087920292
-47.64211688804731	136.56190260015887
3.178936177831147	73.87081446687094
-107.02699292635468	-52.14949006275662
18.4531904366374	122.00294488134529
-27.187479074849488	-134.96953715064507
-60.335412361544364	-128.7947730167623
-90.31362103470335	48.71617082771977
146.77154735842453	23.792118529147356
146.30167652030602	20.963572054439055
-104.48995691805564	-21.848987325009524
58.70350507425521	-93.53940991128707
-99.6717878969178	-71.34357775810695
-84.31612823090708	36.07843906122586
90.07434492658211	-82.35654466421663
35.166429237536825	101.65994103830802
-17.9201307916904	21.821918852305163
-127.01556785531663	-55.25800030419447
-37.65155477300058	140.50761882975752
24.290581744315794	-0.3491501541157066
-127.3253919341011	39.32728686283172
88.2939639812214	29.748517537112612
51.41606808305166	102.63090881176971
-103.8643234060864	-21.496246882002403
-105.9121826118496	-34.45430623503808
105.03083095575352	-10.498400154348785
-112.12062722986762	-81.42426424634283
-62.032396191364086	-107.38194554207956
21.77320174924349	93.8630168669634
97.44999846335404	77.43572092632473
-118.10957987336354	-88.11187815229503
28.087036152949157	-31.90696313260105
-79.71416721939387	-48.76141819691873
-131.00058389735065	49.23477171510598
-113.6947298874712	-60.84610414047156
-142.2545599555727	28.276141611511964
18.803268676146427	23.284320016172543
-7.713448677795445	-139.11489466186836
-130.6091150083201	-27.50875134803541
-109.21685086640831	80.06283375373437
-107.88021121218208	-42.42960536392457
1.8830267778329566	34.126053102689646
-99.04608247133562	48.169460745115266
-68.80730338921643	-66.63299169762928
16.228079797146297	107.68049433747954
-0.8148926659401295	-129.05810844895873
-114.79012863398053	-15.242724320436274
52.383911677739896	-61.95636221706999
66.62477458821212	-95.13177508148583
-43.224943510599104	1.48970729627126
3.6917707035221556	10.349185062714453
-7.96833183493364	-94.71476285062806
-113.85345625286807	63.828548658243896
-112.70198039384267	-76.2071769097555
86.9071824006493	69.41560484933426
-94.6470662491659	-102.82065838933273
-37.29264069409248	37.97819226508569
-74.32695513481538	127.15300029757972
142.8673497641999	-18.12533979763414
-105.80732693830427	47.82936025466736
-15.88082509830807	-32.696287021139966
-70.24726024904463	-72.69722718715715
50.35335817592005	38.706342447503985
-1.5483617916115002	-118.89983648013344
-29.005047644314107	58.5911605251367
31.513576249340787	-99.2337738449967
-53.04657928778498	-42.57541873216303
-26.17277504568747	58.36524033027501
-46.25464946893823	58.6411788865265
-2.9713733629847523	-25.45763518961626
-120.70807506895977	-39.270172894874634
-40.77344531199602	-72.3800360960551
68.26913835170787	105.10354876182309
27.91903543504983	-117.99909904380303
-16.507454400034234	34.85740621808354
-61.13033449554649	-57.30501079519676
