-65.81010068827703	90.45663646735036
96.25841709721377	-31.28753501566358
-96.10860915820446	-88.94786271028813
-40.98168427688743	-33.3504820533501
-6.761014007934867	-9.693702775866294
-81.36425314882236	19.405322251574766
37.15740032388713	64.95729456571794
48.500516207463356	67.54734337776867
-56.80148710189523	-136.67077732038982
84.28101223789535	-75.30597711382441
-35.72231675137833	109.44831629970093
-121.43234011401658	-2.59725814074184
94.48573449399977	-4.611827280157108
-6.675689987868022	148.2646056300406
-114.1480211951225	94.17330427206709
-86.08172381631634	99.4884735179309
67.5735296150584	14.031816509497135
-140.47668456798328	-8.410098123300667
12.233527691866712	46.05473027279867
82.25607859440333	86.06143798745295
-24.966886156196423	-98.30562181677261
2.936698660227814	-29.558897896175726
109.24791610848281	-91.66679091272066
134.6382125207219	-59.13662765970252
97.19915570972763	-104.73156721133752
47.258952690983094	45.79404277376072
14.276498581153197	85.37139079874125
105.32359811175573	102.03396943608861
-29.632271204495698	38.94184439934327
81.4783088083844	80.5334832411772
-59.6807203909209	-85.80482235818693
-12.137236427406334	-57.18746957136948
75.98295360175511	119.05706341705023
-39.67561822228773	-38.00421013578762
114.27854034119277	16.622931026943384
-77.5188341225776	33.91017854560361
-21.356489612409273	94.59638473755935
68.95771182555531	-0.652150241350753
104.87300094051184	-55.287499900110234
89.50265150435425	119.30850256590031
118.90211334124406	-67.94856246203007
-108.1910555844084	60.55433316043481
-115.61697123791359	-60.42594456153335
-134.33807235198893	-28.934971530636123
-15.389941911458708	-101.95812535963711
-57.47161707799878	97.23943572647599
128.55588755816095	60.18094190696234
-108.74578218634473	61.91259866893306
-53.17304740633175	-15.269222336144546
-124.63164563179146	-44.79405673743375
5.977675023467236	-21.798154308755777
132.7945537060424	37.88091676668
132.80688183466768	-9.953235089712795
136.47773583133716	-8.100141741609205
18.7228901884934	13.427049886845474
-82.38611019422635	122.85205580216162
-99.12749268484613	-63.179987480308284
-93.86800696048412	95.86389370299864
-112.56403717640374	8.770254294922845
-40.147040719802	77.6696513148794
-19.23879374637398	-79.32973642392194
-26.048385950989807	29.91647762443145
-99.93479093843804	47.11288341494823
-50.49657942261084	-26.09313049124756
110.89141028210669	-21.73099812155206
-74.54339980691037	-92.2165741018687
81.80515199626643	57.05026565378541
-24.880373025629375	53.83563824435305
-86.38043679059707	47.69000016359595
-8.675475348486206	-140.33836092827363
-95.91573131829936	33.26030399228223
-47.470005723910916	-73.87835518476105
63.46356728651889	-100.70781840815997
93.53984440811573	71.93537717168874
4.458202180825748	-44.93323536968245
-2.0256496825373778	-72.91731298358434
44.73477782222814	-95.51390130616505
87.3508475391504	-24.74426341603239
-31.03492877210494	78.96748512025694
-90.34768416508045	43.19553633621188
-6.433291318301966	80.56475544470466
-41.180641091687235	78.24492407061574
-63.43338693440114	115.68437995050665
73.23578332973311	-78.20944518983742
129.33797941160313	53.953171411198255
42.78239273677904	139.68633668638046
-110.6599320795191	-92.20151141615007
7.202369147229091	-75.21054090496258
-33.487475448909215	-97.56291513140536
105.05606256116667	31.652769779826034
-132.67662751141586	39.638421929243
44.880935614725296	102.77969967475939
75.1970320893178	-5.612922841493941
110.99113903765458	-0.7727328559272522
29.965332193538632	9.923708329517252
-67.70854621102946	-119.095103197986
43.55540223026956	-104.10529699377251
-54.82601648236264	107.97103838888309
-23.317693265708495	-63.06675514566836
42.774841309228584	103.57769393048837
75.81378043345659	78.68672524091778
105.3070257638364	-53.40530533613578
-86.31127249257548	-107.78365086709202
53.557433929199675	-119.72350075844922
-108.59146971985095	-22.639940549293932
79.89441849101651	117.12579288569722
-64.15659688639307	62.83584892938934
77.48676076223929	-71.26145773301089
120.30049698891943	11.8345049063005
26.47240822235263	96.00240684712551
-1.862052298206891	90.15787580604976
-4.101688321661021	50.12032338356435
97.39104872739976	69.4458197254385
38.09599438077462	-53.687414089316405
30.028877612005214	47.00003697635363
30.726577688269526	-56.1633109966612
-76.32185887473915	98.31472442252377
-53.800624669723234	14.784300356200683
-144.18793155975683	34.28047050828693
-29.979515437924952	-127.155061334832
-11.019616907175184	-93.35469442148893
-73.26069673794414	-89.340540826677
1.9490535386373562	-12.953789413605739
137.66007709245693	7.188305784451636
-78.08128674200779	-2.360712579804933
-39.759352972298	-6.04790960046641
8.74135382114476	130.31217899738488
-80.76855958434275	-29.866824273366245
-110.60551757933241	23.153737075898725
-135.69663129418316	24.023615770807346
97.1949540741868	89.50752212721694
-79.95339624468403	34.442448478501376
14.407554924547092	-139.0614812160823
-78.97253569677058	50.12446190952535
-105.74148748247839	8.323089420346802
114.95363400734031	-23.79037845131351
27.681660854559127	-28.823499499185555
104.4760586775739	-50.208958161434246
100.67411431233722	53.447269584330506
-103.04687658087934	-95.05244295974434
14.833110570147607	87.96258280096743
-60.856391799788014	41.78211139095416
-44.234349641578206	-93.62104011879421
-109.38184617566077	-59.165647480260326
-112.36648493971772	-4.048876604374135
21.969155581417144	-51.254329794243255
-36.35814195123655	-80.65759222713028
16.35486488809512	-34.17159744172763
117.35918341931556	-53.494524215580576
-33.35918317615611	-136.94342686498698
-25.378628952767873	19.58488708925363
25.197469084606038	105.76958967686664
-14.787183447386278	111.8744383522658
-79.13427907021345	60.094868321431456
-6.617360805281747	-106.14951526383989
122.4215398856113	31.559357973273702
41.000009693564465	-95.93136146410866
7.349329230960754	-143.6598773971532
-110.31544297262522	0.4043384426240117
-32.46676618087445	23.6924868686673
111.24932056169953	95.25436230830505
-14.188753646573982	55.69488358918671
102.56385605851308	84.44526736743082
45.66823499106904	-98.84224935935056
-128.8905032327627	-7.570891457518733
2.1698147955544007	107.45912849932145
36.19064517667558	4.13118738132777
-90.81133265546413	-13.752646267298708
1.5496624556760084	-118.16527891976266
12.305477537969631	-118.31494047476748
32.79785380293818	144.28375076583083
116.74406803011452	-3.623298660741579
-72.8994266851907	-33.62371254605567
-15.402960239407964	27.199675415421755
-104.10566994535114	83.07437336683057
100.37587671542714	99.66804224053534
-117.4002034885403	4.903889193414095
2.1569818041951163	-104.15770970005151
-117.23974126338452	75.0135968820059
49.27115117140673	-54.59272332978939
-93.70919049598318	13.786206807468352
86.70378383588654	-62.48780951907264
-9.6593806935333	-31.899533608460935
117.10979058711523	42.17018306327048
59.44544687397667	26.623971060304484
26.80946649766597	-82.32374607804802
-60.05993165774053	75.6233622770347
44.651620389033965	111.23270747832525
25.44223326489492	-28.741670435325872
87.09376794851565	-9.168678284611476
28.34785112259147	-73.2771342736669
-0.9099670694986618	-5.7757213774158
124.74629424320614	0.7513321514633642
57.2961144251471	45.00768077951575
-29.162535672994327	-53.799718207885554
-112.9374469162153	72.10652879991444
29.47577749794096	3.624975763373989
-8.16015987982566	-142.0873344606476
-108.47384310762608	60.7347739215276
-33.6954072633328	-52.238992585384565
