103.37173318245105	81.83820222093581
68.06811226534577	-41.734675315883
-21.632327365938874	-87.3484264586953
124.6527015241227	-33.312683286569786
-74.58231410814018	29.279017877278026
88.74117930285158	-84.3538496562846
24.27142627703826	-54.6322227225692
67.9986410613327	-68.04902756323058
120.73192164432733	30.31567770709927
-58.483873734078145	-83.231538645819
-19.008149697876995	-8.457575487691821
-91.78890847529104	-26.802132671976135
-80.5147372673147	-2.218361510879903
13.599304225850213	-45.75923992193663
14.051108279228021	-2.8586042433432897
15.225988019419958	-28.14721698632896
100.30680492613682	-106.28554551117993
-129.22435626860442	13.114797738641773
-53.01118885481041	-135.40311073511305
-43.834068120064074	25.71404569489483
-72.37578830029562	87.1677342333347
34.25238216713988	-26.472004636229222
20.330565775458577	-13.777223859165666
-42.3143085764912	-93.27821310252074
63.230722476317794	-102.68692978818953
-24.17222705868169	29.08361325268089
-82.89353003602925	36.6402279540304
19.437686566014158	-40.63168562080174
-72.36854396974239	53.945581713917775
99.79937906566953	25.602483273233926
-52.67324206332712	69.42611713421597
-91.37013000365258	67.94926335054367
64.68072397522576	94.70839569739087
-48.25416660996079	71.85109875521903
85.79076151956951	-37.495461053866286
62.789492816368636	-77.33987325363965
-86.68000209587227	30.63946204851578
-32.622188436970504	-126.69003585179887
32.453279339217296	45.77776207374886
2.2255554970816545	-138.8464766466217
-85.33428591170934	13.084629908985725
-21.889222785052393	-125.73774749955805
-87.11066940194347	-110.89042639403513
15.272696157700562	140.47928865023795
51.18734986037951	-86.93715712857237
-68.30352380871923	-33.28963334287184
24.892463294021532	-114.06127703209077
53.44059370530424	35.82276765858422
-99.85037243126837	-88.4213365020226
-32.910544117505545	122.15627825357343
85.86469632718139	-102.61172311915662
93.80593049221257	-30.80164514816933
105.1721222359866	38.483261972998875
-7.73469469585656	-47.45022464816542
99.24539062999445	74.98252352842661
65.44213899749512	-81.67739440012943
75.915577509721	75.463149197375
46.75657327021279	129.88897644368774
-1.3419028515699654	131.81587257415515
-15.234708153525245	-108.67260852343628
-23.60527376740062	86.2130117972868
-82.50718895620147	-56.897813816514756
-79.91530859834413	-38.803686088902346
-47.733525210209784	33.65460513696448
-116.84882767066681	-29.602548967659665
91.89289803342525	84.3491721896849
105.2964085805433	-103.75399807789358
26.979188612369484	97.5985352718656
109.34306433385024	-102.38737016430903
-64.43320791537695	-7.621016442361188
-91.71073388545769	-79.77051480499482
-6.85687181858786	149.44991728219333
20.763416777460087	118.22094710755853
-100.71559242573349	5.889999869034033
-11.720716930680553	107.03177830115872
-122.15375761705022	64.05044977138493
-135.2275911858476	53.324335319584655
-13.243996377832984	100.18953793073972
-34.16996195907527	127.32140172623924
142.8466877902922	-24.552255173163275
-67.94370628346903	-41.60968312319258
51.83073015096214	-91.70435530698036
143.5173437598445	42.42248256004715
89.174574484561	1.0784167776977054
-117.23089619967136	-14.138457605739312
56.4242539798635	-107.70103791214176
-45.160057214317725	-37.80091055419169
-98.88050776695013	-91.4960559723805
61.73764038390991	74.0184265445673
105.13972820072203	-14.244801127627898
-118.17812263721329	-22.31337958982193
76.81565758578029	57.751713160865926
-73.3935982300643	43.90598155038669
99.73611470352573	48.44996190035525
-76.90398510485306	43.45616290123202
-23.63816348748399	-95.96434761849368
-22.013199735674043	44.210722529641664
-53.24020393950823	127.16996329772574
-95.8562563954141	-8.659715840448182
-43.1563623162687	0.4105620989394853
-130.49377509296679	27.329636950735644
-20.895975603979007	-2.2198442640836777
110.89362114210553	34.46584254906653
-124.09758167214814	20.241660432043112
65.50879607405211	-3.2911709671345135
4.888367399695351	-54.124310816442566
-11.838362485068053	49.21606742349128
-65.58988807619221	-134.34244065467885
-62.72356390752222	114.25938950814275
30.135226749816994	78.28060865876225
12.811244187041117	-85.94137375086517
30.347218052080127	116.93204580366124
64.0065562897829	-78.74503044193392
-57.09578495359643	53.34064662087935
1.5406911405098918	-35.80921555378257
-8.002743028262696	132.56192181868
-81.11666870083738	-115.78068938802707
15.878370750472273	66.19638418465708
37.41567340769112	5.165506104809393
20.399896630995457	-47.464914367958485
59.72850774065524	-75.85077374120347
60.02808766323202	-55.96395495379315
39.60193976460465	9.191693267331948
6.9369462771377	-100.92782329223299
34.79880545095053	-58.113840469054075
-14.671722508966583	35.93165170217501
-119.57822593913882	22.459541472428686
-95.02319039544057	62.06436067593743
-126.81624267110656	50.11579886061514
47.08282584014076	-67.70924053998105
-48.08231676675554	27.278215768532377
-29.086183750942887	85.19161285510563
90.37857357014576	96.7089556322978
-33.54835047518394	-65.67833486962013
65.39016586734934	38.23147042951906
53.41943331753522	21.610634755472642
-62.09401637107186	-135.4286021210433
-50.59292088197517	-138.5814829788315
38.26966627619747	115.50586892690221
67.02216153135056	-18.478007471152647
30.910220067520644	-127.6404163648087
-44.576696002469426	-105.60028569799013
3.5470606316170032	-129.81778182746365
-118.35329419273785	73.1555251751285
-81.38382238894692	23.28833864857097
98.29233865296365	-104.38792024438236
140.37885134579855	22.61283957796438
35.8874103967581	-104.98823767902789
-117.43430968748137	40.15025348564319
-93.7141456060145	21.586255162216172
-55.59290240754229	107.93164902603189
-86.9216978089852	-69.25448779290859
-38.37011174228467	-76.09981641171512
45.32635723546601	72.17609704235129
-110.91202766375413	-48.59021285784387
-143.16002260495625	32.08330738114686
13.410840893706995	-65.99231514750826
-90.20007811091266	-26.382202313992007
-121.673518666118	57.65424233891766
-51.74267274659867	-9.510729703205515
-149.29928038895872	8.858761825927502
113.41924714046897	-48.930484585463795
-54.273403733012756	132.46663025604803
133.55415503289782	31.929491057993577
-69.44765170402964	-112.52803971717111
-21.619163768686967	-16.519249815223592
80.73790089096255	-51.25967187229626
49.8531013173876	45.349445080745454
-138.60288044847144	-19.855513158385495
72.2345654235126	100.44206569481423
-47.194711508658564	13.483646451297192
27.456967993527222	-85.65666515267732
24.66893747088497	-30.83629893209115
64.88697881740732	-111.53297322710014
-92.74450330693662	-28.47124089457167
-48.37792690941726	-54.156530034641335
-102.31099559307056	-34.358381749968395
-28.508461403998343	-11.544150521301944
57.12087207511287	-50.26265783221397
15.8964687279132	60.75892615388436
-134.12602839563013	54.311056560794626
-70.95156197386154	-58.74344634918422
11.044569800683414	-114.14315232175646
7.939584541868919	-106.08089786121135
90.20704591838368	81.82174852183347
13.914214745015359	78.01605810672646
44.279293410465705	-27.511537766878316
-26.77043171344598	33.40666284197991
65.95580134753736	1.124261650405273
32.33487047734755	99.08643243657036
71.54446357801493	-13.856620031360821
-36.23222849943951	91.93624088952274
-19.397106110432812	-16.824378676071824
-17.371018627253644	-117.55061637430467
-85.04468805446949	-111.91977934329316
-23.50848360908048	22.762355940721328
-63.453548955296	29.657071145872816
44.40038891445289	-71.96137622216538
-41.881962999532206	-68.62079929202926
29.817884570297153	4.422638994825882
