110.6859116205368	27.249354468157957
147.6072424905	14.568608678497087
29.955787751553345	20.093008186559903
76.92433866240049	-92.51586463699165
-5.5660631918361085	-25.26855025442596
73.68904441553128	-44.17748974998212
17.203375920886018	-11.068254445506426
-5.758112720048568	-1.3964364207802515
-85.79872250130562	79.73026418190241
-87.1525246935324	16.241331659660812
19.04063416024747	90.62933473581438
81.87511132103697	-14.97657265060711
112.14215428369262	-97.2147103995062
-31.422238825560743	53.63530153620185
-83.3515576608277	7.74214258306865
-64.43058796958185	27.241293014913712
-50.24211035207329	-103.41936725932133
-105.00070353858202	-64.99302122386398
-129.14516758860722	20.83423530082979
-101.48004733169732	7.764673294318397
-16.40220226813704	124.67480364966681
-104.18333310157531	84.41110377230405
117.77035053205795	-19.34098300245012
59.469289961400015	-93.91741682584158
138.66925492633405	-16.850591877002454
-92.29020069715583	75.460586760456
-14.75347447453154	108.20878228638905
78.86402956477811	-82.96369735611852
-62.27282401461688	-65.19627390670972
-111.12979402651222	11.361562173704465
14.258459657486945	-95.99582230548417
-6.374739639074828	-143.17020032377363
-40.37695942713512	-139.18634204719945
101.59334888972673	18.804427194189092
116.63589756931036	48.052007486295025
-118.59019936951455	20.697492760279864
75.83827959994166	-101.87439880411152
-8.506018429185183	-112.0604635662649
121.94918162031776	-20.211056567750575
72.87308267628755	-87.83254553333641
35.7483967678623	-121.57758158309802
65.53311682975554	-127.734192002289
-83.57058173788168	-74.30173640602247
129.48104739720924	-29.34955251517844
-69.24991227633737	57.08933271370691
26.01581324104506	53.05617744217521
-125.31412348668047	-65.69186723829836
112.9356095082564	-56.57725254031573
-61.603215066690964	19.060791353065845
20.049209073445507	87.12289974369928
-83.59717195807347	-36.70277354990063
18.120519168043273	-57.654911458615665
12.448516644542941	-41.46065985923092
20.784261299075744	-79.45659910294043
-103.06102259330963	-51.94036282587508
-49.44037314506442	90.63994542744435
41.737973211116085	-97.69416290981418
2.1857638068789846	-82.10545555237813
-79.24507507196074	-102.25559834556658
93.10878803662057	-96.81997487564436
-134.54216714711717	32.07276385281276
66.58392423078809	93.73122404118605
-122.48607657239687	-73.16836105317972
-45.98502394396297	31.603198670541758
12.162594698670688	117.23312498088843
-91.74413765057285	-64.97331521356088
-96.43096118245501	26.091733429472225
53.881942084332664	97.16613951256119
-18.806531798078762	-33.482810546306034
55.495452056540316	113.75848323115699
98.60544829354079	-25.742293202132444
13.452261950004523	135.64568147573814
-70.2357732760574	-109.94793613454401
-58.29481360618257	-116.8521722589948
-49.83881627718718	64.33730483380566
-107.14332179193329	-55.92678399227026
-6.241998502245977	134.07976470079407
-109.75250839166765	24.820029782193505
51.32524296120736	22.792620120855013
-9.990241490056777	129.20172335549586
-84.77220608407278	107.95826857090903
48.54002248143495	16.47851641834628
30.81878935551961	97.2559151159494
-53.05189901475288	-31.969168469228602
-81.46126597817269	78.47842855250093
-141.63396392525885	-37.09418819863034
-19.09101724400327	-9.096922703517151
-45.44206377406334	48.215094324483694
33.545067010275375	-84.05904857640122
1.9439159856713706	48.03344471835353
-61.63738195514829	-35.54094448300341
110.54074523658949	60.950410473794626
3.0447556072244373	16.087583086404187
64.52024940653239	26.21549459893699
23.61073515586148	95.56465257506028
-94.59642494537997	23.87886575119299
-124.10093930827186	-40.820689239161574
4.939752167271797	27.25301352509227
51.65638701441026	-13.216794763940447
27.147400865919824	-61.58263569185302
-18.491323103326057	-94.24709360699943
31.483043295393774	-114.32352331303173
43.61409225205144	-41.50345494930665
-62.39236432372178	93.68126251520661
-113.14934858879334	62.91436828516838
22.679787103812536	-142.97761871099092
-31.105614452046073	-103.70607285533423
-10.82412107282106	68.23473735111702
-45.469004374254716	-17.658601961515117
69.18466229808723	62.773653250880635
9.724237114156198	143.07689684640744
-99.07436985972122	4.288219841105504
-106.25027251545299	70.11465725506913
-42.560967679224575	-142.97412309163997
-139.71141276984258	9.15355401446842
4.475206092849046	141.69522914472378
-130.65008161352952	-66.76565699434066
92.91019316372889	88.0001565034837
149.8602929100286	-5.158997047096088
20.318442939759613	-63.799119364168504
52.8303947704003	75.69945044173102
-19.478813396782204	-123.42214920320055
-98.6062805835952	-41.74696892106926
-13.820488496018983	-112.0686033164517
-66.56315018000971	108.96643456070157
-5.72341154783414	69.79478174635041
-93.9393613633137	56.529639359593965
22.604168667814818	-63.83340793323268
125.25403277465738	-41.64879127539254
129.9278849803212	-23.24680152016428
5.742245855122105	-126.61934539742289
89.92089838832851	-55.60267328229032
84.94774361958275	69.97987779971645
-128.93713581927747	-34.537475343912064
99.19090431254925	88.05231978004774
-9.808760691670813	-149.26721359592995
-91.09724649187248	82.077973247385
141.3941344752588	-23.52771850449309
77.17150654745306	-42.26980025486068
128.51560076279313	65.64371419250129
128.3575948148196	62.608274197074664
-99.83695518442615	-104.89603861702471
-41.99812013816391	-111.9826472958338
-77.4955184145743	-11.907691937434242
7.989736121022763	91.38755410726304
1.0854185798911666	66.43925852124305
125.42157922779168	69.26132322997213
76.14166647987905	-2.938334978819356
-42.56216313639714	1.4334091958917052
-25.150130235028744	-43.636156981247105
25.992133050174	-91.30400203448002
-131.3467512512335	46.69309051223849
138.50129290226096	-9.709458248108158
-101.07346799826364	-23.278881202190302
-110.27547124353075	92.92186351230161
55.92077376062974	84.26718006969841
-88.02766280033762	91.34521543372469
-112.24795481184438	53.240235896345084
53.35651332075079	-107.83336726731493
-39.92480044792142	-62.119581262878555
35.88006779933159	-141.92653703056496
-111.66589198782565	69.8709367800207
8.4259645333711	59.743434827257325
69.29980329538786	20.145194694667456
77.58894604872081	-85.34314003120923
-120.2309140654638	85.12893992361876
-4.112293182718279	25.05477226010575
-120.35404237093562	-8.295281475833429
-97.83257095461987	-101.18306649436072
-77.73482574894946	19.702181997072792
20.691185074240252	50.25606951070204
32.91980122987	-140.0325053766019
122.37616428761808	50.116112587852584
-22.83948999253164	144.4357333595805
-106.31468036083756	-5.5475597552156
54.36046325752031	28.597903286566023
-66.03893240776333	78.7630463182105
27.13972975310917	-61.90968818473272
61.99110513933277	125.82756999965376
105.02784676079406	-103.40990907704101
-40.7448809753235	114.56653819172728
-3.6052876991781626	-6.235131132161185
-130.47060456739135	-8.356945649528575
91.4222955606647	-17.998053005063877
-101.19059917339091	61.32563550123809
3.944987187174109	24.783996914042955
-48.531323037034326	120.72756118920044
18.132767381554686	-120.80875062667786
-36.10220012907803	-121.00786910958426
-98.80809087467202	-84.09228800817033
42.18874729828259	-74.43914804818378
-19.525676782481668	-121.13012485846022
56.246873306573065	22.90980499036984
28.643079633644202	96.06236498680794
-41.20336285059361	-6.359148626980973
-11.2876777254752	119.97334195503224
-52.00876126922421	-134.531799486676
-80.92553564093522	108.92649418681654
-50.95857302816969	-15.440006461021719
89.15532478336954	-50.18364367639744
