103.82352450099712	-103.92636894511256
-115.88215547135057	12.952047467898723
50.53956092292103	-12.191348496411683
-110.55620609334777	-44.99880700757333
35.75193881939441	-135.7088920875358
-119.14793010091188	-78.78661345262992
47.23437012634768	-100.344138311452
3.8185097854719396	-52.29618565171066
23.654575828691904	58.96246708457699
-102.06194436032752	-42.45074183360282
-112.77294784082555	89.79754786565638
135.59279891757262	7.668157071539352
-74.81907112818296	-67.78762364120267
21.418315721832208	101.04384768491822
30.89368396820204	-30.03570518633773
-58.14551466099371	-134.06135160215197
83.98975699662228	97.98984603634835
84.1399909010789	32.90145054855979
45.25743846673199	-33.52848657162537
81.85669396617033	-20.38140118527994
81.11544452134927	-119.72299371736031
-5.9227313996183435	90.19011392884379
-30.892893860692016	118.08470479988111
-91.80472517079886	112.56311687139667
0.6469589166445994	124.33148676333555
-26.48119299445719	-131.7663485640319
-111.77655036443731	-3.578114272919802
-82.68983907401248	-7.10976412446991
-118.0368835185454	2.9215114463286835
5.6862771227185425	118.84213162702271
49.11795741383231	-125.8180560620345
-0.6740467522348713	-49.623451150423726
83.78143993984378	-89.06192965039813
-62.91012150466499	51.38496629416493
29.881609071874614	22.137788828194235
-68.74091245526415	-13.910117188328385
40.979985469274354	-56.428827261967754
-26.678656811416754	-145.74205020286925
96.82802207678442	53.44155953163769
109.97580211874396	99.97871973912379
38.0758105418474	51.68726956561659
45.457538947924434	96.31143770234307
120.7982685026965	-25.46872885405438
-91.31201146273551	54.820906987772545
-59.157687263079296	-104.9832639978981
37.84227454781184	62.94555733112641
-34.708985202932325	-24.525081580154612
3.091764392929101	96.1507557018379
66.4202841893689	-7.282519846608818
-135.9538198264349	-45.28865563251158
-52.3961324634887	91.20028645913924
-80.24487797958017	-85.2045241545114
-73.70817251008147	-42.5536869287502
-29.523842681352413	7.077824407184127
37.278516367161714	-24.044078925402108
87.04222448993369	-46.86182760054547
76.54903858188261	103.05038808014397
52.21424497018885	80.52190154862991
97.00734382286674	-5.213038210694672
-76.25448484406297	-85.23438523227932
34.48324256031922	79.50511912156249
114.33334875731921	62.224653920878055
2.0849925441825703	-145.42288179874203
111.44512890008704	-74.59150977912049
50.493021130056825	-131.91921813420612
-13.477246364157214	121.74667539752018
69.44258450646527	-30.761576803016908
20.55686426532735	0.2548031560248486
91.71462380590819	-92.02787390924557
138.27454561237133	-24.00541879288713
15.80583158055089	-10.345545943540891
68.63005951859134	58.222754108573255
39.79751359880724	-12.511202168069524
-75.72042864858959	91.82815293308941
-41.66155454335388	-132.33149259098718
24.415030050068076	49.234619241961056
70.48033862910353	-29.55069783989136
-86.96730774872759	96.2078117394806
18.432132577960285	-109.32771852745665
86.50491221903944	-32.865712176229614
122.85360494867156	-57.70876559563142
-115.66118408840087	-31.686953144791097
-35.58046319720227	-89.15667793612992
-127.00035951387812	20.90363452070827
-87.3631182594231	-89.85850456925257
69.70653345780092	-53.599188761698144
-7.16753527891141	146.28230831957413
-93.05287255640665	-34.03728249425018
-144.22058304306464	-37.59462047390564
120.73246151120206	-84.14721422103995
-39.60745658689681	109.31387808605218
60.5230264932712	89.59782201530935
-141.34864414240567	-26.633310350617496
92.73638168954041	8.079102811284919
31.087551297866977	12.282809021061267
-37.35902853327093	-14.368351250637076
103.41620994158069	-19.347113296594326
-71.35387619464205	12.129329516643647
-53.18213251686988	-54.296361947842904
6.78654577305674	-109.73858077481623
-39.84001636267877	-112.01795165761145
116.7649647626229	-65.23639099690763
10.736356792310207	141.2594301140377
77.29395865976967	57.158502789431616
104.59634985558576	50.70466267830712
103.37898757326843	-91.04161866082246
-132.19984913025112	-19.693700364126805
36.82668835294061	80.4892899493866
-34.978191181642565	-145.76204574211593
-26.15311072254769	-118.90059271385628
76.06692748341861	42.47143895268584
-147.4778647874242	15.49534332561645
31.30707648088006	-146.4229725436059
-17.21441338637038	-37.66475457009481
-95.59158980368528	85.27078733557639
-67.00720420478726	-65.06599255104516
7.840293203699875	-58.13421574937748
-92.12868915521994	-109.80346006383652
-123.55100876382441	18.284340162219266
-81.6944707740155	99.1356158020477
27.315959937324763	-93.5655844509363
-51.038141328644976	121.51699855539927
-36.14971364577601	-126.68857376942046
-19.471809555991396	-59.039784872452465
-126.70746541910358	-20.262694059382834
7.2480954108413345	-106.92849080171862
45.37324195200316	-79.45545791177487
101.93328729224446	58.800850178370936
-56.77557277973299	-18.31720225912751
9.962036590577537	89.86577921028154
31.38608740730246	-107.18480418323784
-137.6856612555477	57.30107401945637
43.15166884456513	-43.35928055742206
-89.56225050810268	-113.25593325909819
82.88044618326103	72.00548391901447
-0.29761378355450174	109.85969584174882
-102.90206410192998	72.6512184739418
-27.463942532779942	23.63290769388534
-30.88665861328146	23.403807682844935
118.54880106237711	-82.29285361191313
-65.08025394859568	16.776065977715056
70.07262815456926	45.21379324147575
-47.61685189164597	128.18412992409054
-96.31272788055263	37.41647028082863
-66.24584490187803	93.75533368867725
7.730619272035437	108.40278279453398
-85.34424528066916	47.21689722080755
98.84319243358472	-81.22057921040297
-90.16193098280353	51.08439861092779
-56.185965391936236	70.96824965383101
-61.03503793446775	33.223497295617484
-15.02487639508393	-27.894232935215584
148.55537482458908	8.409744930193314
-116.09701916390983	79.45625285549492
-114.03564444942926	42.8134202046079
-29.178170347027258	-101.71141824234408
142.77570972369026	-38.167262029648924
-16.540799232140525	62.427649794069914
101.54525175922849	54.59919569653276
29.643049073368456	-93.30585469375815
-99.42894220671198	27.917008907500982
-24.232615690752198	45.957151690306816
-108.92504694356595	56.061608960736486
-35.57543082519357	-93.7978191550642
98.44314246306377	30.798889347438273
-43.57334930931477	-45.799401028758524
-109.62247681582278	5.520562099848545
-79.59931564236767	-57.74445852706496
-77.78463139699166	-29.210337590960087
74.91774199292277	99.79594138319631
-100.25536483173403	-50.59387635684872
146.80905193105724	-20.177642020422326
79.34917175845618	73.5802956185192
-11.914127227281993	-130.52279516054816
69.90571613194435	-120.11492843802404
-5.9692417110495954	137.2726262019292
19.25958229857548	133.96065006973168
-35.31898180408876	68.64483144166324
114.76477915476228	-17.834980847473073
-138.92287875837002	53.56598316503851
38.92085192221049	-140.65956844847167
62.5743699804396	126.26073396315294
115.30531918119365	62.87262857259804
-35.909530452373104	26.519332590471485
-84.85690149247885	-48.97453168375992
-21.470327542809333	-79.55681950466358
45.18673382186728	-81.79323349656818
66.29453576385949	93.426428822604
35.3464918777726	-87.20668346127647
6.177707237474044	-97.62824322879935
110.61880420049854	36.93702774326906
130.48144970436195	-52.84577066424504
-21.763027207672565	54.94340587166378
76.86927752178241	-13.124150724106983
-18.813612468162027	-3.9781602376955085
101.48580371779836	-98.8158511884089
-19.264418851625035	-25.524089811678113
-45.8346020143343	128.79931234545424
-61.98386939282285	122.92117477703798
-15.061399769937987	-15.464697691228139
