89.62587461633916	15.73399113401764
94.75990775524927	47.54466413480697
-68.34109443077493	-93.28935268895613
-110.23245636548876	-5.802598009117224
-75.51872452480494	23.214525865676823
35.11883461043753	113.44558501943297
85.59872928650425	61.59236606910074
-6.041556924860678	-116.72261016066443
105.46242168923146	96.94233561745956
108.07856571437897	-38.489205092102885
80.03210742287473	-89.13125006731161
99.98522538381064	-7.892266718058709
-72.09756541469265	107.49186424328637
-1.1228746136663124	93.10916775912217
40.9005875902822	37.65271477733292
-18.726233063932586	-98.0582492433086
123.02577702157384	-9.429590781135936
86.51852668374421	-83.14823718344161
131.19116257253364	-5.019215495722834
-138.68677785386828	-1.9220022218878492
55.88017110953704	-10.075995655554996
109.02729420292937	90.54259426250191
-54.550012756854485	41.0489232628447
-69.05511849635963	111.69573228570955
-3.200379559411306	-93.57403667996209
98.7250041105073	-79.75880036893128
-132.41994494629878	-10.541194152897026
67.51645028771085	47.074527891526074
-6.515692531179358	-82.35922154547566
-43.43985562432003	107.69182460976899
-104.37215261752411	29.668754250937155
-20.298763434272306	-70.5892958115015
-71.17976281519456	34.52383306155715
-118.05594798042756	-30.77540799337418
125.32154620914403	-35.019391795439624
-109.6049655164586	9.305632004166352
89.25126587925773	-64.26060300638088
112.55957779217759	34.99683675368082
26.53284623579714	-130.93095247531622
102.74119798860599	-59.02857908617471
64.89936833418976	-69.56810466594567
-87.30770471438098	-12.775437767385528
76.45778793920172	5.251220207646048
33.975134703387575	93.78019050915589
85.44253641467957	-81.45030475423687
79.89404652266325	-52.21607995137802
72.0429316735071	0.5355323047158598
15.626805900901765	76.01638511329021
107.74889149875217	-11.787363604507298
51.43836475116387	16.375092627751688
-48.595919492025246	-40.21372791132057
30.483973884063754	-94.21881829800078
-125.91505421949012	-20.50241318237427
-69.08002878179866	-82.67750521276895
50.967489379875275	43.47255532966878
-87.37809398597182	44.07476116779966
-79.21403734106123	-24.557477935785844
38.25359574766227	72.77256979593454
2.066260254770261	-108.95363226424698
22.236636050223296	9.11102477016937
3.346295897820808	43.56250230004095
118.98056569125465	-67.12389986537379
-107.01568794661469	-65.97204599577186
81.24960355894075	-70.22413429376839
14.276536302044615	-76.23286250903871
79.25457770803901	-59.791142119396824
-51.67053359683138	-81.38284536531599
85.51355925639638	-63.11891565780961
115.1745930058964	-42.96138734751068
118.09319109372387	-71.08077002427052
-50.319786049390366	72.42124331650169
-48.4524516681531	-116.60596040914236
-14.980427364498166	65.55413000485967
36.7465478599519	143.77430830297317
113.48539169641106	15.05206839520374
-96.50685756685563	-75.16804204125265
108.44273791033648	40.98582659343844
135.264332764536	24.566559231849517
-30.277889803606374	84.23074186719882
28.921156766460378	0.6566117550084855
93.71286993663001	28.14732465862589
-141.94487564023146	46.33968716784538
13.234910550907511	88.8130751630125
22.765035723167614	-101.55264882817643
112.03817579956792	7.390437486088075
47.73175365442719	-85.7166440765314
-92.37430175238724	28.800823290689856
27.95294573839601	129.2866844945298
-110.58274337128714	72.30562748087938
-104.06040708686571	52.78487017019415
30.712840682159733	131.9128996437062
-75.5224166509265	45.473953324180066
-105.53013713042924	36.52630714559434
75.57651589192679	-94.4171968915085
-28.697857545370038	-88.21203862279931
-60.26356753026005	-91.24209993144639
14.332891439315533	74.08777078190154
8.486429858511961	-120.35428255354918
-55.16905473339128	107.08720638429615
102.63727618053177	34.99466109378543
90.90045263244642	8.534864303913306
-125.88257716802323	-52.74253260029402
-39.9500292142886	-98.86511982770826
-79.91175515636797	78.08698912000308
-77.86358116983746	81.88168252637674
-105.33223263078717	86.61472979634844
-108.28356534691369	20.364647084891438
-0.15126145809910382	55.59569834278797
98.35714285834996	5.2133633016133745
59.79809337884968	92.63188718714663
-98.20731355599146	-29.683558778755128
-115.7922521301859	-24.175554180452288
-63.40232919686464	40.49561887361303
8.385274252961093	-74.17861160200435
43.68324597525149	-84.51127593494337
66.89268886788118	3.2216789580827947
19.973082305322578	-36.940329981378206
-32.89600683722736	100.75733227955538
16.294276550142392	142.49657821207785
123.43541150869574	-53.69536056003798
30.99072321647653	120.27904666069514
-86.69225760817879	52.810035558583536
-50.88323950580873	108.06057166897989
-77.01713413119566	-17.094273586636778
51.94910533886174	56.69284350149074
-132.85371918886224	16.246026969981763
26.522384373173438	15.534654935862159
88.41440540482594	-45.78056517114209
-86.06018317455687	21.70484605698942
-89.60031986515808	66.66552092014467
106.85178605663886	-35.40861387519792
-142.21264432849114	-9.924483312800069
-2.7864248676335817	60.86872158872694
73.98233973484837	51.48785012093888
21.58820030753171	102.55981346224996
-45.25445232248017	38.03587886858505
82.11532070184909	-31.015534565668176
135.7677312191352	16.40946664763031
98.17956976354392	-77.49582025960756
-48.6273921912926	118.96921794256973
-23.3833464335675	87.42883616648119
-130.1449842956891	-30.841460682356203
117.75284961222071	24.96347836504658
67.29425566714905	69.71406099658189
-68.17760449052093	114.74065730215243
42.219942999715244	64.73611881647666
-118.73870846787605	51.98648597876704
-35.66912514967178	-105.80819388216351
-86.76011568059862	99.45473362277735
-41.70253632107209	43.89859499463913
39.60815503937619	33.6820808525254
-92.63057548244491	30.935702880344312
13.624318413010466	115.33288181090535
-68.98082021825842	57.95044802129448
40.18245186160497	76.45208342308736
-98.21520034229262	90.0276608337407
100.86691279386574	64.07437268049266
12.561924911015273	89.73835027593289
-5.255515500877252	-62.90768205974063
99.63418225114644	32.04499181333867
-18.326938666519645	114.53357420762863
33.71009054751688	-84.4679986635043
5.321287610442533	-110.34241724187062
41.82216007152171	9.46679877639076
97.25238127105894	-1.1144371721287318
-63.61110487965585	-78.68388886652015
61.8919414825089	71.5454845128429
-11.067422290387311	113.8524680042239
-103.38135188128498	60.54735418278797
-116.45572856483616	-35.03950433005406
83.62482604664963	-35.99557036929081
34.310884110255536	-12.294524326390711
-66.15617936335255	69.22864723455257
-93.28381781404227	2.6684783902039033
-108.05024318118144	43.78306764258249
-66.37249236685342	36.00956214342205
112.53978816493826	3.714392463338279
107.76814562976566	-92.99415991594888
-96.35220099561981	42.77190139189004
50.317457636825374	68.52441334459438
-132.6904819402045	-26.966163684603735
-95.38515184430044	-68.8214732539479
-18.808682756239357	-114.98736340114255
-41.30795839694165	-67.86370601564937
-47.339683022615276	-7.6411837171188335
-56.71196187686123	80.1435113180408
-37.332148309523916	6.04760830005228
74.5373684069593	-89.5182739051533
-57.74623218700245	46.60340369942853
53.308052394364594	-71.15607699369278
86.14500337049209	67.12144382053964
38.490696957071144	101.84739185270566
-101.88396554492721	61.988321538320896
17.31772056888648	27.275758385092214
-73.92279030653921	8.086473336769371
-102.14064956838725	-3.8717133844201497
-137.19476372492989	1.4690187660560332
18.179946177374177	-124.28132238656924
-104.21418434101318	-88.40226559882439
-16.086499085087816	19.96730964925385
