120.8071792719497	21.848337599532552
26.713575649138097	-93.70147718343966
6.026298012327947	125.23741523720592
-38.13524502551009	52.10109448859247
-98.74917091821801	-111.97072567104367
34.564370984857604	-26.55783095540453
52.634573677608834	-109.95131569695569
41.169570164697646	112.442033810666
38.73969527792882	54.790353959916445
53.626052356793814	3.4480859922042533
-124.12329651081635	-9.604300472545933
-109.39538579853466	83.93631185250918
30.31072129322294	-48.86925035541931
-125.40622156570386	72.16399511094865
7.0953356712769	-109.19991199929102
50.41179034116356	-69.0660348793475
-21.323701372281135	-36.21124425922331
-81.24786907510877	64.03370798449863
-36.21965290930842	-118.56319261315834
-52.57502195879254	-73.08163849452099
73.18198380315093	7.558550818541877
70.09342602703704	-45.75795216432662
45.03877150139723	-0.532141001374441
108.14429758336618	51.43936666239183
-23.551952098237457	88.95261026210518
9.718458524738018	36.567054962080874
-42.33752920673688	-31.658288368202367
125.58210875240984	-6.298890891425177
-35.84981927927149	121.6119258119482
56.94282923352654	-55.77632600942474
2.6512351990528056	11.036591034167524
95.48027664257394	-37.201986615542076
-142.5237712099031	-22.724844937530257
34.32578353111788	-89.14028596800017
-117.22695746988994	45.065087954557555
-34.16590991436576	-118.14292182567897
-102.33957986751315	97.95520532510879
-86.67513470655705	10.65523364769726
-40.381094684006364	-58.123482867772836
-59.72613974244739	126.69623956920773
-34.377514208112466	109.94271465017782
50.561473633282986	-96.34010573591611
127.83804113605282	19.288922039177066
-106.45400187260103	56.21600530456836
44.36986776288592	79.07187019840741
-148.61986764611598	18.578262869585632
3.911360378775566	-112.97680748430676
27.681352602958682	-92.64298522327928
19.18357726217087	40.79214753417353
92.16484716014337	95.71126687622795
23.683011949101175	-134.5796485842603
-18.212987161330748	119.90865488194537
37.530022412209156	10.579309544654524
102.41326485357986	73.60546761254285
82.6448478600975	63.60843042539232
35.80670328362766	-45.393912480922864
17.81900898257716	32.99848702711368
36.67073385737871	82.47615195432564
37.37668336146925	-119.79273672806752
-71.07280122227534	-91.27521652543393
-41.11499245352783	-60.22387892515159
41.33661522820821	78.97755766130808
-53.9361792114177	-125.50943839936194
-134.09199348983955	28.830989825205418
-133.77315928114265	26.974876991055176
31.494586619501487	-110.94358832689376
21.841879429537897	-90.54215464431432
66.17642982005347	-119.1607589056039
123.58281169580043	43.481727861431445
-53.62363757130127	76.74255641327949
-65.10995599135124	-82.85131796950091
48.394387811482396	116.26711320263453
10.635559264673393	140.3104337532887
106.02491139631927	-48.84981533228794
-46.96901622377734	-32.85071020778235
-98.17121145116721	-95.47413612006402
39.08788000784294	-17.287437093106426
47.25145176014286	-14.758320923080937
60.8082009658913	83.56859215264707
-142.51767833051267	-10.519677740696713
-78.1531385235872	34.67593629185002
127.91444866671324	-67.37041866887985
-73.2480870999378	-21.729480180494892
135.17136350306353	8.126561994621884
30.899890675324837	-99.02542494829976
-78.76643565763345	47.00277114457408
-87.16651367696653	-15.332400077470949
135.8172648883138	-33.94285875457974
-13.933613566348114	41.741483273557456
-52.9939968419102	88.01344953878265
-126.53130141089478	-10.917188782169406
60.92097727340992	-98.54187705304365
60.15028185884803	34.70166958702984
68.499224114782	-92.8972332721525
40.017803209283784	34.997785042134446
-109.12806168712797	20.85582915629698
-95.69806369850812	-40.60266826662533
-134.67837042031994	-50.67750731418203
107.92016156740156	-71.80729629044131
14.800714275520093	57.455399264323766
-46.47463392787784	-80.34108886071229
69.74378228743869	-99.89109417130351
-134.4119092139063	-29.947796516717816
27.933793495649667	53.20079925378289
9.954744464331762	141.81136974431672
58.38874190810026	-104.6109720176603
-116.15460514731343	1.6077903932135422
36.906209684628486	-133.54956489986077
-12.13145391062839	-105.76955823859898
30.619927695226526	92.38121176364422
47.472379485697296	-81.53108968423477
-4.919618895602147	135.41807253892395
18.052935531730093	26.160469061232643
49.10658841545534	23.725246304678095
114.70109496822279	-36.500901822340786
-2.2527654634506455	-0.7566360518018894
74.25784345947656	43.45210813050829
1.4962465796427409	126.06591971937829
72.86015188505324	100.25415385981277
142.66262884761687	-0.9733762023732373
51.57081272774255	-113.54867245836988
35.778018666596374	140.0358096712648
0.7264331814472758	-72.5288024099484
-55.670494268181265	-5.707641255450392
-49.00243563595774	-67.20036816732949
17.457292939881324	65.20363441394939
-98.37136803640564	9.365429780547275
-55.149127727682995	-44.01715500658363
-100.21789491030418	-19.108287533557007
0.3461686099304142	-89.31638194279887
-55.125877448182926	79.3259704707068
6.362045171929441	115.77262395826128
-69.00528457552278	-107.34057884115009
-15.57549105816348	-23.418503900028348
-23.451456890500836	-10.418275291023791
-123.12503015437377	-10.828406277895725
-111.92420990948145	-64.15816487425327
-14.445893723973038	-88.69141191609528
118.60969323333035	14.583048553339644
-38.06011411491598	30.759677051300965
104.69229535679301	19.044752250850745
88.8588839689512	-101.81937807591508
-44.66011107573068	-52.45079879757053
105.32249568862261	-14.053556826956372
-87.68595544928989	-114.25585948200931
0.4439346666569955	73.84482307900701
-110.39791688359874	-6.324592471158013
96.7772779162779	-23.029175430699546
-13.386201361366114	27.274043553888642
-47.97147890263115	-79.70553622535839
84.75644011981987	32.218904388057844
22.987685262193335	79.16457017468349
-67.2416965775945	132.42308449972043
13.211520405527645	-137.18357588316357
-4.221935557060413	2.9707006049493665
-12.785393791721216	-101.42075569219551
-95.74579613846393	-104.88826963822781
98.07320569524775	71.52339371459323
100.85679867973184	36.87762012437506
-111.2187001292891	86.7883583384273
121.55004829851437	57.46986162170156
-67.30369214813192	-108.24793014832848
81.28071274316852	61.924288818483916
-112.56335024281381	7.4351888917136915
-19.642028500247978	44.0644521391776
-33.79943334276254	-16.447093514137663
53.800919066825905	43.36116566387764
41.93703564151507	143.2940511227645
78.9835979760976	-35.11167244189461
10.573074463898037	121.57165450702001
-28.366382247666728	-46.20713026129017
-48.407717226497695	-81.19215990733586
-28.4232930315438	79.31288926101811
122.92251393912464	-26.515453528369896
-62.31291065868808	-94.16076022442103
-100.97085094193618	-80.62690812395492
111.64777888785456	-41.9847011634843
-98.3166058876408	-3.3385478092338476
42.80019659565551	44.026798855053045
-32.780931099698876	-35.47830166223792
110.9936865821975	30.009483249711174
124.64547694179268	-71.34704921561163
-30.019167612898556	47.21685919669515
20.399929252915257	-45.29401205254864
-32.62196817175691	-119.12843115301266
35.61627176087371	-127.1230568573677
-5.061915208755562	-77.75074241783616
68.73799261376702	-105.38674955485385
131.77889143212238	-53.674208762671576
14.663806212032938	-143.61648455668538
42.857688033563086	-108.66835155131396
136.21403299201467	-52.55156160466035
84.08805168065408	42.804099902113215
110.44231652409594	-72.39180544068451
62.1620088066574	-63.08614411173657
56.80283497164273	120.87054637468567
-118.77178084992329	-51.24606736569682
-22.623922463473217	-20.778768722010817
56.3140868227346	40.76073421889578
-1.3600305148398002	-62.58573356194796
