-15.052873831742946	86.68403725138029
93.5768871546811	-27.679329386015613
77.92044791184242	117.90510676100754
-67.59269646427944	92.8206652749496
-72.10146642214461	21.575300740042476
-17.893613580407745	94.61525742744922
138.95427100907713	34.83723266850279
1.343694063454939	115.13246411193663
-39.62634016045921	52.425355600491486
105.0644173030835	52.502277213463
-2.2348902696642217	-126.39395590923719
76.20775171541631	-34.31342727556432
-80.37207009261404	59.93750817795067
39.82367615033732	-103.7114851598779
-123.81436425672146	0.32684263785632883
69.39312538264211	-81.74311555785232
-8.281992617286166	64.86246436936217
5.218677681192888	-125.05108092206967
110.0364321277728	11.777571787782884
-108.22249052143745	-68.905645683486
69.90701026928969	43.84870701557625
-82.96732201909724	38.86485281187855
58.02831137726226	-78.12411994188322
-41.47353738829224	95.7693855917211
33.62419789676563	88.72361568041048
-65.05107814403087	-15.188199506793213
-124.9502458323721	-14.141013042922735
-94.05355804546184	14.438403114190262
-94.10578033626011	22.06188466230427
79.50112146358977	-75.84924660895072
-39.03395697034629	-109.45683732291903
-61.35303429781337	76.65520265970929
-74.5017690207791	53.29331789226088
-112.561428729875	21.702782577249632
-97.97386007523446	83.40859280454575
-43.79116928352871	54.678761607851065
52.67711480809151	28.626663154626968
116.54232427130343	27.266173716151812
124.80597566861135	-8.499312538282107
48.855702406575254	-97.51761582908142
65.50347077678838	-53.97931952772586
-92.31420643956663	87.89142573196447
21.082023176847162	-120.73025245982022
-51.79698191950849	-54.24592022541566
-21.576013716737723	123.21717700800721
98.45073914817796	102.01953211569008
-67.37140291155654	58.14300480973394
51.68253176087846	56.82328798543004
108.82647726933901	-44.286142830545174
88.00787953368241	-47.545163217843026
-57.53615247485256	95.48855403882833
-76.98748687452212	-101.09679308772373
124.71546698233567	-27.892055939427593
98.0756945690102	-62.44761418356758
-34.98496236807743	120.24159052903065
138.94016722710845	42.19959653173439
-63.72356163500062	63.74001219340312
81.42119461531735	103.66961874882477
86.04466342830365	-28.687928018688694
22.596467522398004	-114.7443814538489
133.9390159432762	41.81999863597119
-63.2688658574921	-39.42792407868944
-67.00899214994277	85.43632895294934
26.040274794451875	-98.5272637291827
-110.99182066084107	60.009575694873426
-123.37576421418117	10.338774267748018
-55.0150205494175	118.69973840210518
28.992406871160615	-10.652321303074334
104.50212991918204	-35.68003117196924
-13.799017584225881	-112.21034327524491
-65.52678290477162	11.097604400103911
130.8050429879812	-22.5590164553859
111.2398578792115	-13.592290502756976
19.88199578708122	84.11658514513879
-1.7071679903740917	95.0061453620237
-80.49924786472388	85.46061465785719
-90.78971671336265	111.02928738269878
-109.96000654742382	-81.39349282470899
-69.0534931486444	65.22440242235317
-40.613305630987405	-89.63691594141082
-105.77058156946522	66.65337379826335
11.664096626849576	29.88600466471384
94.63300154975776	65.30187439781129
73.51984703401263	4.418973638708403
-129.33097536539378	-37.35845056826014
-69.08874196011269	-49.40358233741105
-9.695303743432778	53.80895523086208
116.01905753365172	-26.19854416302477
-23.26999810456608	-12.34661347606611
-55.18659044885024	103.21513825435359
100.18772930928569	-29.01849717662902
14.794968904507567	11.365330195078595
-63.997564924253574	57.38502519248324
69.04788705827981	107.33302337022
20.540529019706277	-112.18915677159872
-40.01176217051212	108.47811517833802
68.62980002297412	-81.17210061722375
19.57715921673271	109.37929263860113
128.07838284673585	-19.366585145478737
104.50605702817712	1.7958018227431434
114.10525964670019	-48.05436982808348
-80.48038639030261	72.4400925744547
-81.94183868215573	33.480203151340106
0.8001775173030994	5.115436283446591
12.840327633968474	133.95672817895485
-90.05464845157219	-51.62472023138739
12.620935328089338	-125.25313132746693
110.68663536543599	29.773392780024313
85.54370295186253	-62.42447312335492
-56.37877028271987	19.725153631674555
57.748302427075956	91.74851079916894
61.12860702226984	6.556718145880533
79.43056909165773	-22.567617136267284
34.96057333598026	-104.18264167237413
57.72284678575047	-103.37003541590755
20.7954016318806	9.789164980395112
-108.65325346734066	-51.52893159225054
-70.2940540131463	-117.20734432648769
95.17473727754272	-28.01660749200744
18.173954767031944	109.91176305617788
55.83547838802304	-78.91189417939897
-59.1276876142546	97.13342798788528
46.04669150688451	79.8053985401787
-6.85672750622032	133.723655845539
139.13025616885895	18.552643479266656
99.01094653583488	-61.59587917187043
61.57463012266336	101.579612045806
-38.02590352969934	78.5913754682603
-123.84309987565699	-59.74084256494018
31.715002814535023	115.57439234530844
-64.39227021168124	63.529901828686214
-28.371962343149832	-114.75977549651425
-20.01488661620071	120.06959924558218
-127.91821710310536	32.89792301701148
15.80936035575344	-111.76596068998033
-65.4469838996984	62.988395377837854
50.09131966073523	-31.01475083956978
25.362873736562225	83.49844343254004
117.06756365029376	55.25324293219209
4.371982429695778	5.067944932400737
41.88293400507338	-100.98202812248206
69.14688020843978	123.24330918949349
-64.52304461692837	46.767228000256985
109.84336412251159	-49.866489239148784
-70.5240523927792	67.74556287586704
-71.09300747934668	-59.6803243960926
-29.699923426632427	63.07667198843783
63.15174686978443	-82.60714128491509
-99.72750909237266	-16.628021602073403
130.70313197451839	-8.764612660294734
24.38152055073137	87.42756429346194
-91.29662639210275	-34.08920965715227
71.2793166987329	-109.56804456889239
-130.248759421748	61.96543269953485
94.16580096485579	71.72284783892675
109.0337805848341	-73.6630401613352
-56.38016486378614	-66.50148318285167
123.03353632325637	4.039644263826706
86.73411585126745	-39.166505251787456
65.50829462605469	-104.96831989561905
-47.37932998655164	95.57363837401982
-75.23514470845099	71.83873670674713
82.05148180336359	-31.35249888639157
117.84008178410355	83.40573175457384
97.43696126877508	-35.46482588840764
-31.97466486183417	-92.08325696870399
-32.20000417303333	46.57183616862576
15.44846936153119	-69.80364629055124
-51.995860106485665	-83.46528018582566
-99.45248733026874	-22.645125163833956
79.5610352475315	-56.495571901372344
32.47388534529524	-110.70444334323545
68.23628593097071	-79.65189287480287
110.98306971874261	-28.676648311712498
-58.534866515108405	70.46976839083757
-33.75624767935741	-63.921657650053774
-91.24447898484382	26.14416703865298
-42.2941899526393	-44.30328707578053
-16.036293090525263	86.39520669091051
117.50639883311631	3.753600081087119
-88.51972713215628	-2.2868519199784156
93.5658381871065	46.58754929227533
-23.09841133983438	90.34093795404199
98.26733066539585	103.28165390354008
52.10148408222649	-95.3075485373026
15.493283365802313	46.62092015237438
-107.51484760114457	-13.83379324129664
-64.09331592296016	-83.08828757392409
-47.56881953819145	-98.64255907201644
-112.70951463989073	-56.50549999970115
-103.0235890346001	13.990826152493272
102.69931453246619	17.000061563894896
-21.41363833177669	-101.11337361464386
82.79610326685695	-13.64598175280956
55.286799541125575	93.11188244055866
86.2801038725508	-77.78492863658866
93.53860873834688	-85.38952773959511
47.598629570503405	46.21497935655571
-51.22677927166423	-98.01896297260247
-82.99528975368503	48.10697752929682
