145.27163214450923	-28.808653878098074
-49.38896486513236	-10.869934675790471
-26.63725381302968	-21.767585804562206
121.84901327371942	40.81082545560861
48.51402099430289	35.34305768039107
-1.3503144425452338	-115.34495865610262
-38.52008460245195	-94.05527713187651
-96.19478960332417	101.05066756171873
-62.793628380937754	119.69451207594224
67.92509052195749	-79.01420634870377
85.8729735746518	-47.25557741040677
11.477860500620562	-96.47653599902543
99.05325660163588	57.59100100091507
91.55435090177318	-56.45343979795756
-65.04907537340978	85.98952510915184
11.690250513479759	132.1444147602355
102.99694499010316	-46.49598641638729
7.953931554270527	-143.04748170710823
-71.22706973192079	-87.4279014134059
-139.60138813268827	47.81598252168278
-124.97856118579999	-68.78889723861015
-64.1073698502002	-68.43046351485948
135.48003650270974	-51.380325536098525
49.90452931217532	85.07255057991456
-4.580011427110907	-48.344271687028936
-59.33517397153504	47.572468852581665
66.24340338830977	-25.28408605373186
-14.736641659695612	88.113581751806
-129.77402466215645	-1.2650532683735083
126.0337281081958	66.63524680542314
94.314928703944	-21.93953531046321
-61.54531620310164	76.79368011392314
-46.614719060068204	19.166388144462815
-51.49065278479979	108.45516198278912
-12.476354940444592	-87.87902518176739
40.20897993923143	-0.2795658154746521
143.00537829332436	9.719886476010709
30.725935222794426	-50.13934031718076
-58.85207739179912	-48.43968948484303
16.949404767468348	49.42936452459887
80.95107043205388	42.176713121499816
129.05423657113082	47.480482946768554
-85.80438619495402	52.515994250003835
16.08794244597956	-73.40784308650565
72.99395051066136	115.02182039715211
-111.62342071218698	13.34755590056947
73.79373143341068	28.786790818562924
-31.849373169432443	109.1296853116448
-93.62389254627574	-46.14939818938624
-129.03285754942087	13.050845606792448
-12.93040466614416	99.18652406641122
72.09955779218019	130.85681607154203
-24.0612204794312	69.47587991021379
69.55376825068689	88.78828638866358
28.342305359531743	-77.76968261870446
126.13162927873591	-15.312203574634863
88.66307782495724	110.11755550488449
106.3499951970314	17.75655033218545
11.501835200811934	-44.02158382107988
-14.320820524009791	71.15172917097117
23.8076252503095	53.94482273045017
-5.416002516479769	-93.50328096271618
-96.38042133273264	-112.44714010218897
-45.14824567749388	133.17971415911964
131.2227228897797	-39.23907413909633
109.82414352933317	82.63392232065831
-75.1546190338795	-39.577847651262154
-17.18407197798745	128.44967641674575
17.281754857845204	-6.516388534076025
71.2121024817983	-56.06036101670637
118.23223010111319	34.76123103950784
-1.6922291504779767	-70.28575547676093
76.94165299261617	-4.621661864445769
3.846193331440823	-122.84334539441049
85.52962586297691	71.39395252918081
-93.87612244638035	-76.08966738411183
-103.18821619759494	-48.39650279936388
-79.35828553735269	122.75853273193425
-27.035840164572882	145.10959695292092
-77.2314735523794	-5.69961420243718
97.22338673626238	-69.31548202673882
99.6058240260117	-52.301442660023525
-14.742645672016774	30.850131370767926
19.57922471453108	51.6144614934295
-92.65734084116848	-7.359807976033406
-84.71235893206493	-6.1599393656933445
53.04272985324466	63.5583648783307
-53.26757424330471	36.6913198834604
-94.83691016312703	-113.61604049034038
73.1616777382053	119.87466870206781
-10.034889372288978	32.2683652532811
-59.219846717895	-137.59971038028738
12.118277919267808	-21.47055720830149
-1.5291188929245592	-45.03576441233333
108.55004289267052	-55.03529386789534
35.89870199570487	-49.04932035035687
-54.53098732430421	22.52845511305755
52.272501228500374	-35.50491239375022
-120.37992255705791	89.1955164341834
11.67432442304656	103.61634290018488
-78.85012581250848	-77.75046729067202
119.57131427847162	-19.19658168546142
33.79671211759883	-135.29673405830655
-60.65465124636187	-80.19121106135704
32.89789080368651	-80.4024636192227
2.1676656278422044	1.014337779696449
28.138969821981476	40.617889068124285
-31.02692358318397	-106.1527320557852
-123.44948863662762	79.39082464954282
85.28197963954915	-71.51591196458139
112.40780706029086	90.31383977040753
-101.74682693532418	104.11415787167621
-23.3333286394941	-35.70029054029488
76.87729984359252	107.58749212175249
-75.72340077609631	47.82268409710618
96.29770691361121	-108.60432185529903
142.02289954096187	40.31080112537113
44.08875426154481	-24.38888130929203
-23.683527216946064	-2.858186225234806
-35.99880112786331	-27.05679673397488
12.618668000967455	105.45459304302173
-54.42649630922647	28.32450391814447
2.4919177488356175	-2.8639895737379613
1.9035872749673717	-145.42341282884985
125.95356186662379	-33.968327290748036
-20.49680697318643	-87.32386173040982
-72.6698813020746	125.5245403735855
53.69248009361365	-51.487327701439305
-30.086892011482117	42.49162139330016
0.23625671450950897	14.832288429731474
76.61967359952578	36.84519329296834
-34.46006322695944	134.32629163603139
14.268166930046958	94.76508404532366
88.38232856077887	-15.271402951335975
-63.83849118745634	-41.27597128891996
98.94569584505521	57.39555193803446
-17.94114660645282	-127.49672304149686
36.78396516339437	-82.35905396971987
142.81645860878018	12.621899907565203
-25.435985432612327	-2.6533825729191203
-38.36785761482748	-66.1852059277023
111.6049757238379	59.66590853743726
94.58625422459136	61.69301158997155
31.366986279161992	-140.26087451904405
-4.508716401872108	-63.147867380177395
4.33414495516233	-35.63365057447063
81.88634071033205	33.0601119079005
-38.594902025577206	-90.62170316845643
-121.604765220029	85.54123517861458
11.527558533849371	93.15839180613978
-59.782326746753974	46.752867514093865
124.96255814765657	80.99495709291143
106.91504001551104	103.87200407135934
-66.07640181168344	112.63914924648358
-36.52356862422496	117.22930627165641
-124.31144538373611	-45.32222739024701
94.41066316585531	52.13577493022042
-46.6648896804645	43.4193529363991
74.3713616116359	-74.85577229307151
73.88249839283807	-77.17186962764681
-137.4216315189577	11.139402987854634
26.56828135409234	-63.89846201356413
62.19270970685749	97.75084237835456
61.92834722724985	135.73796682448702
90.1493126390403	32.40345793341046
8.489346810304914	-144.11258126106387
-53.728597389527756	-81.85367419541198
22.370439205725784	-144.8894793858767
-7.616628516704347	16.651372073355475
0.6455951069941661	67.90558615554521
-116.20476359431738	1.5110039976007654
45.4772708697119	142.79870024115525
-10.24281429777709	42.57502840740986
3.5151384346130703	68.81584333364782
107.77851079215867	-7.641782955502206
37.99547627344058	-15.6683860166588
-20.003462326091324	140.7552038233809
7.716351597642137	-149.38717562733825
1.1911095336624267	-16.34597524840173
-29.046673056282938	54.86900299718866
-130.0153740116853	-2.2095656188434405
-55.460440675137576	-135.2861730475445
45.36146546505875	69.92094807785693
60.67054374145221	85.92101818426114
-89.97346071712077	101.79269334547321
-101.64064865276919	-18.4593500863425
-55.96623198777553	137.20964052652394
114.059296474658	-85.05700481767764
-112.1479782816762	-34.13203622932534
46.74624664375522	3.049052740173331
35.72513917887796	-19.582388557554065
36.80473066151942	-137.99109172894185
96.81987949123317	-42.05732793270779
33.15105256110762	44.367947250488
110.648301371862	30.615452359359615
113.91793775818911	-22.845381579754275
-58.44158756714705	-116.03226980944159
-71.97517617157473	73.93363098532238
-30.729546453237063	-76.92350632670738
-42.4253800063487	51.49228972446709
