20.45414019115852	-110.47693391314766
-7.090516652290178	80.8513914289744
-86.1084772837875	78.38521162063876
80.62508956365286	-74.3871472160508
115.62735899827544	25.9698787738196
-35.40311135070762	114.09451002691866
-76.90739647494755	82.7533270069169
-63.11525000265154	119.37963386624847
112.172639184118	-91.83659362689046
76.8975150028113	-26.1354127328197
-137.34568695958413	-40.99012795249368
-34.950818246210986	-47.33485659008755
145.53775575028513	-20.957064668343133
86.1325604429461	-60.64740170477574
11.721263495875853	-44.145401899549505
-133.01102195489645	61.34143103434483
-35.08425503536389	23.32839543034747
104.72827128069402	-81.81809578996244
-54.62892979174767	132.74419732187323
-26.78293201873722	-59.14341718056633
42.993457597818676	-20.525035484059835
-69.28233523011573	-33.62452174367735
-142.3785048052797	-41.997998492879766
-93.68723086904667	-88.38578058447055
-138.3230341036326	12.34044420039354
-45.52573446869321	-66.1674973359155
-37.811453619177485	0.05578651452411602
28.1847016938325	113.29460092933131
-1.054272754900847	2.2634513646890984
-131.21097644034646	-63.992399173587565
61.42081313337158	114.52029148786026
-18.48225725951645	-138.90493215524418
132.50858729445622	62.03505193835287
64.65393632924754	65.88121973576438
-88.56377708999366	97.30004033061967
110.82005463640368	51.487872792161134
-121.68901955060556	35.43667217587827
-123.00145853392641	-31.820089676614515
-71.14244484910219	-60.828039695932304
-99.75376461124564	38.19217508979609
105.90459180597878	-85.6615302672206
-42.821749922578775	-129.31377428964942
-17.379861312463948	24.196874566243036
94.60058832547804	-29.958307599473926
110.00118439982688	34.187132470474026
-44.59494656248983	-20.446548306301835
113.81863130948204	39.48494127960577
-127.07273696985416	-53.222746415085375
23.74574608221296	-18.792466861233446
-101.21801145352416	105.53905057687636
-120.18872043703267	86.15602077827957
-106.44918035310657	-47.823692362700285
67.84898215442864	3.025256588117963
46.827500100912744	-82.88245730751657
-50.85624916098839	-48.30794575832577
139.9373558553815	-29.434246635562165
14.01865667015656	-89.52348351515882
-55.757809913300584	-24.599375604903646
-18.28809839611923	38.47028231460694
69.85683523630874	-61.24590847039012
-19.87177615133368	89.23935837414098
105.03238591649455	58.81529855243408
-76.27560732522205	97.35658153246837
60.74087498061996	87.9797037000204
-66.62097903642953	-22.649088553594183
-136.48653061761075	37.06905620799833
-5.7825475855608754	-55.314458940992544
-8.460673472433472	-111.65461290605955
-109.93883505500821	52.560279420791915
87.25959525085646	22.588182367646866
-22.533500388097494	-143.206525221296
106.57150262785613	86.52908020890837
-139.23226156527068	-43.38098778430211
-129.55452316610183	5.768266698269602
89.63735356227299	-108.71137371451638
12.427420323811091	-139.54070567285166
74.52461296754076	6.179453274378833
109.92552836290886	93.84270166838411
-70.69311300744354	34.92028054479379
-76.41889481774548	9.981321996477359
32.924480611559524	-1.7893824525929578
33.93042996192132	127.24705392753764
29.731082212258098	-120.77201695349419
-115.45500482905243	82.69030878008431
79.08193244456899	-116.45328765077417
-85.25064392196589	23.558250205777505
-46.38033344096546	-129.18802795698787
-70.78434056692656	-52.19829072317253
102.16042258775235	14.210974700092734
-125.34617958391118	-23.937008486690036
-104.40708497917758	-17.207267706083737
-0.9465694208845941	84.31215738958645
90.56982378131671	-71.59341304080925
-133.86234917666542	-25.414737890970816
32.98474927749656	109.60663054610987
-84.78392312290525	-93.01853653274773
69.70979655978002	-108.75154926175952
-61.93029016719935	41.70121751353364
35.50606074188693	121.45332933414836
-122.54975421302974	-24.45276741376463
21.194363270247703	-106.83348999074707
-135.26989407165104	-14.820701148034946
43.17889425740869	-66.89199716675641
8.038873772866664	18.710087438875153
-92.48356247265305	89.58692878940487
45.40458617278017	-70.86471546556317
-93.25689237422712	-58.659725854496
52.74716702523927	-124.37911252540955
-12.397867743958082	-54.17509123023972
-126.31596191667325	41.08310994991251
70.45586494653114	80.88429615856913
-41.13453011342236	4.151190315245829
-31.90968245254435	-132.85341827211138
-28.139557805579102	132.73721808655208
-73.24591616306513	42.915233029085115
11.423157476203013	-97.78814874577496
-72.47332059524935	-127.25182469713809
123.40005467478348	-72.38365109229174
109.62677381318105	5.2541778256598395
-38.54805549344412	-36.363613382171984
-77.96879341606306	17.95441951813029
-19.19381811333525	-35.883146219521045
-45.43984463168172	-111.70130502750376
-123.42347372570212	71.64753821866171
-94.03476732599269	-21.357843555984896
120.73796548493941	87.6637516797608
76.45477640022813	-19.468412035333145
-36.56331480691484	80.93752245364763
-88.97934850598627	-118.4232251798931
28.241963343508385	132.13638005747134
67.99851802324602	-119.1493299501687
-86.08612505725887	-28.248771464000733
-118.35906145143565	56.60483822033296
61.10977013598988	134.81509385251567
-106.26501998737115	-46.53012386440869
110.03325926936797	75.04675700208027
67.07548513137417	-49.67139045406921
-94.25894045930279	-35.985596315659976
-50.135007968736616	-95.94628200870707
-58.15601510967307	-24.332087378212616
-70.56199615885683	123.83324619276287
-94.87230564441234	-38.91798636826773
123.04903210031927	75.35203170920309
52.70694366769948	-107.83135740480164
93.53843538007101	41.034663063678
96.8216119707929	-98.06967712229965
94.31745439337145	105.80594203880221
-15.626414775557063	-18.72626941006784
57.659814916440006	126.35530706757069
-92.10294994597118	23.553451635263087
83.20732710683295	4.769362585710887
-91.69624361801404	-108.98094105821271
74.2179380091271	-46.36159532333967
74.36618111242106	-13.262886272808037
-132.93226602057908	-51.485837328352915
15.39380376684673	-126.09605627495328
106.14259474415135	56.06531096972184
-78.54484522010128	7.002467559908663
-2.15489612808905	68.00387943418987
82.03774326177853	-46.12745404492846
-127.31032963672165	-5.057933782353865
-34.48415647250651	-62.05887877786362
105.80188736899326	43.73459818033045
-112.34589054081955	36.0411171236413
130.72488553566163	1.1923159362118125
-55.995418718521876	-105.25259120682095
-44.691466343683466	-4.164229087262508
104.3899652603857	-105.61913179711185
94.97367671327306	-101.06982413763319
25.210255704007654	84.63613669562487
-9.994899799784667	-71.99318348734192
-90.1490963280939	35.54120482946355
66.83608317587672	-52.6463415114842
71.3052376700151	108.56387242969632
-68.45418532717964	-118.32856531743818
-20.523260789873238	64.6434704643565
-124.2994151966438	-63.27098750677852
74.4830688711827	25.916683287839593
112.50771151274994	18.280368352491404
-10.094133950322545	-79.54760428266093
-1.5121973069559829	-66.84634908517243
-39.117911755228356	-115.7231352979415
-41.19633249167041	47.712726743592995
41.91616344892339	139.85102723191525
-19.11594951927315	74.59602326502932
-143.33462465393802	1.5116918858057957
-43.52840862234575	17.804996306932793
-37.92946430924254	-88.30004536109557
85.56212664143247	54.340977350433455
109.10629586392832	-52.10304181117615
-122.30978088594199	-76.61071343281661
25.80783803719942	134.74787846256916
-7.021052052933559	-70.24651887598509
83.0866258113762	114.13553888630976
56.504618649333736	87.28567138430378
-23.555709574198783	19.283037747295392
-132.4671268083205	31.32707928834216
26.40250579934573	16.367377308761082
66.77329067633315	73.11992953314832
16.206380094958664	-71.95259325340369
