17.149282385913025	47.58759366714833
80.19482838471775	-26.2898450415717
33.09279433177751	79.01409500620333
137.10708358534708	40.01579713018665
47.282592489641786	-138.2064289862822
-84.58278741586352	-85.17052154731442
-42.749275515499654	102.4200599119344
19.495812654655982	87.23160740887401
-61.306198419867926	-97.17274468787409
-2.6245698607826062	-50.247376692661156
-89.6209880371022	-103.72702389411342
-13.955084933985889	-0.5165049283565855
55.45901079802993	19.284636880790522
-44.999855328170725	-82.76157235004605
-66.5873135014409	6.438235692209334
-116.42962200937457	6.6520850297255745
-122.7054032128161	81.92274293085109
-122.2948658501074	-71.95540821031119
83.48996562049867	113.61004782005335
-34.34887229220499	37.64901069201517
-107.67827956354343	-26.13038745631034
-127.87004451924996	75.1049889664525
67.87064495609417	83.20378159047175
-82.41795496192879	-20.515683040638034
30.806593380320045	51.27139702500419
-16.49671175434563	118.36752235248062
-29.267346255027302	-101.78151380487921
-27.406993202480496	40.50417115400516
-2.0972239146376324	93.72102266433619
-111.4920097573031	42.32171111737681
97.07104452156783	-25.27541872667084
-126.43073444998961	26.007293910668047
-30.90854617461984	-104.84140203546839
-36.58052172269859	138.77987389594696
-2.0702081291343495	47.21268461315578
17.036672989200728	-56.70421284108773
-45.588002279043295	-30.798658998894936
-32.73868095105985	100.359097322457
-38.10408524484255	84.98500056215299
-22.642664904083485	-113.52019337530966
26.056602008127726	-118.8794369363321
28.585557918768664	46.70620159791857
-68.95945568739937	-82.85587460214806
-101.71514947795464	-71.27282271221002
-21.81761201953955	-110.22398202558557
38.54469333519426	131.9745455508227
134.9633947734913	-5.84934908608244
33.210252251565535	97.98027486204076
60.32227722814779	-63.590657145147986
-33.2851915721945	-91.95419151318308
-140.09578570974415	-44.233702377476384
12.068067020170075	135.166583200405
-120.35502432904158	-59.46974119890582
-87.24935228038012	75.67138502008535
35.23950146942846	-93.93993299850145
140.40875686680357	43.587352516799214
-18.57720895379585	3.7602699705368408
62.072438576650555	-2.8744642814696935
24.8680352124384	-116.13489139693895
-58.119272224054285	21.540732482754166
-7.61516832484542	-0.13215507702369733
36.36753510295936	65.4767893660594
-56.59535015132831	23.339407759616982
33.28354725237622	-140.91662432728901
-122.08519527001373	-44.015626853372474
-98.94030380934707	-49.040839242622134
-95.7514834202633	-11.442524162802398
67.79016499557693	-81.96946414793979
8.58802186025414	-114.78146209258038
102.546985183657	5.609238116361342
-62.70637945821422	-29.010316500730443
-62.53101540351187	-29.281111819683368
-16.595721898042303	-105.01979437185166
-6.199011010033598	77.88821887320876
51.21609444582157	-3.301563500494014
-33.39810838815736	-4.494021305828015
7.387620193229074	-25.872329959266843
-70.35373012600951	80.38797530853712
-134.4910483430777	40.08541361836129
-30.312101078030565	-63.52017833343641
-9.550877377505625	-58.24967007718743
96.96920631805338	108.8503012951464
30.874594899103204	27.20415005602557
-16.365606959582518	-59.05487772174851
77.51263538033888	4.8064595635385405
84.85524510033736	-61.88191879841149
-4.733728348183188	-35.38947741759335
40.59140912776907	-120.02053469176042
-12.195062448080154	-135.682744996577
-94.83313290274484	-63.694114074339815
132.63217116593015	-10.344765277511465
114.95786046764492	16.397150731040977
-93.66881519716378	57.57215884086281
120.96491074744648	-43.92195089470113
-13.973037293454707	141.19165241894123
-129.76691193039125	9.2195625830775
-3.789117314114239	-77.93792702344845
-42.01065872295931	54.82122314168205
-59.71634993167446	-54.32079472967633
37.335640303458746	-95.95817991935944
66.28079717860308	75.42130911338299
-85.20389866258594	-21.1887831960504
56.97773836739677	1.316675352460712
100.60066054039464	109.72489923652253
124.35762211662816	-31.441353544073202
65.4468151589765	12.923557256254654
-103.9838041098259	-16.73129532809278
21.143730384297193	83.27613054527693
82.43600585463948	114.34741383424749
-89.87823863138277	-94.79022075361202
40.893845454802985	-72.87115906801127
-135.80176258165898	24.091537283697797
43.71357942302122	5.187321413790045
-64.7332936369072	-113.71294507314806
-57.62007329839002	-52.15676175126208
71.57547149719088	-15.501897294046824
-51.618300504993435	-95.09413606372374
-64.36572200561787	28.569125492311414
-27.206279660841375	-0.47019345943845675
2.5371518517572875	-68.7881964459569
-36.9900398946436	-27.74269276590624
-40.94217310196664	82.36722787977874
2.6244327370675045	126.11499372715657
-27.417131857687327	-134.83336014276415
-103.46974039231331	33.51464059815207
-60.88764836128167	129.92563817522188
33.87186907065137	-66.38523454896696
-27.696962868509008	64.96820661383461
39.58781463705388	-138.4781003375675
-74.07583752268943	-122.69436518550664
-56.99926560969891	-42.23982387245404
118.26002796479013	11.844188580001006
124.83380459535225	-38.91466268597938
-40.31696976908906	29.521785815395067
46.54620872167188	-81.72185735614296
-47.26946142911251	2.1483882550610436
-44.96532081948252	76.00289396378477
-17.053888957694156	-62.16971683583014
-86.11317157332284	43.72880659752941
113.47896857071072	-28.668304191401457
104.42211277530271	40.37597313581645
101.40680025458869	102.14418855150535
3.8739168217528293	105.603519479472
-3.3893553928181688	104.9657228256813
21.698097056806482	-64.26533737549993
-65.74082569238537	42.87338133757285
10.542994844190929	-15.830385549120782
99.95137924219665	-104.06404651702427
122.64778444882676	-85.16526011474991
39.96647757275779	-29.313450125386805
-79.75559468250088	-59.84329590964387
19.290990711529357	1.183314997902159
-51.040761149455044	-135.03059862914702
-51.16493758571543	7.468708856177388
-64.29250652226757	-77.55753008770309
86.9646598247562	-86.03673936669958
52.98754085844994	72.16378024371619
-67.73098942612465	67.15485634334266
-73.67787606188628	36.37270469291176
45.099145612131956	-87.96050021230111
-8.948332170137908	79.71990418534934
-2.9943946962282126	95.86636674223719
104.08190144424809	45.34945513324697
-54.93435977457898	53.15935852399615
-10.563460288114698	24.199781953287207
10.670619371010934	112.9394337126443
18.87401031842562	27.47645349911921
-116.30998331511314	-3.820188664443418
38.0473006594527	-37.99334233849586
105.03162793678486	70.47140320580675
73.58498751938119	76.37575940421408
-84.31055055550455	117.40328195170989
64.23785034691855	37.4852505441584
11.378462016350673	127.82011521862391
-1.971409420490263	-142.06400306762416
11.09197926337913	144.15625460741825
-86.04439211148328	6.421551773880821
58.592949723733895	61.10568263777479
-30.006796641852333	-43.13140871668264
-34.494407146226145	-129.05757737105276
-128.78166484968344	23.251256885300545
-91.29226811246028	53.769901707515864
109.02136405176773	13.946888660966488
63.742436680900965	-72.18831440217136
69.30849591035098	-123.85638662572771
60.824469922677544	83.86944813553329
-92.47777098029196	-34.208621325274706
-78.3545449512817	26.541346018817887
76.88204414377398	-128.00773173784478
-63.55093238447413	98.51589689518633
35.41681231249544	46.19576554325771
-100.13471604938503	-83.23430396417417
145.71593841159643	27.232566587297796
49.39556228200848	125.0224473900298
30.632880386591783	133.62247032193525
105.20703441354355	-54.00389505684857
-74.16289414925473	50.4046832360753
-6.741027332252868	114.10007651452392
77.18150459617898	28.996274819895138
78.90494778961376	26.19619555254106
