93.97378711069166	-43.842167708731154
120.94137113875217	6.2139812250943365
91.89132067288472	38.00154380971496
104.30734141912977	34.65168072122377
87.83343953458014	-93.66181384052365
-107.33320836656355	7.623707072651521
-101.12278953360843	0.9758032083662558
-136.85809461573368	58.57475886943561
-41.22832978979199	-2.918223597325373
117.58761366866847	76.04617758077343
57.63032784298822	-34.96471244898213
-28.102044732153235	-108.77616534435664
104.45616040234837	-46.22704884038476
104.05439311821536	14.562608859899651
-34.03308902311696	-66.08628299927562
50.8887804342341	-134.57268675553726
5.54755766529153	-8.092974273881286
-81.86757753648807	123.41128478150277
-26.084582453967247	60.70448586564913
92.00782627239786	-87.10098353872691
-81.39919842039846	-29.436612386314945
-89.90647001657597	-19.227411098869236
29.746117836105764	81.53559020594736
87.42912597701037	26.80365835271273
-38.21944555512147	-112.47471354672676
123.1616486230919	49.76287855352435
-33.05536445967125	43.712204299376126
101.41512069549395	-92.30813174836774
126.2091212853285	-79.09911965852224
-76.40333356054485	99.75019786150018
-77.71482167086646	55.88829094440562
-81.29199828426871	-46.75471653721745
142.48976466337723	-15.840072099897046
-131.18542079205295	41.58623116762217
35.846476755389446	-145.02548877321567
-123.63792634086793	37.194761430608835
68.90570369578953	51.75012981588392
-97.93052081495219	-97.99837396305345
-33.038639397067136	80.6887207671628
-40.0905033570566	-26.42508159698218
-8.587635912381009	135.32202831059885
-87.40997361494006	78.2730672580357
-120.15402740246182	-11.654835672771258
-46.31838549972974	70.82658402810492
18.466220654699548	-5.6195640525001815
-103.41531766111373	-45.09894121334544
124.10734890661082	-42.02891292365988
96.93550547011814	102.98657154378688
-80.92783500222191	120.36938524228273
-133.63465412035978	-12.129965869155939
73.37176069161846	-66.4540164979824
-77.9915206480577	31.35421364339959
-25.407326861448148	-80.35812133004737
-80.59743704591338	-73.65314599379143
83.10903771792182	3.551321956481775
-66.00619420222617	-88.15364606603241
-114.49611735800562	-60.38434376604456
-16.596921056156138	35.32110107858502
-102.99247340039632	-20.551675094796824
113.48536907075335	43.81461204770551
126.58758430989275	66.19553430308318
-5.999868420220929	-133.03819036982787
68.7129926357442	-96.43437551128187
-128.93705776321116	-15.785217266413023
-82.96437326912466	-40.89948321199279
43.76854494233793	10.203967873736042
-60.07343880747682	105.59003504306081
113.11400500008149	-6.157831562100633
-28.632774185921704	-134.1900989200063
24.618464018930826	58.77070686645724
133.82232344336984	-61.911806086523725
-34.80155167639032	-135.3065609973799
-17.478985656208476	-134.50964004225423
-4.521060066090424	-100.05422366213477
74.32450693273202	43.421844870107584
-62.07203957212585	-123.46322643634292
-15.397640055687939	92.74388072353807
46.921088318942274	-98.5323904482812
-83.82421874576985	-12.5384539164968
13.944875049045303	117.1335240792565
-7.49981764908183	-119.92464374345873
-5.857598997662545	20.80984081259291
-30.042735365343265	-47.975506781844466
-119.72209516530121	-17.227325536276215
-137.6764127897062	-0.9844611694116191
-8.063331339537418	-138.468215131939
-4.290683796460521	-78.77659282509617
-121.62830283952808	-58.99507038259676
54.49893795249722	59.64123739673076
-97.80682260821204	62.52243171873677
77.595127079825	-12.496530179060455
21.445009875409514	129.0588648656515
7.436865549683272	146.17900780637862
4.246903596993842	146.94155767030387
-1.5974734169678417	48.51744299231787
-113.92074481804347	88.2496405282482
108.78409485790347	-58.13464144249926
62.601739109093415	50.89701389566239
101.46919963656674	-51.08398830827675
11.006380958680921	64.9337294867331
-146.16712346227584	9.97695174874205
67.78801086725393	-107.58220012963812
-4.066464797152071	-143.99964638784692
37.353669269928204	-3.5448120207763996
-3.2519679645043875	138.2744036048307
-3.482444344959507	106.519668151818
-9.572759325689754	-59.52955656910937
31.740123106149667	-4.167887553393708
105.88388193703635	-6.689733732555476
92.45007245423042	118.06459727856131
120.24935657356875	-16.865645114759207
58.8503175209867	14.421050916333765
10.253153656870039	21.881144298112403
-64.32411881920575	-78.71185395873646
-125.27037709196955	26.99259400843982
-56.9252911245018	-64.73708479875584
1.1364754094296614	39.95703129180867
-92.01572347445212	-4.029044132821095
-14.054558296359803	-101.43982385760141
45.72414372292241	102.77413250332611
90.70631484796931	-37.88404719625003
18.876077002158972	-45.83512642994323
-0.3189687933381163	-49.71887815927565
-39.208918517539615	-91.4786039795078
19.395975212257863	34.16816666776226
73.677402950295	-47.952420160531545
-67.90631597944004	-19.728846889082167
37.70721367961635	29.323922882120147
75.52931976188643	-36.209321160139346
-82.91113173445262	-109.07364416165262
52.771988059367665	-119.07771942357091
-81.89266917607803	-24.502211103466852
29.82613281865946	-50.963040476497795
51.3037503152125	-63.50831484348681
-117.6856905674105	-47.81088518393971
-88.27444077183081	10.549934695225627
-98.19384765225642	-44.75541208523733
125.54738539295052	76.94033509123192
94.64468412442795	-55.695950928549
47.97561248389822	-71.83939876198357
-2.183884339450517	-4.748640000887792
-71.73370953227119	-71.2042678594267
118.9132532314671	42.3441138113324
88.63716583723588	4.733174660698797
-30.25454059703759	95.34228231897825
124.26253240676256	-44.703641703534934
41.38149297930267	-134.34220961778564
-136.87816121770848	7.351167037286055
-88.57720504169184	-42.51326630942824
16.34516604125947	-80.42272423393644
45.335043209485995	103.07244581367816
-80.84665568593287	-50.48988626472722
-51.266102838281434	14.95031019955632
85.21107221857464	-64.28945217382719
-81.83170588877341	36.61854452881742
-71.64349853144572	9.491411215092981
9.692518208409862	-66.9014129289351
81.4590133762675	101.34005725739321
-102.644635060202	41.40561151080113
135.7087707744141	-10.3582585281805
144.29248329303817	39.944872543963584
142.88101676032176	-26.612918635407137
-44.430232722169634	57.722421112255475
119.49300256545463	67.88544322833287
91.9884667640468	-65.59201777251134
-91.72011598518954	-80.99282163858186
-131.60202904768954	10.08348944578301
39.099377572602606	-33.70706441452761
-67.10419856329982	-74.83450950855145
76.11843562447582	-33.76734160405011
21.588278534444516	138.254196121607
-63.66494120671641	63.4820482096171
14.157860739797194	147.44184523762496
60.62893150356535	-29.874940719064845
-94.30289742840597	-59.511714243447145
41.66360204823466	-113.12060616518225
-58.4310090496444	-107.9363639934745
-52.0769162132689	56.634998983023394
-95.33038117382439	-37.590067857077756
-11.905183000882625	-1.0592661740737201
-107.31487725941282	-0.3842472870050589
45.3599808503716	-58.88125618662652
122.54834503267674	-82.44653915841516
17.813325645348883	30.99567669881209
-5.243211376878947	77.40267998715726
-65.59953642092437	130.78537224516555
69.60094117158305	19.999367096204562
20.800438936539067	70.4576378211515
103.99407836681566	-1.5754223005965797
62.85979326545186	89.44793009217963
79.01748849811575	-69.7047556236321
108.72786695625466	-31.729005915260245
46.28093100753178	-132.7325822021148
56.211684677167774	-114.71743799730089
-11.98577154690657	88.7540692267123
104.77109249493633	32.22054755618548
66.35999726725174	-85.16778297374054
50.46339587832777	52.32055660964288
38.52538217119553	-7.915210914557244
-123.92251324832792	55.10477360972364
