78.82984757708034	109.1545792757645
-13.74952543209714	135.49235494738605
-27.871447086644118	-13.5116279459932
114.6154863207022	59.62526044417657
42.32555306890996	-105.01000823803949
-45.39731595662838	18.812085760490255
-53.36225336057891	-105.52744246252709
97.49843774381038	-113.77727577433511
19.6215427223121	78.44090812629824
-73.29099183436863	-120.25892846256545
49.20990826154344	89.68457647180705
86.81062096683482	87.04412662325352
-5.021947736840176	109.96043166988932
98.6760269176121	58.877402379903074
-111.54266506719242	-27.880089581479115
53.29901314362339	-96.11923547591739
12.075082820006516	123.65762694245886
88.24446441598064	-97.43880710502906
66.0751953174439	63.78556284725665
36.19851527505483	16.705434616096902
5.92303323850465	70.65646900560718
61.28674032948767	-16.481998325689126
-85.51258345646255	-42.98424231140045
-105.06084740371101	-73.69820065806755
60.08930001277429	-118.8741343319822
-91.98915014254408	-72.848031242149
-49.62380307763187	-34.26147494707664
140.48458537927525	23.054476104258654
13.650803397284355	-131.76749728695432
-90.00075477667997	93.08720978130748
-86.17119322455105	-80.61167973042838
-63.281266937079586	-35.46226934294851
113.6855694918425	-64.37492068987625
-24.89832836692142	-130.92381840956799
51.65507016565173	14.251767999192259
-79.45319122788506	-39.872604515718464
56.38415165978079	27.143890992376896
-6.850871776105639	8.771744095773668
-45.94102990033254	-20.493055109203354
-32.808749894410816	21.748069332347086
-8.926209974914201	85.85075001282578
60.13228233933814	59.699976512664485
96.7392822393842	3.535088968733164
-103.85806043815921	-32.945000747556975
22.69998262272501	-23.88717858785555
16.745942610967493	109.72311355885473
120.70798227465512	49.91100601829682
115.75911688928723	32.47241056276841
-24.594035241583008	-22.932530263845646
-119.842243001193	26.500619314586476
14.634890421236452	70.08802175336861
31.2484029029063	59.98147050241097
-23.92986329454933	-36.29019946032667
-57.032004701291726	-115.9567420825089
87.8566944540216	-94.64646658950812
99.19081304548124	2.0771659315709736
-12.006680694141593	-46.91532712162516
69.56168824858311	-48.79376415130376
15.035441929727149	-39.694842379438334
65.56073519070604	-128.28702511134318
-138.7932918890656	42.00656280203881
130.24272914100465	34.52486767769645
-4.536167492026898	53.66967986263912
58.54981073027328	14.42383790837756
-118.24097359931025	-40.012361396709025
-46.36700141851188	-89.47197712374286
62.474500664204456	-9.331477506359496
-26.377204508305397	-70.92211305944703
85.33386341867194	-69.79909616580828
77.01408382081817	47.90130445284873
51.93965310862422	-94.72059412943646
3.7332802518954855	137.1772626927472
1.2948783926306027	2.294987064001614
37.44980205401882	-1.9165941785251603
-7.289381943851795	13.693232889380605
-38.51809592532768	97.3677075671161
50.47388787046724	-124.97257811815845
-59.275477555459034	-39.28671455880438
55.129582338646024	44.195123041533066
-87.48759693084297	-1.2331624815912858
34.080785221480724	-44.24247113009904
-21.9332512492459	-13.074336285310542
24.987387147434813	-114.98403841898877
145.2894043233737	20.080890469547896
4.20821033295257	-142.11870859969375
8.756224915962658	-20.388446322070457
-18.221915609907143	110.96135469849604
-67.67064439835782	20.19954394491457
-24.76476714981966	-20.53345532528205
-48.60362834507403	-127.30796652797055
-114.33216750775134	16.749398024727004
125.4551414656186	-27.65289284302374
-81.51363162759083	-18.978113233175794
-140.78116356958918	21.88488466606124
-45.07609782553511	-104.58493687988225
-89.76522276957208	-85.82575147189324
111.36828656424238	-1.544444847193568
137.19191674776656	43.01914017386069
78.48117153366503	48.884717260496984
2.81426214537633	-141.80316450245633
107.48395214915728	44.92502545199854
-138.27201626648554	9.937329766995957
120.72511806793472	-40.63171115232753
90.37650522952508	41.6525447344758
-38.3093172375544	28.95744931176863
-68.01502052562427	63.98350165250176
64.821695420131	-131.34836427222592
-5.353322102394583	133.1790616784508
32.059561884623044	-25.608822653419903
-28.557816672141566	-13.366065563162156
40.19309644769225	-0.9762627505015388
-32.36409861608519	14.119356712868274
90.71795667439306	115.56332144636342
-120.00522857743348	50.17319977613488
-27.376763478405092	-143.72254982657762
54.19570528809916	31.895529740187566
-55.49838918727617	90.82191029774272
114.15002835264218	-27.52460223705082
119.83622302423817	-86.0549470460482
103.66863592190195	-20.970837400179626
50.587248366082946	-29.802637731764854
120.32494483501469	-52.10907684131801
-23.34553901556385	-32.56148817621719
60.300935141964395	36.57062669642568
-112.65860014076999	85.19243649605266
146.50317561618996	-8.114302051699182
-126.23336560011717	77.4260128657882
-67.16107934480382	-10.96210733957071
21.143536566752346	108.23076465206819
-18.004757065411436	98.39683223963128
-27.22280076132891	-121.94757834686503
80.83211537498396	-66.25056090355756
33.39516998347604	108.89820103429155
-2.221715051219581	-111.02353039080822
61.513590424461526	20.126628173485532
-28.135109079976676	135.5709575387554
-22.218365236056215	35.89289285273744
27.25939438490349	62.297500902153736
25.571483147849467	91.15264931138483
-33.79663905376329	55.405847258135545
-79.01645216129472	-32.448371325877325
5.572223904891784	147.03299344713756
-2.800275362409237	-29.152807573695902
36.865384527711896	-125.50200911984216
-54.727310006011315	-41.979303538292925
-78.63657359370023	9.652980818232514
-90.3183812802979	-88.70001190897726
27.510727902318422	12.500949871955141
-69.27219492107572	-20.31274395285365
47.071589194481774	-22.352229642134198
-93.84390251871234	-60.97716452826391
-115.55066833049167	-75.10864544425917
-87.97939702236539	96.98557301555448
69.81318410677284	-43.29408953638109
63.78729491464941	125.62288856362981
30.51322349154405	97.69975106648663
-143.50440467052294	9.58955525388239
-16.200639919066482	-39.07124389108411
-110.31740779781221	-82.29733481661202
-16.386830011377853	-85.2804172757094
-16.98399320678829	-117.90917947181835
-23.96477981103348	123.00113949126427
66.58696023032239	7.440821968060201
-78.61407219322622	-67.18764969122883
24.372725578956313	100.35613841875109
89.6968856724165	65.04769651632247
5.187395307153832	122.94090462412372
5.108443618995834	101.05807025449955
4.909389947063568	-6.899896651003256
28.968358023814677	-77.77988476691989
140.33991203457435	50.91090820956148
71.74224902867103	-53.9133614478478
-124.69025888661312	19.63315773587367
-134.13149868144757	0.5797831188352992
7.94610542915498	-107.47159300786043
33.795427096593095	34.58123013217274
-110.20744346232519	-95.11766494590987
-72.7133948539632	-48.46931466877699
-114.00919016314604	5.428092744949702
60.15264010217888	-32.85169979189377
-117.12060567674766	-87.74939511754083
-87.78671353100378	-75.7192067072343
-99.15096905592533	19.25238430335408
28.099897165713468	110.70090668352093
-6.416215568096194	137.77132564065226
-2.111576046359557	-62.172222258380195
60.40083508044115	115.46873182760554
-29.062426051120884	-9.908262632220438
-15.728110687314363	103.06062000377747
85.20404706293127	90.01330765043367
-91.99836710285801	-48.553338259316135
-11.190192961660822	133.97975135966172
32.85767937376968	135.87465696287484
-131.66923109130622	-45.23467702002627
-90.37000638895798	-11.769635807073854
89.49297575198467	-88.0737913793927
-18.660009408206992	9.076972357921246
11.592639626548962	41.55037185028604
-67.88125655719762	-80.15957642034965
23.9865838168827	-89.4269704962254
