-106.78045683556921	67.0385790871185
35.77156639126642	25.14772117059553
126.77441995949948	-36.90210659602931
-94.23915681277973	-112.83006462871725
-26.20673635842798	-68.21142920860956
-78.21225628526791	34.085222136680095
-73.81174108806951	-94.12531075141474
-44.1168154625563	-98.39087665181275
102.71010508535906	74.52537017473821
-48.32505502628093	97.11033621230834
3.3918098626840196	-28.208105266605088
142.54278890658065	-31.63957493610895
49.66263403321157	-118.33436614565939
-145.62117500326445	19.418227177412763
-60.58620677328011	-101.74054402292275
60.45395750089626	-128.77902816021182
-115.96466356655408	-90.9082694362372
43.42139121604741	115.39895646731676
-76.22647663912753	76.52347578225219
-98.02775386819494	-32.8181611234602
-9.470610394894631	-27.183088428590956
10.130865160901104	-107.51160488056648
103.20039701755125	17.431048121301448
-49.79719030082267	-21.52129216632748
112.64353700866394	-92.34596186270991
-77.05039214585429	23.294958403624708
-127.86805672606143	-71.00527957785218
13.829016012549474	-145.4699375091795
19.805843515534697	49.26279934199424
14.262164965872719	54.48103266936154
144.75664018767398	-9.869988658615279
-98.33780580828194	83.98165310796851
21.273816421012036	130.85540851102076
95.00014839422714	83.62708417845404
-78.32903134770412	-22.105466347372403
3.748367926922601	120.41151906806569
-12.756555676468325	4.750774785469172
73.27513973332717	-23.33328598614308
-57.16119477661253	-76.07784129351559
81.95603678935238	-61.93715306317066
-34.92218433352529	7.990812503623824
36.00924278100819	-28.587429953784206
46.15076654390764	-93.34713535260013
-58.62135135945145	94.76133892513413
-9.922114103300428	-22.250016671354413
20.36339640536739	-141.99824854614207
12.918132805452686	-58.72612110806943
-89.28883570939537	28.284766816097402
0.07749718435018281	-57.764521898867834
-109.19895077013278	-90.25910247023019
143.1110405213545	-24.50758945133075
75.31877563617711	44.20945272843568
-95.6517207198589	-39.07722981584988
-5.9971566347508904	1.3753524521156988
66.97020122951054	39.496540653022876
-61.65331842780043	26.055293426300047
23.141974273947547	-75.37220129489322
31.659212769466297	56.989439079017295
74.45353411932842	47.14739652333346
46.75111155703236	-52.19122926358144
5.989947288620548	-144.94846918962682
-39.458291305133514	-76.2044513428514
134.0853068418441	-61.436914220322286
-141.91345868172962	-44.586808392671784
-112.41339866461585	12.240055934726763
42.89546239281548	-20.17755457975714
-40.928545522842356	132.16561855877984
43.187284204397244	-135.27407621311153
-105.78645019859293	0.8780894590856803
-28.244833760320187	86.8647156009103
66.3030673351045	44.82143272178866
100.32315417765454	-88.47083010817197
90.0666923074702	97.82359864855356
-84.28423684314488	-50.476190936541954
106.28162256572757	-42.15340904305182
62.61941614541028	-89.22847790225002
43.01942209806687	-57.54545101422829
-52.77935028665826	-87.38982219106296
27.65750152044797	-90.57783962404508
18.429521087640932	10.373226746866218
-5.1561448394628835	-99.80134376387682
-106.87020516294766	-65.12689060296096
-31.806529980364633	-118.0739027554064
18.51542820281243	-65.9403879328957
-84.61128621532623	26.817853741871303
-88.52922414278093	8.403458548724688
-24.759935276837844	40.69427209006491
-106.97765169695249	103.31635787584909
-119.69638826856138	62.33591545354602
-92.87239606038254	-59.83693546145166
-113.56564032906891	-7.0944605396428635
68.72771831067492	-90.83904324889785
-64.19085770097227	-21.443726687910413
2.7111802475264364	26.546385285697337
-42.1238855915324	110.76355791953523
71.58299550643109	59.687176628647016
72.67535014110585	103.65689526967748
-112.38640492822724	39.72133589074379
26.938442515672488	-22.424739051140488
-73.52448621804679	-45.62384035645295
114.7096448382706	14.104343460222315
93.85267983684501	88.34013018264207
148.7665187044442	-6.51992758432371
101.85920982483589	-97.59004537226637
38.97561926748495	95.53622020364651
119.08362220589619	42.636321920874934
89.98754105970589	77.30872345391182
38.504065553530914	-18.674436787135853
81.83125000211876	113.95334842052046
8.689382296288949	-2.712329309614716
3.8334786413481843	-85.32581527690274
97.41643385527485	20.445179230178745
51.28943571095253	26.320049751705096
99.50633951220577	-95.19724836510358
63.79884961777403	-82.88219009170591
-67.0778205866577	-129.52786227277525
-20.70445075569565	-99.52005122610889
-124.86633792195377	-41.75062294013085
94.30100389501517	-60.14010024922915
-94.22591267889332	-81.38985708500671
-129.58932231636555	-65.03879327778023
-10.046441387784041	-22.221801717425553
-79.73164604976346	-62.94557439810378
-4.332681929301669	-105.76299751135669
-14.282459380772039	127.81550071308597
-9.372549451863867	11.775095271169695
-86.58035900419017	9.220996285300957
-111.69302001701156	66.46007846643653
54.338036761415275	-76.61762266549098
-78.64274904342157	-63.766817093405336
6.660012142316307	-45.98883217096425
-8.929740869781272	38.866019913786886
33.05455877428234	-71.03483464689461
32.52524382135754	-11.1326165350144
16.364722410150943	127.083131182486
111.23658298578712	94.95226628771401
58.58116483527633	-97.48835609569171
-55.07083547927317	-63.17607665908481
-24.910346356357987	39.7361475432742
129.75923907397984	-23.563814039861242
-92.54329272931295	-38.78695290502941
-8.415539472671803	22.808569534898183
63.8472053695597	-60.48587623992424
-51.827174956416464	-11.481227753124749
135.53002858827608	54.04193815800389
-0.4974127775914485	138.16215456201004
-91.03136128672728	44.51999293234524
-41.633830571802285	45.349498829952076
25.30189060791764	132.9143635882243
-57.59411888682137	99.77412090724853
-39.79335188953272	-122.23155324235269
139.4516582072572	-43.66254102596982
53.257693013178056	-53.422423256161174
-90.53918746950363	51.21868758501374
-76.65415517405438	-102.74180372904637
118.0621528443856	12.17845936247392
-16.423523040040312	31.740567417420944
-59.92933668025947	74.30176554989409
-89.00889717037316	15.243037502464826
-141.94216025982342	38.74095039702183
-100.0596228735394	-17.390837926957712
55.43979739983201	-70.75066214622261
118.69365173734347	-86.7084212241582
8.19100574901204	58.89452221807869
17.086919075103918	118.43035262641067
-36.343934735880346	-81.42458168465822
99.6836941421442	-81.08306324525218
-49.5750202270767	-119.05339699905835
15.034306208199986	-110.08350846794468
-77.14138378956784	118.89707245964516
-4.413094104150241	-140.3556792329947
-55.00061063178257	-107.47382008667536
-16.12076324368814	-109.45626472244025
35.61989122374195	80.47563766366231
-21.33346807903622	98.07603987615548
40.70744775081137	-96.62487461573255
102.2227336325582	89.13508633380945
-27.501667977218425	142.90902626195202
-79.71517848117769	21.35703327051931
-79.42962397924259	84.22347826102319
129.05926258777257	-55.04661759635429
-74.47899785398516	111.08769574317334
-49.389842184921704	42.6295645826595
58.35650585194403	114.33524038903246
13.13775874995917	-6.439000136395443
84.38483709685418	-6.737289882160542
17.675818170512198	91.80173921426571
-31.817441035946146	-33.60434083777914
112.88163717755327	-40.974168784745444
-37.97210206310096	34.98723633798833
51.40966732680773	91.84765460086454
1.7991213530228514	14.349139707020424
73.7538773408025	-53.8011427348716
-31.566172541070394	139.00837884543475
15.412417225368532	-52.1706880037266
-67.98956705865734	45.0229564600465
44.60601286708738	-122.00383153292493
-103.72542259824888	103.84115102588736
34.08120989112309	-101.92492950266133
20.698685976092175	16.437142705924803
