-142.626639148803	42.12244002099906
78.75074401655581	61.666029472895325
-2.30039669780464	41.369865208124295
105.22381738138209	-49.0163932721271
-25.295047649636487	-140.07195107116493
33.02175101627566	-75.35236103920691
-9.629627646026055	-25.40918344182175
-92.90759271461388	-55.533271470893425
-105.1353842488636	37.62722735576209
2.942125508507872	-121.64403880757396
36.33411940018611	84.23693314776104
-57.18768814961073	35.038910355254565
20.299576958796166	-12.186348709306774
60.03214042509555	79.30107501763345
110.07200364037016	-22.097434143173597
-31.026428584749443	107.87300591555082
-122.09209738080368	-52.75189911746317
-11.221875652842666	59.71333455516502
29.14143524292967	128.51866938036721
-76.64457930656859	-21.648399101872275
129.07837408502704	19.888571120321487
38.65686263289617	11.615141563912916
12.896269782142479	-62.42149559189105
48.25310359154295	5.523555859054489
28.008323502938573	-142.91861360189404
126.91213383332563	-68.82388832389698
-92.62303073041087	12.924483534896394
-115.57641381471448	5.348985214335321
85.94774713671869	76.13522187458986
-97.01358269528778	-74.5868592621974
-33.823895873113244	-120.25274771053893
-55.14773196624788	-93.96096748550035
103.74768447700741	-41.97717427285914
-90.16643815594887	94.97083028761281
-68.33562019401845	41.39233408336389
2.550179818864344	78.7988192154085
28.18315507903652	-113.40462314648273
85.56756173610121	-10.282593275331992
10.321684518642709	-144.0886829958335
66.6588518994654	-32.725497325424726
79.59882350014757	-0.5704643711777706
48.073176162560394	10.884920952142283
-98.72641050762047	74.20801542212962
40.34144332745325	-22.559236660106354
8.502289288240972	-60.09419001536059
-8.34314282977084	-75.48387899411382
-11.313029055523993	56.51227693869633
-120.29962298671387	-59.71802835450547
-12.383549905939928	136.72299486966241
-83.76627723279059	-4.739868723929836
-117.59029074296146	36.41133907178914
-119.15633182335972	27.590946728160265
136.43167608929178	-19.96169370046463
34.79730183855655	106.70456774597655
-26.627406245175116	-121.06336181678567
-102.77977557879885	-72.13704348308357
-137.13644011112672	36.32131046854969
-58.321427267531206	34.41909947753017
97.49687545495416	91.49471062663903
-2.20210574483528	41.29807733277272
129.21068565811203	65.19473841483835
-127.37607167585661	-31.040613741469933
-39.173215543177925	-128.2816346655283
-80.2474297152248	51.154019679844644
96.0959864964684	-97.50850550672111
72.38168931267053	-56.99438452262845
126.52323111183115	72.75747536121384
-12.442494062151052	-66.39408061490275
39.6198672280969	38.46651731511794
77.162456336948	21.442207852268737
-83.41095137044326	64.27813423715526
-27.39494557245563	-131.38979141810987
-95.0429827765883	11.432569514279507
-28.416717935532947	-62.85969013230774
-26.622078930040217	-91.31547342329281
71.99024893035607	76.1626947921733
-46.793197570283766	-83.34851059332404
88.25036383160248	-68.92682492341052
88.96610994682277	50.8563751557208
36.58271661057568	64.92364959793987
21.578284986678124	-123.18355762203889
89.18937351500837	-9.2607513914583
81.34225741987021	-120.32125308398842
-1.7932670333283254	52.8349858983844
-18.521179542157267	6.225081182064543
-77.6931476580322	-63.5851920159029
-17.532639767932356	83.54932837859229
-49.65432205163817	20.817959268714375
126.27213569465158	-54.884178831446086
-78.88268064510682	-18.74954972945689
-14.868651820910838	15.162505271728891
-75.05493713531799	-125.3943556886321
-59.36295819269301	17.306129651752467
71.41208945841667	-102.2001061576074
105.48956337708135	53.674764520774694
-19.606789684868662	-145.71904623379018
-96.3268022181368	101.42401626513019
65.51613636059706	-21.92061515453195
59.45562013184386	-1.9669923977946444
141.94550340354374	37.815611676424126
132.37742412488205	49.67539562850135
-65.85187466047279	102.90959424440348
8.681674704682292	-49.284310099351906
138.2055784278312	39.02666846900482
-48.91059957970052	60.85058189096286
62.70153004327471	53.37128163528711
104.62760805739629	26.335148032293198
92.04521373398477	63.68361757165217
-45.29337321515386	5.123734003602087
-117.48333047733644	29.18740504652591
-70.57345854181027	-44.777921914686566
-35.204227399923084	136.85647596197896
-98.66292220715582	-106.04742310624408
-61.61052310025372	-130.0847209608385
54.31144852256712	-67.90306628030544
-72.85249134506998	61.07368191858825
44.58257534902832	-69.60092176859435
33.20619323641567	-7.4924587906613755
-24.120124941207326	-54.87053345330705
-109.25169299418981	87.433055897149
20.293605622414216	122.38933286171813
43.516955910797286	72.94171517166639
66.89319427848498	87.59286950850193
71.52619888121842	19.72638561029953
79.5685261759882	-94.27832810628966
141.68736020952352	-42.81279459338449
-15.074372726716344	47.114265225766964
17.874997454826335	-61.78996790558283
-100.86042645155936	104.09827162191525
8.723404238567115	70.97097494321105
88.37214928236196	46.283674165081315
-10.196353288548373	-76.47781261748415
-50.81151928463899	123.79810238720208
-57.29504120318418	0.6605548279004998
122.22892163849275	66.69999879086299
-92.27769854242892	-112.78286618832492
-130.58218844595874	-44.500487443722875
-6.592791142429478	97.24504424729952
51.20264239006698	10.012159053300508
-13.599260701878848	9.38638832399071
-67.4861284650723	125.34855830801862
110.07031124809674	100.74858098973168
-27.596270454654938	-135.80922125796135
-1.9808279075244524	-8.842335031530892
-40.13780717984711	-12.198650122710163
-12.480194155772608	126.10239197861887
100.58542472882431	77.7333260154391
-104.14017710047214	98.92260431452083
45.27748325186192	-118.6681202805287
-7.597238230859078	76.69656538281049
146.63199133435705	-25.48949521874692
-47.62343119876812	6.205592228355853
38.78754671003303	90.67489079470964
-10.958210358760393	65.01578626502601
-102.98762115893535	-50.709886256886406
38.720615019352344	51.76640205357222
84.40068065074352	57.26092457892498
-106.57862801879457	-52.08852586298576
-70.01458653653516	-46.48886943882175
129.12632606489495	4.3540858600013985
32.077279408686614	-129.84924466488428
45.17131911937861	-65.30164575729525
12.010834451716443	-136.77736141029052
135.47817266258983	-50.407490840917696
-54.3747858653557	-86.23076059714232
69.43682320763948	49.61163243072519
-28.30520780414239	-11.725885559707182
-16.144443792340713	-69.93306536387986
-15.231703313172279	-96.46654790941504
-80.23271264161174	-11.169263019966044
-54.39599487882747	99.21840327921542
-3.824599997295281	-146.70317042969293
0.02994095340075175	123.69298228838335
-74.79656192461522	66.43205500209254
79.93352533352316	79.05502261597098
61.6953201697579	-98.78728771883239
77.05436318488935	-72.02167571414998
90.32103437999285	11.090712782552178
-31.226839313661568	-88.50845100246102
46.78731888040327	-35.32455632745854
-22.844869794259154	86.8769382545476
-114.3845249733941	-43.83346849758273
33.08277339613348	-104.04834215670657
-105.26519084117821	36.15359479742273
11.381151839161818	36.16854945184707
68.54594285251781	10.846556229860825
51.51712779252059	63.9257066456968
64.83939005207475	52.71316701677733
-76.17702575921854	-0.7907431751921498
-39.468278051821585	57.62312985679155
41.01209565615525	108.55947346880134
-114.24969135290368	8.31265798234858
-28.206614021559908	26.560873710355462
82.1455408718456	83.05765052665969
44.24473872170114	-125.7282365474966
-131.09738893094493	-36.67212276247825
57.95489031779146	30.765859538061267
128.56371557146738	-29.592607017584342
68.13374700002099	-115.78778947305912
61.596512606821285	116.74438911989525
