17.881144382664786	49.51686830518964
-67.81111289614147	-113.7427715530865
-140.7854359058026	22.152469683652203
-3.3256341922823838	117.31097238459783
-41.678557918756795	-41.99464064620892
111.260167585814	48.11341924058169
18.930825207167754	79.2582153792768
-101.10353735441761	-52.645926428656146
5.339562107476316	-113.60243306221055
-41.842294382620054	12.85240039278273
48.99536680773459	113.45790939104096
11.38595251480111	8.681920409736176
-44.31899833044294	26.185357817243666
-44.08978746620339	-51.12433105027337
-138.90981507195093	-33.11700715971438
22.2314044156153	61.19845426841305
49.050986612798866	-32.91947757912033
91.7929511690542	-68.41352835090248
-97.03140255320172	77.6364930516998
-32.51855431521286	-117.40209747991648
19.365871919774627	89.21431983959
-118.54483010413433	78.75630012325946
17.176577357670045	-50.66338187853226
104.3580189835992	-102.15319991665835
127.38297314541661	47.12838764700772
-101.09153346511097	-73.02587721313274
-29.833728657774614	29.764837819108426
-141.3939631010197	-26.141545488261833
-18.021500590321452	14.950483106238549
-85.2756665088809	64.59850765169354
-59.768764568487704	-125.33149058665931
-3.5312412866584197	-67.19490462958223
27.913233422535587	58.23037749446405
42.63550664748544	65.76533410606997
39.44567530394864	-58.87373563521946
-27.596299465793564	83.24789366809152
-20.112461919384327	-18.670387570018224
10.239938018651252	-104.86068583999281
27.747887924778805	-142.87886112429888
4.1559273796065845	-88.49705731380658
-14.095507987624016	16.050358631349756
132.44759656390286	-42.625614781802284
-59.67378717134637	-42.979402681741185
-136.99348759935143	23.97336309639729
-108.27902099110281	17.320813390136554
82.2602831820737	44.25068913330237
103.22877486227098	37.55859850464528
129.99070473874534	60.13483179547839
-23.85537186088618	107.26216368684815
23.30816411716046	-144.52747619050112
19.663845475862857	88.31389415261096
89.45869728495123	-79.14314598532461
44.265666576696226	48.27916363154698
-2.4040274456638184	89.81028764998388
-119.89937136608644	-38.75159311475216
-141.73539464118846	47.20932746976578
35.84970025932473	-72.32352976760195
-14.101107085164617	-48.379563957740416
62.5402035672615	101.96925646718888
-78.49684931733732	33.033892247830984
-140.46269762523912	-50.66936267119318
73.33086611209035	-15.138562795087681
95.83047157920413	52.36258386097715
-47.56721537423155	-36.88263556220865
22.350367573334697	25.88171999679174
83.67521179354802	-107.40690739404425
-74.97327553251435	-21.219394501900016
25.48973711029584	99.0696593511614
-21.595831573035923	-12.563074391337016
-72.95670850204971	127.42852867760337
-1.165925113232855	36.2392149251865
115.10965440408678	6.909117691347733
-62.91757943506379	-122.17551033778123
-47.15558317714706	40.80338539163506
95.97219652363795	-106.72938385137678
70.16275837571376	-9.433386031381087
-114.0728316025381	39.348317188475676
-116.80077787376237	62.62225652904973
-15.905970318619987	-32.14008047219842
-43.32789746820296	11.981840450173985
52.69604490878329	54.53334840288646
2.997587860728931	27.462235735694616
3.6049983427779013	79.99464890186407
91.16889988658285	-78.37046338262597
-99.50442285839654	109.34570407582007
137.0328236421309	-55.00666565340775
-6.015619947521325	92.42209378529512
85.12563271703682	-33.54082030471869
-84.37581764074392	93.04599660872384
-26.270412552525656	-26.328878274627943
-93.85931317403886	46.709722305460765
67.47957704450613	78.68643238460852
51.407589125073095	-95.894350029173
-84.27044157487732	-3.0433414564413304
-23.561756324737047	80.28370773104821
38.18767554683484	-6.5532565744110185
30.024058542293115	42.222991567736706
38.85591086816025	116.2166205993165
85.89026332398278	-78.48288726232711
-25.785230937913557	-125.10086840005017
120.46185975537574	-79.18906806885676
-4.665026243184167	-34.86439259821926
-27.45122752011683	73.50781061250717
121.43732959467752	-59.38170925054482
-7.871880813386669	143.04795768507495
-53.79943676227538	65.0992968041694
-46.64632536585743	-117.95123449031522
1.3553243958663164	84.62138647069294
107.73458692094908	36.513027881530476
12.64935121286445	77.95568117356223
125.49738983987444	15.078170028094313
58.11324346774727	-113.02764818441993
78.4470007965858	47.81835963586541
111.69386315561181	-32.55936250920475
78.31602211392311	-36.311966950241725
75.89528445664466	3.2041087427645243
-143.38766237851337	38.73397194252074
-42.798776186842815	-133.18659674141864
95.10916156473587	4.726449831341841
-52.39517335837808	-11.339925765607843
-26.452902977165504	130.42949516258238
-35.52693820874109	-9.025553936091411
-98.68690286115151	-96.88838731797252
83.71999821322419	-5.629803357104594
57.542852352224365	75.75311475290448
19.528622655271587	79.20237260271861
-75.56243047470619	5.8662199737037835
-8.666323531519577	123.45179559167018
-70.50684093613152	-15.446743509904682
98.6071034731618	-59.47797850299974
135.8983984409447	-33.045475400122996
-17.600789876676405	126.6536445381587
43.51148089477061	-136.23345149586157
140.10419705768845	-28.21266812341566
-22.45786682198068	33.57253893692553
55.415283635134024	-78.97189656923635
-16.712218811600838	143.0220908597001
-47.56608048889816	115.26474125497701
-13.078355377964415	-140.29910151142604
-93.52139246169223	-96.26848999581888
-99.76162441191052	-96.7249166478115
-30.181556986928832	26.474589189209414
-55.07203721629678	-100.14194102730141
-127.31981656710539	-73.61909550408852
86.68100656099283	31.33263734588377
-1.5670862122638394	-108.6195832030354
-30.067786440080745	23.08411309159286
-117.95241917871007	-72.57827594174988
20.64669751612114	94.7725286675097
-7.032016322842054	-69.51693876171872
19.22417436514501	-58.43007687044972
87.63373734734698	-120.18258563628578
-81.87221753309173	-10.185698510431218
117.22829590965966	-38.2550427268607
13.773159374106157	-127.64494386768882
-73.99523971114098	34.59139504335933
23.012963075238684	-50.42804307185401
-3.51712704039417	142.24743135687592
-2.81696750055558	124.19019647041807
-11.175921494029676	25.387519579523484
7.091802146985512	107.45988857970941
-65.9377407323275	81.19961486262376
-35.37455457249141	-27.560690032060098
-20.446553267697475	131.76037725639858
-20.946375741499658	-92.84439028344207
-47.180000575066224	-36.488057196403815
-15.622890409729035	-45.231619337664455
-115.89866314167166	25.224910990580042
85.14202341078607	-42.29273385536406
-35.28867864877334	44.38673573983089
-59.079791308932506	-90.41094178256026
-60.76634174733739	-12.8738366913617
81.64895062015576	-40.35825609792888
-123.92156521465978	15.817467447357874
16.744673403233012	-1.2446004391106353
-26.82366337043123	112.61301256066477
62.87929123225294	-86.65021528416005
126.03654212469561	-10.852328025943814
89.92356552703103	118.99914808490499
-90.70688170715722	110.24901362094391
-27.66125780765526	-98.08145311774148
56.850535798084564	-43.701391346898916
-0.8899718701417944	-36.407113911257454
115.8320801030071	94.65144160683882
-124.49369020683775	-41.56565861155597
-67.52967655139196	88.84055759005099
91.15209024260918	68.95233014152058
-70.53641764753316	-124.56578033577257
-45.73263167584906	39.20700072967086
134.62508611696038	0.2586384747396432
75.0513926766732	118.72173850423049
54.253782613733804	-38.393906284207276
64.10156247632489	-103.298396826141
75.06087294208398	-31.197694860202862
-72.957417120813	13.97473800379007
-23.996527556985402	-58.43504645651417
-131.77839884662805	-45.30473040514295
-113.33802697051796	-28.279624432973744
-19.231461240059403	110.20138639342737
3.8300750254887683	-4.711676605232615
