80.96869619988982	11.391281428498662
-86.74095864265324	91.95686956164823
-18.57156438683042	-93.11388101899432
-44.175076785103926	-119.0540288277329
136.3825794927252	-18.424845679059054
70.03567265133583	-47.08074122227464
86.34283565461624	76.66485925015198
-72.84061111818895	-16.986757771293732
-59.306056694200684	80.4832360410066
27.918794676601866	74.43100209125642
-40.51714315096738	-116.88124824881801
118.81432505652106	8.938456122214607
-71.56562528609801	-94.77997703819437
-18.257704392903978	2.2476150529147834
-1.8995591723259384	92.67229194431035
-55.880340251356024	24.44668691172937
-51.92595061839497	121.71381567608107
-78.38203484064468	77.31964030515925
-7.358918581066721	19.36395891812101
-109.15235256028275	2.341542493584825
10.865198394451525	7.074265836625286
115.52059745336402	-9.252462050372069
95.15316782602801	-79.63950026538309
-54.45644781924739	94.19375220051626
6.319354712958229	75.02208803249162
-128.37047495970694	16.48310428593581
55.08466256818796	-95.74881200323247
-121.0609773846092	-52.3707942559106
70.00899775652532	102.99180965444059
-15.277054992774085	33.784003041647885
106.75901394104167	6.989438538626113
-115.49302492792481	20.93845886833714
-131.31385622492743	-53.33892567630199
14.016415237845996	43.815974154595146
-92.31595728161948	33.10199225418625
5.200604177972094	-125.80766953652122
-14.102877865498735	-107.24134967415257
-88.94149755706793	49.41819645306025
14.119719750443819	80.10446363926641
104.47419260194684	28.25465739162672
55.53245963152854	22.935199818128755
-80.91584277066578	36.32822781182179
-109.78747070473638	73.76767881120742
31.6175178250211	99.97778294182694
-69.76659353896997	56.416213500152566
-50.95964909614331	-71.80200121872612
-39.791231919351674	-54.50854643003247
-100.41937636138283	-2.708699043053708
-60.82500534196499	-93.71266318495294
-70.7536805414853	114.3344700511368
75.75396685040145	58.33105997059801
-108.23388962403996	84.29963282743653
-75.32535494828907	53.86337451905507
108.811742125885	-56.87923899576174
51.080902830045254	84.95484262528156
42.70409320821823	1.7377024808968753
-97.88988808511613	-64.12735579034147
64.23633321685739	117.51810511819639
-103.96273300004009	-87.91513027279854
-61.40460829227066	-44.7171787731013
89.88253227225059	23.415953701283545
-95.79795334065125	103.32611669048636
20.00432583022567	-76.56260992552271
99.20998039627862	32.64878290604147
82.04999026168862	-70.48704111520475
-30.158119409888865	-68.48513777757091
-38.51139377425739	-88.11918317564277
71.45195224735198	-43.20542545973735
44.68029172749296	79.85557028391348
70.8162987168821	35.48713855616631
-21.18115997038535	-99.20263451522088
81.12091705922352	59.03585851684239
3.1856321241162107	125.86746298400124
108.06103919692157	12.26375406982578
-11.97298382488754	99.86218431911242
-84.24264866658089	97.9676098620301
-16.800546014468047	53.99309727196504
124.11448745498231	-8.283097353534579
67.248131089398	-75.02279664074088
126.96266652543474	-2.8600181230880493
-94.96511998744384	-55.04219808460203
27.154228658645792	-130.70996039553148
107.46501011123166	40.9087981537501
-85.00469527827629	91.74721258946482
53.650875343736644	58.081765219413064
-116.65751715889317	32.0322493209469
-2.956466450442413	-96.79387148226412
53.56311964863922	-53.71663978678267
-14.14749839797605	-104.27596969648276
-126.64568576328256	33.77370448841994
23.86404283956467	-77.9561486824278
-31.748773720173407	-100.42170361152468
-61.98604472294768	-109.30954865945446
41.857110095424865	-86.12899446200178
0.10404816536039833	-102.39585663586085
-98.71452138342629	62.354095390350395
67.88265415824665	2.9684538793514763
-89.20604453592527	84.77453088048311
56.89934940529434	98.98789224721476
58.46491438470438	-104.62447147753828
36.86878924986305	-113.57701289412459
-128.07639576256148	25.427044187353385
-28.382855653749367	88.70458380598593
75.15743617105743	-43.545263514741926
-127.18441477557087	45.927473856977635
-20.859393771236917	118.83550836723667
-102.38905576239412	-51.78474214732081
-121.33016578247036	-7.951169547789647
-117.78167052930016	-64.13242671377603
-80.03197929306666	66.15134053021916
53.73895729978242	78.20839831745417
-67.89138159347544	61.20251465685389
63.1813955546727	53.67560779767366
-37.24870613472857	31.317761270419847
37.901059647890186	-19.120733662723342
73.30113731033211	95.05934835262178
-99.84101727179866	55.65665466431703
23.26371287023943	46.01013248236868
24.53319837815852	-96.57988950965138
-19.450788169387355	-88.95072174245716
-118.86759136103552	38.63820249547653
113.6707894971452	64.84495839214368
118.54210960341985	68.58958627186992
-117.21810323710118	72.35459847593505
-27.602008755375852	75.32212147492564
44.164255463465615	-24.57872457762307
68.78951126479029	-102.09165730184944
-101.40258859279454	-87.48101637057177
85.52733668169648	-57.908538499079945
-88.2112376541687	57.517930113196
-56.60666472265834	71.23624636570045
72.20678104151644	63.0552175374185
-6.172973361444022	108.7711213202668
-21.76609739866549	108.21543497158149
-73.29085192137948	68.68916412774894
-49.10667910572662	18.285297179652968
-74.91588469455328	49.29315570926188
-105.74440579633179	49.057141330792895
50.642332406243156	42.92552006685156
100.83316032054547	-19.41353050243295
-82.0406931646651	28.06788158289525
-63.72104291843022	73.85667852277639
115.79842704007471	-1.8993622706167834
99.71120975465426	30.29953277974988
14.597097320241506	-107.63193529002959
122.29109198960657	-29.83595590178384
121.40966618879543	-13.303411908402285
109.88441282332322	-68.5644806102883
91.5104701228955	-37.13516904889273
36.22136628346813	-124.45060099412648
87.50271666163353	-11.218932989306785
-54.404149475815046	-69.6942281661972
47.806919988292506	-62.99484828346349
76.63635769104904	-76.28561913184701
-24.618440978258224	115.26166031917975
-113.90620111963737	9.494059725103398
82.4045391200628	-103.58233649978493
-14.51591884601234	81.12564928331986
112.17864014830455	11.37089610952823
63.79618763402062	61.49619042555133
-130.0742236720001	54.10125427963988
-63.697530827281604	36.30950192630219
10.470208581874646	50.849684626553525
115.59652740542758	-33.83832167549462
-51.68788101837542	92.26731520577616
-121.03374691127786	38.027578723170684
64.92965818855556	121.97098043663284
-57.80544643147929	-88.59748683055133
-84.0919878242878	102.74294672879238
84.68059031125189	-44.498692200401756
102.20312278497416	-50.98797837747219
-57.6055987721628	62.35271890370058
-122.06709406329884	29.969635257685415
39.19645953493513	-124.1620897122725
28.437276368312972	64.70758112559407
57.60878441597717	-23.508273957457273
79.13146242368781	96.17731126103179
-63.71214081924814	-105.93734784594525
16.013542111391878	40.48785939865469
-53.996434904645184	86.93452481505877
74.99090913792503	-39.92250839421605
80.85382050529319	57.22567623231484
-96.33797539859428	-38.79737700200931
-4.819350362341906	110.64464010570578
8.96880528623877	124.06915565241832
63.72729633321619	16.482147081683035
115.35094399261163	6.475717543921827
78.35439254940357	-46.718462872060535
109.10037214440581	54.15373164562101
106.75425481480855	-8.552513983032565
94.82674773638203	-30.559077500731473
-108.59588252181705	10.473973031656254
-10.610744144161313	6.1205488317281995
102.12716093497687	-60.35869284513148
-117.79942929174896	-63.65660855582524
27.58276982738432	-94.66364259412286
-69.70839999755972	-64.80372727881854
65.83895580259025	-99.01913527497214
-1.6535499790484585	67.1755481586136
-95.75244472506675	77.43273839263473
