-12.435838587511107	-103.36124282382261
-90.29662280340806	46.8222354131264
47.70658660659733	33.2517809979941
42.22335823081851	6.823078150569124
47.19825085344237	-87.34658812520486
-2.969335560386807	-117.99633176580173
21.495769268693437	89.23461894400769
56.145232290960685	-68.06154638822214
114.39910476657074	-46.5469726946409
94.36443170987395	78.99514680662352
96.4220184721675	-86.20386089609079
-45.78788919441704	87.46177825757638
70.20568619617377	-69.60268317983073
95.37925490166771	16.58994727450511
-47.49555987447044	126.19759811694833
70.66498166848999	-59.46789765643259
126.31156882280382	-27.315567886830586
-86.40050421083161	-4.010680313753609
-14.975777334902638	24.416497720689474
76.79310310958162	81.18820038660607
17.274617322941513	93.29413246886568
60.4372458555972	66.32943193046546
15.712476138793125	116.40087210091606
92.70333382619675	66.63436344114658
-79.06546088548198	74.08851608757098
75.69109615175816	-73.71970617506022
88.61740970977215	32.6512273822922
121.96402816233562	13.494514078070972
117.6694253477127	-37.191003091426765
-129.75785636690824	39.966148796214725
-80.1220302492159	9.653531770222935
-65.48657932062274	-60.989476629982285
103.41509726026105	-68.25666470214259
58.37248574541877	-14.490049379975828
-97.70275960304193	-39.321852292343095
-109.07746868673216	16.380638083951983
-124.3879967760572	10.533905925432894
104.08246746492327	64.1480480979724
-30.16940510011301	106.65414066153197
-64.30114121457066	56.32138996346362
74.55659485060883	45.582562610852236
107.71826935857035	-60.155260538328086
73.27056977668077	80.93676203721036
-110.73553296949251	57.566133737800826
-50.27916540676861	136.46519695658614
-24.390609689733584	-104.22783374439328
95.40195580658244	-63.77058805911337
72.8097818175859	10.975088389467288
-98.30204168934394	40.58729258094436
25.472984883022193	60.11638856420832
-103.77210375702323	43.71109393319163
-0.6372709212414345	47.303400543998656
52.23779093488243	-91.22433024771674
-24.53222407535903	60.06585406719212
-105.43812161411054	82.54339902518842
66.86598425476315	45.94120443070868
13.345906004466622	-114.83082153346066
-17.89120074521904	44.388214655728035
49.326346463505395	-69.40898822813155
100.16172734783379	-29.646000842462048
-5.165180492363759	133.08015524097368
126.8606081979072	38.309700668508185
52.886056304309456	-35.3844714946786
110.41657211637353	-17.21166170184639
80.07894165839402	61.594507304295696
-90.46112890388162	69.66407720897041
-95.10686014548374	70.2203969472918
-56.740883738521475	-104.86908686851287
133.7445620343914	33.83183265123748
50.11369629587407	-78.44397382694783
148.1895158707265	17.449654803023634
14.721325883222862	-72.65344427051883
104.9920461798274	58.520288760468894
51.15863757572794	64.46430323944533
-90.09589145898354	-110.35630643933958
107.08228486065413	-3.3666724620080815
-117.12852155612103	59.24074811698253
31.616404006134378	-69.86025272157438
-62.9639562128423	107.4703955577008
141.58873027710533	-14.050355448283185
-39.84040084494589	113.07087206592016
77.06703471819762	54.50323419523335
38.84397583439602	125.39755944498354
-38.957652437564136	123.25915243546642
-46.43842391298555	40.46051484873498
33.408210155999896	-114.86271426420315
110.90489644839853	-52.18074656168277
94.1239877286745	-64.9013290875035
34.92087084794943	20.089540568164562
-77.27526847518399	81.0125753446084
-85.43350359567374	13.339841212860435
89.53270626792708	-83.717835695464
88.3867357709522	-32.02750074691036
2.6522451357179193	52.939037382962056
-108.10113126128428	47.964551604817956
41.83242265864388	130.73359773330887
92.87026556241298	-51.885025097326604
-75.66488822356119	93.01046271599961
-104.40698556719704	85.37663553401235
-6.082702213641056	40.14558099620436
62.72034961978969	45.79018592608515
-72.78119441050968	111.70200780948791
109.33869364035513	-74.69808462083347
-55.247335593398994	-78.3212746314323
135.62038036937926	-19.060681593277994
80.41897733890372	-82.62869859313366
121.02946452311278	-45.647439690016
-73.74694807672918	89.54785633092054
57.28762090672514	-73.11386437211816
74.95742842513084	-101.52269030487452
112.4655997827949	-36.56809865967809
-67.29831314867225	-83.38738850888994
65.4305882457303	16.251994212007176
-72.71246745440719	107.09380219654746
67.83824484380673	-59.26364633056855
-91.7967507423087	29.28579155815845
90.66497899627264	-29.52926956701484
-3.399036366873425	116.78915207896138
114.37195292536133	-22.37012516078928
56.092945630867995	86.9290578470559
100.50697697826529	-26.898618758581474
88.52538234296009	7.897313148988818
-124.11831691954768	12.476947133027323
86.05344901799151	-17.077590974168672
28.24739642330944	-72.04550794224066
15.301067684632576	36.50447708866892
-83.89849658263796	56.33914602870431
-15.247976680219763	65.26110023679782
-2.2333446474350738	130.7062812257742
-0.27708260493781434	110.05945551060076
9.587744074038033	125.88772452471528
32.79841522111117	113.70105224496696
-90.81300022033244	44.5520791830135
0.7396170626059891	100.07667567462985
87.82140215808467	-81.63997831922126
-10.675407786814207	126.0324771460289
-13.550055078486784	97.74416490268733
-30.050305659478994	-88.07319243480732
8.889125240183658	-99.16262219676334
81.792512007192	40.12039627676612
89.81847700675554	34.204027952251984
-19.330505553967612	121.00145019168421
107.97634026806554	-40.09255656624279
-132.46512243029187	39.84840503156739
90.09063018369162	14.596958079406544
-77.90800702420061	34.073359463118976
106.86597313822614	-76.99815959646311
121.88786988484712	56.59013138118413
25.089928896107594	114.43208051587068
48.13963910461641	-81.90013898743494
-118.18734318335231	74.06993302265904
82.87467934957007	-49.881555858174394
83.5963684069831	-17.26113332526317
-107.92943627414586	37.30536270579096
-82.17504513196818	10.010088949450607
72.25733846833499	-69.41853870898463
-116.03618212355333	11.07256063641519
-56.483369638162316	111.99729600048734
-20.307924842437547	100.29120482497672
46.357945830419204	65.37446977686537
-132.59495656749763	-18.113866737330593
26.898289438560855	100.20182005383765
77.53936959623982	-52.33314816706798
113.05777547199655	80.33783656995
-105.51482078261381	-47.31868825737913
-89.60316293315516	-7.805578083104322
47.317771030356376	103.00935859358123
-1.5728952593470842	-86.90028916160597
-94.86782097125486	14.800756836306693
-100.72948100808921	40.23812442918689
-9.733461575257861	62.83141623383218
30.348540775179696	-103.16520786120856
74.43991944044306	83.71355797400925
-91.72826353986896	68.64497898372032
72.45564728447457	-74.61859539796814
-45.54013157667143	-87.64363249873665
130.49204970546592	-3.531320778677773
29.921974368589495	24.216229959833797
88.41983905179947	-4.521939473556499
60.233015992502175	-111.47412858538443
-124.26713314760673	23.31539551440007
102.00933774713907	-15.356831340510496
17.135158131343076	-71.68491429007265
-96.94051518122629	12.331562062995978
121.84073625527293	60.11745320774315
-90.9363631246441	70.8479398441437
-37.264298547475846	-118.47456492621434
-97.1873001996516	-78.46906899219557
-114.94547321255233	-6.132861515532229
130.69095523691075	3.0400787425039355
-120.44044592154458	53.427411506039945
-21.22225206061733	-121.35394765420494
83.07625135987875	86.43624794386567
98.6495686983265	-52.677908165448805
77.36356713947198	-7.293662371717392
81.74131859891008	-44.71428165452007
95.87772009710025	-26.644432407808416
-117.18852420241832	35.458132638650504
32.468448005269494	41.91382990849855
-93.25261636684407	-93.91807959717796
