-9.364095676992097	-112.52527634279716
14.86311434506047	-45.64661474543499
57.23296087547561	-1.8382885370252118
-104.66009678286575	-55.5796733089268
-91.49828548154905	-80.01725051128363
-17.66834223104047	-128.00254631678237
133.08342967719	-62.26812944538919
12.72737904121892	-29.193587386036018
-96.63137267781781	22.065966595780274
73.4724802027215	-105.01518871701435
-92.757007245492	107.32408915133767
-41.498349921836414	113.59874344806249
-30.94835857096646	-128.27098446038872
-4.639655443880967	-98.00882122294091
-92.79343364398706	-112.95010919069803
-23.20973582743173	-108.78020963077337
19.857677856060604	-87.41826272651407
-46.000178542320285	-21.911753474192608
109.56298303038265	79.35140179876028
-42.54680851319353	-99.28206042610242
9.68440196036252	-44.188596250573376
-129.57491805083043	3.8734836136509796
22.807861936312786	24.103455514467374
74.6064353122971	41.15991196936475
71.94546981044952	30.805617547237365
-122.9757733046464	84.57564763573873
-35.88545369610699	104.48764200718976
-12.3385861333026	-95.617953305896
21.261916428296143	-90.04352720287211
118.92908493834712	-18.644361766122902
28.75567440006002	-20.504189832107993
95.42130858286457	88.3105669694648
-14.785741220275261	-85.24601680297017
-34.97504158067785	-36.8557184603615
-138.3672009384841	44.198317408966886
7.241738760159046	122.45802309852343
59.13260564631281	-94.73538265365832
20.193385893444187	-99.85374594276992
136.55083914643149	16.62990039094562
-15.198259046102823	124.16725103320101
-55.39021269929213	-131.17687158160825
18.28097844702182	-15.57418027270437
117.1593535749929	93.00943569607622
-26.276771954866607	55.259127418216714
-87.49819052133661	28.87685948530386
97.03865822610582	-52.76691172207237
141.1531276172075	23.267449885007025
-103.74492595977317	27.35058769402522
-46.59017308569938	-63.284711477590136
-60.43902052211199	-18.789871988542693
76.46606176751449	109.51220784215555
58.88893446503232	-90.36299060918952
-86.24973435028883	-114.74382621674106
-60.79285319731158	-39.547698733011
33.38487665420295	-3.6764548148638965
-38.7689735069251	-25.523732595692845
141.0349251488119	46.05517300614065
-64.51195679603208	56.48512289694786
23.08163237897298	-98.57431820221876
-50.340824313937475	73.49750750944237
114.20679182561531	59.47554228047839
124.12905457807224	81.55840385275607
-142.75388871576357	19.49149461784058
70.92696249540154	40.63264513470036
-144.35038912991618	34.08998391565358
-75.39708153751229	-64.39467591700858
97.11976752994016	25.082070123061307
-53.46814778505257	95.89573273125815
46.36557843655687	58.09695689323917
14.390528134208507	92.15994093664337
-11.551014261690257	136.00876596015507
69.44920967344406	-123.96255470307774
-149.01209207536058	9.336719922315154
-63.589874465462614	130.8772815049601
34.69707819863803	49.77087979148699
-92.17424058566202	-23.106524832504547
-73.86599379318137	16.25120675765767
-108.54961749224596	52.85990017944271
-49.68022387775215	135.17180591241674
7.224346358331431	-57.20171619489606
-70.25091452464626	-64.25626084720761
42.42802216481125	-25.323521253197484
-53.66660015161533	97.6143636947034
-121.80399209909427	-32.70585679956732
97.41136635138714	102.58909322576014
48.92176319188717	-96.37590375849831
-81.98485801764875	35.42926219715627
107.4044019903785	-77.90358793829887
42.74432939048655	-141.15404859713476
106.68531406428468	-48.94383166502151
-106.10123102438025	-104.77422862360147
-89.9757983934094	-100.40109658274633
120.35802573843443	88.44922383103831
137.12978476775888	18.043693117632426
17.811052100034008	118.97121961204739
79.2241217649983	31.207470571866075
83.96757253942265	-52.67905848091245
-82.36781885073032	93.21605929764662
9.85737769793567	19.812479782551232
-76.80364954268344	46.02926691383593
-143.19132512436713	38.54828976663498
4.281012657881119	62.90726579161112
36.65889094823803	-136.2156376301401
105.71281392161403	86.45680143650632
61.57960810981738	-126.34312975248764
21.003327321623935	-13.298546796512419
68.91381389783845	88.56460093347792
125.8708611138422	4.902027959976135
-103.93356673307737	-84.83948648310695
-104.14956168122492	-26.713046385929584
-119.14131045310641	52.07830868519534
-112.65458921658944	98.26902725696522
-131.39094087051907	57.257181364672846
42.12564337559532	141.51843528281933
-94.1852909617182	63.200712531424486
106.78461853479321	-65.85756597540933
-7.073691157178638	112.67545985926813
71.45274103046005	-110.78927629409743
72.50141606724134	92.36920492880992
-89.04054121965514	-13.792594012060054
11.22115841117237	-59.35632516154308
26.048247132955904	105.12034476450268
-55.70122483686539	-0.5238279411388329
-9.303116084867725	-147.09575788460177
43.00044216702152	86.77048606669813
-40.819355170580224	-55.02917838960072
-141.05022087756103	-30.851244014818015
-1.68699764316975	81.53928785161615
38.892473975847835	134.27242426497335
114.00502886894611	-2.5682021348050204
-121.87281089446317	20.70537842500891
17.82894815603948	-119.07468677095513
-21.120021813578806	-51.08713480873533
-100.91048174437854	-34.235020235789825
79.53522371900674	-14.30814887800744
62.565003474180315	72.89557179766923
94.43087942371938	-39.94018791283178
-67.1654874006463	-33.433207870749364
123.24653556649423	-8.11570365672878
-55.471117184406076	68.5852716345971
84.89367146656609	76.20878855571107
25.17826546296322	136.16654061473065
-51.00367464027608	50.594905417562664
10.101884740572034	-75.36214512333858
13.396184504556519	110.68345685623775
119.13881733513131	-47.354850847219886
-91.4469748787668	89.32632489603967
-96.78711997860142	-62.617544773190616
48.85074509302397	24.876134839825685
-136.94649361134293	-30.254173441945518
16.140766724294426	-141.89219180705268
-78.26339000227236	-105.667110315298
-52.018855042527164	-87.88552862278675
-91.84841513103528	-56.78736597822851
39.15705684925564	-1.1130934712051257
-116.86833398134385	85.37304703065057
-140.817432987676	10.663740377046343
-135.4294667118105	32.71918093177801
-4.318120919486143	111.98357605477868
-75.7820714354913	69.38710488706734
-113.36747970857358	-22.82833509529871
-28.756905600482085	-35.844086334438586
-57.04718041491975	70.19855979946148
-59.521518937907516	28.019134992222025
-127.06483511031217	-45.42554978315825
62.60064995595164	-20.109399151507724
-130.93169435414575	-71.93095109665367
-125.18151010076038	29.28229500080349
-20.867232523643136	15.794517612673554
111.8506267710849	-0.1316901823913291
75.93795112507578	-2.127871255255617
84.0562865756619	-57.04549290048904
55.69775059977185	44.6579130464625
-47.281534023458065	140.22547230491804
-86.09453091751139	-48.25615077589938
-17.012003090618492	-142.56750257477736
52.84531804415957	-64.93585159163561
-83.72418569581961	20.08932786734713
85.89554814614425	-57.94445579633242
114.19565645918968	-70.0088988160782
127.07290683031336	76.45179144408792
124.55716087213474	-13.233270446209502
115.72388187316918	-46.45704068956494
-39.389945712263525	3.2365753375010304
3.3613965418404312	58.40076298397218
-9.247482114087203	21.28967153290831
33.477918385986605	102.92566591739599
92.62671209653645	-53.44168292539801
-65.75372859659	-78.58527237909138
-56.19714195785298	67.39359303418968
0.2750828723679829	88.37591169224564
140.15912300668327	50.310737364978166
-44.63971944883557	8.350384640173326
17.00029040239945	124.80103388666227
145.71300677585916	9.392785978711531
-18.727341018439528	117.04283838059708
-13.863913814188995	134.65150979461922
-49.3569976405994	-36.47687111574313
-55.90649546662222	65.27496756623854
76.58681506711747	4.056920476520123
