13.14173184110501	-114.98525978313184
78.73005667739432	98.30018622241991
45.26655812355218	73.66352695035442
-77.02228927366592	59.17489066188359
-9.580355879533643	-123.20856392367067
-113.74796940979066	11.834308246470245
87.91298466673852	-24.016987536625525
-33.37772642590086	-91.52618878028144
-60.092306144142945	68.98849758427481
16.129190654972383	105.28686210898775
-31.55642083857139	79.46754844072693
79.40350115022298	-79.74432708319704
-40.6000116808805	-51.91177648123398
-10.751214675272626	-44.34941883413387
-67.03645318050131	130.0954167227489
-33.58478143073912	119.23304522973929
-116.75762005277787	73.71683512272347
-10.713021567283631	110.7187320130703
75.76287200948394	125.33992088221193
108.77907927673307	9.110006853168699
-26.528808067901853	-139.17945144232536
-7.768924810336244	-17.55628594164186
-9.657878751007445	-77.80690072000114
27.683318020454752	63.369212599293654
-35.08683210438834	133.64383214434312
87.79950402596899	-83.66941147736944
32.45005394643357	-92.17988012018192
115.13722015811823	82.79871995343844
-124.3462782404099	-42.171032671468524
-93.36542777980404	-26.913097382559165
-58.37053354549534	-135.7626007657099
-69.32403717146042	-38.613733326155156
8.30898420150052	-96.39764045884243
57.040556900911994	-5.774376945545404
-69.26363044190472	69.04122461441351
-54.77310915320415	-126.25253635431935
52.288354546602314	-45.583291287878005
-51.62843973305509	82.24053455576778
-90.50006219187212	-46.21748751294294
28.99021392581176	-13.32303375341931
14.404696980412085	-142.19543940313008
14.13331648193098	99.93453060994558
-25.801492795301996	49.52799825511987
47.45210625513355	-106.06569589237702
-112.24108162536184	-32.09680862905566
102.27360987522333	7.245256890460428
10.543637624382685	113.4643045769344
-16.20628445983269	105.51281515614365
-53.0222230771407	-59.437067967020916
-95.01172083020857	75.69475901055581
-18.084941305224476	-104.53110652330597
91.0157096654236	52.34144939582563
-10.053326340203567	-58.18943676846593
26.79864003065655	10.690545681051802
-36.843906950606225	133.65080141227975
115.82156383927708	-5.751184588654393
110.2625444403652	-54.645029546476565
0.029465786281036098	105.56557215897503
-42.68057438365104	-10.604426378749366
54.56013593755333	0.23734394012788496
101.34831852639702	-44.361495777220924
-118.86308125247001	-82.53938916045867
-34.427938647837124	88.43049687142997
-86.66820798320548	98.1872196909835
-6.2638234495900225	-104.40423532523931
83.70029004171101	-75.0479470808357
-137.4658761561542	-46.702968841603266
-7.001437479741115	-146.73815612057018
-94.54651900104106	91.05834444214679
15.623326854312308	-120.71576683204633
99.11117313077659	-31.132148650205274
16.017414862840305	56.17686717848886
52.658893705185974	-2.0485866675467372
-64.40637455348741	91.55690181513579
22.495131846476077	-33.01477269184002
38.635732181109184	112.61331442729723
82.50850556824341	-25.251558438974453
62.86307687855046	-121.73222949420492
-86.5682213757719	3.7596166036421073
-71.66018287705658	64.186765080962
-60.71582750882052	81.90811570946956
-50.44961051502892	96.85901860216222
-84.76708777674682	-105.92771659700405
107.59420803235935	51.06030328643697
103.2978839160999	-80.33137288624162
21.724427874015596	-5.14234433190025
-62.13908953084207	87.03828926200451
-6.896274380506414	130.72021967243455
-24.362465034376683	25.661908173148827
-43.332335297757965	74.66251194728272
-17.861121999291793	-18.67787865717631
38.99291084967275	-6.663380652406024
-29.306246641919632	36.17709449010776
-123.66056301726637	27.15160615020745
-36.66094111697394	-55.8905067193027
51.455776089979224	-107.61626649832955
2.601413421080759	-94.62376137007372
148.83272272868604	-7.538206182803066
-68.55071770795655	-4.172691764249573
67.08573113093301	-20.790249874789744
-26.256064638361718	109.01632458010351
141.0855275680974	-37.13103361300756
90.9882273057927	-36.65644087231779
-135.65192239920356	60.388884552796064
-137.7451655244676	-39.076028236114354
65.96183517201362	-86.88365503905966
19.253450810754714	-0.967402173715051
-94.43121319312259	-4.855453418898279
67.06558593861783	75.52435075142404
-35.19203016039069	24.53926199657198
123.08874460087898	59.293496932337405
-48.41219527101683	77.51708323798206
90.42282696153337	110.06079793794491
15.651452305839209	-88.02078713251777
103.35197159201327	24.917573175407306
-35.64485604351252	-62.992985426479
46.387119742207325	17.299280860877932
-5.730470610744271	47.53003044020514
17.158510979239406	67.03016387798883
143.96731986063674	-37.88226410851407
6.358600604228561	-81.27437810933618
144.92292806908466	-12.802649548426562
-91.03284428413895	52.466291440232034
-104.38666493895036	-21.099489821753544
140.1527490631811	-24.783989339895573
3.5309594812332046	-30.543601058668326
122.03184926174694	70.86674951169404
-72.93695511674866	-111.36231318652922
58.78291734232184	97.88371338474907
56.03361756344081	-108.3914660853598
-34.643348973802084	132.02554730483413
66.17230499251802	65.87449038302235
8.924079095759982	-0.653800817584783
57.715596376710465	135.8979550260447
-69.20917015521212	-10.20793142003333
-102.21171156716298	12.152221072493605
-14.919213177933088	72.55143355734204
-10.677815537709856	-89.41715327082746
-81.71249780724902	40.481037617090514
-29.787715198604488	87.96730216682221
-91.64473624033853	-80.50160310121838
81.28611317106738	74.26656258916607
-68.19836962771376	-50.560586265313006
23.69109549291841	-100.35597654330662
-58.3238653723548	-113.10115791300545
-88.32290823907917	-15.610518335320954
-6.93610418454721	20.900874706351996
-112.49632328895352	78.06730615374724
-126.0945386961647	77.38677629573482
-87.50294736666011	31.31424627097119
118.76997713058414	-57.92665320584675
51.95442252228681	-8.940476975077363
38.91075430818421	99.76161472739399
17.68305532191587	-141.76542430432755
-99.21202517363793	15.570253500018715
107.44106709324177	80.83303339296535
-69.7693243603395	80.87049922447147
-80.62257748776662	-108.71652971347581
118.07239465631909	-7.527132761870694
16.818178361142653	-83.32449169124452
48.43262040360467	65.74374995672987
-47.38484837524495	28.498178522018147
80.61555516006972	95.5873067585075
-58.59794982409205	123.17847403178226
-103.63237520174893	-83.89231413273731
-89.50423789047254	29.160071511558584
-5.454994650333763	116.87215235422734
146.18393987879193	-1.0067641176388409
-144.3729257122112	-37.18801507378314
-12.515123940279922	-124.21242679472313
-57.503973770251584	-45.969874899239315
-37.577330204917	139.94745707526528
27.86885848916297	40.33653653138687
97.24068915294451	-71.66633413018995
7.400413105260529	-99.52622937600816
111.30589816315698	100.09564809966884
17.640386271807923	-13.920917810932941
74.48158845410767	-67.8142934742382
127.89866514688373	32.832895987572314
12.28816410015082	-114.97539817652485
41.514535057651734	113.98017823120902
-77.21266778647374	61.5065187180691
115.83756040830883	39.11416460224894
20.64252467095398	-67.09875378978771
22.617804777489823	50.709973100082244
-143.25112219336114	22.566020505080214
60.62007929502132	-84.56297378860293
7.161687258976361	-91.99470415080715
-74.84278392828503	101.8491601322257
-109.04383432369026	-95.72388013565373
-46.16367983664864	64.16298483028343
-77.69436601541777	101.58090019705108
64.26155993512283	-61.53744424456333
-68.35375428398888	83.49093346645124
-34.15415952401904	96.9915608822171
28.377785385365367	104.32966980562207
47.837609334209056	-91.38480023656399
86.98936732256266	95.91576036022204
-67.54844354617295	-97.22116134182683
-24.406696458740118	51.41084391586997
