42.67835567547963	60.90446046511338
-78.68440783770556	51.79278638752854
-54.630768823443475	94.98875503308884
-44.843265976277614	83.09508413848769
-107.3933209667814	52.2493847667115
-42.44426512028766	-76.36383902397462
-108.16255621556066	-30.756873876626408
-17.095193064950383	-106.60368383783575
116.65595823846355	-28.45908781006047
-93.50061605983944	-61.20047429383003
56.175619105291716	-80.1902497942131
122.2494000896917	39.246502068950576
60.68488886382281	36.63079218087343
93.8831925892175	107.04483413536776
53.32498928265678	-89.02777013970056
55.33348647964574	-83.48507154152358
113.71621333966365	26.973070827714935
-112.61608975828614	-15.934562870067786
98.31205232160289	-44.40373839700855
-43.31937507225032	-77.5201904284447
-6.1133637603828195	-131.06338516606334
-97.08913013293974	5.678367047404102
63.15814350179174	-104.01660276176688
23.36661024818704	-110.50573724723915
77.26303228271063	80.31844803817286
105.1726570745916	-32.39456669642805
9.42282852110492	129.82201729833935
47.80929569253186	10.619808336257414
-99.27153723927579	45.93133053576673
48.60365824628287	103.2962670619951
92.65390454301883	-52.12350260593246
85.90179260733254	29.893232344506917
-33.40400443679908	-125.29296826725619
-11.314411870336375	56.53576565426413
64.98081057181413	-104.82606952676348
-86.3391272949917	-50.305166960243035
43.00281024660457	-109.00798044904165
127.49420406679566	25.74595093229516
74.60787717842449	10.454258668395568
-102.78456354531325	-43.47214421565067
5.697551348477166	64.25888717222783
-16.942769214159988	95.07439494050784
87.09083338635611	-45.62562528411807
-43.05271235808534	-95.83520033576995
29.998121844207162	-112.1142587595172
-103.35397030668223	89.85728490866889
119.26443302260624	-70.67839005455585
1.0620963381090769	112.13896039374957
-34.26473832856049	108.80346227814873
98.7041982042834	-62.364191736009936
-92.61859764206825	-34.0811162741002
110.9284919366009	-56.4831208211573
12.841075033467192	-83.82235099067557
26.656802513683605	87.4545512836898
-65.3517612800096	-36.68484925403115
29.10987176537927	115.49461788167943
-22.409363286175786	91.03251766333067
28.30560081572085	92.85586531862126
-92.04224610573637	-27.772058291263125
-0.8087925372289029	87.86466480806118
-67.6372373072884	11.395244216535408
-100.44091967602519	27.128762455287035
-100.12653884162751	-14.743213254910644
-102.10366439253023	-75.06926181408036
26.166348708071947	111.64599238837485
102.29295761996897	-27.739457204494585
-73.60253058259832	75.0452330971542
113.80786225409092	-36.062926377051234
-73.17789268605055	39.04861180137797
120.8399811862085	-54.22131873253484
88.3071070820917	-82.74067582599078
-0.3006076278453145	-101.95660631883896
-69.32780495619106	99.56150756735781
-58.77851803396687	84.89278878755704
17.045673745779492	23.95905950287577
72.96677322913628	9.79162121987229
-127.98286347476441	-47.43115344496066
-125.89874396416734	6.388080857814222
-93.0935291308492	42.42912890166573
101.90639196099441	60.08531203818014
94.74210693391485	-93.32465654631083
-44.440207632920995	134.04499017800484
54.789824974471976	-75.6901065785633
-59.42320872410247	93.7911288857909
117.41410520287458	16.386660154907958
-139.10722550588017	2.9796238963387225
-68.27168789894351	-79.65125501905932
-102.1242541498078	35.1610384924637
-93.71612886573512	92.01942110998036
116.02367851318202	-59.60135191229503
-145.35502380659253	2.8866936158126126
-100.53487930342273	76.26684745421046
-90.54857866763874	52.64837778677868
-67.9948652231841	-48.104709967220806
-115.81868837453347	20.597806353385423
92.71517036533572	-101.67462812104985
94.5218859939696	-56.68271060881209
-28.599594218588685	-125.27819424053915
5.968425472415909	125.21638983387254
126.956696289214	-46.23251547847347
61.80541852032042	-101.30205758088266
76.14061813242482	-72.51245626066549
-86.61358151970285	7.078100833288676
-105.17575291933461	-64.6105557245824
-43.73132898018734	33.546948444612504
84.95258124217376	-70.58954437819149
-66.41530810340241	44.846002185415756
-4.017048874561498	81.73415374396812
133.0180173838773	29.482483028143314
69.0648909827667	-105.61522600168378
24.003956031597774	-118.58518622826097
136.17305015222286	-4.056961086925819
-95.89876378184977	26.93028701558889
77.9706624495545	-12.69083634587031
4.8108648175142985	92.18808538816556
66.14149522678667	-81.13731727190378
63.713018787243236	-46.89991021182602
-78.98031602704069	-96.85778983676123
62.1149689035081	-80.77318358754627
-98.61234896321473	-88.84014051032129
12.517955679183627	-96.39154659264089
-41.47965994550623	50.99781971938173
107.18260336838205	-18.67762431908641
6.644697356684636	-130.56013783550668
112.44991487522397	53.22905306567015
100.22438146943355	87.82439002628881
-128.9003297823441	-21.06130820281245
34.34077422967415	97.62907916854655
-78.2115723635218	41.4417551307917
35.81439198425967	4.092071082454707
-136.83796011150284	-6.225933663300719
-99.65879489319698	61.68357441524524
63.02157516306114	83.64250534179556
81.19295967378721	-27.038425563814954
-15.988694105838759	-77.06477432544523
108.65739195237646	-5.850189503152013
-8.369511032840073	126.44775462218142
-30.469270462269474	120.10427131734555
-43.78271146297404	81.50184196039706
94.42061308659436	36.794422656806034
-38.841309897576494	96.14894859494537
-69.8464787942324	123.98362924252255
21.112937200981353	-87.82537131641061
95.89735480635774	-47.10412710117718
62.25194370787217	-89.96227948605191
49.55011685127341	85.346744318626
-82.56824790425058	-76.59845840964223
-123.17264141525848	-67.94277989343571
107.68918072235367	28.126705860135587
69.70430961964647	32.859228820816654
-46.92395106444676	-93.54034055166463
78.05195895606848	-87.27648474710014
-19.60483447430781	-85.37173101880724
-96.31497805034697	96.93438654121283
107.98214049244365	21.392864197223016
7.447811886863657	-101.14004099607733
-74.24685441451739	36.172180628152866
-53.94567241335451	-107.76407857257006
130.70600714660435	2.5652095158762966
5.039291738645975	103.42754582761421
33.18948780975172	-77.79362442087599
93.80587793874423	-74.58545265724113
-139.9055693982751	9.064827551958084
-5.480062719365322	60.764549158708604
97.18149731800804	-49.39335578790176
-119.95062271615512	-14.786762556292048
-116.03279726439592	65.16314878437511
107.70220181850712	-30.503282065354618
-106.413286760474	-37.626121428072175
-21.22106748598404	-100.18720153946873
72.58249700331596	121.41717538534806
70.85130182942959	69.48736895162945
-35.67298060417471	13.61899055641015
57.72366111436162	-80.44441234123482
-72.97465409790613	71.31116590145675
-49.60692762152496	-79.79910936171909
-16.23372686942311	87.84746790793788
-6.443648827103686	-110.06297271720695
-105.15527660721372	29.529032743781947
-92.29888430654145	-69.46109911425036
25.22838390200456	82.45204248460526
-48.186700708106095	-60.74866766152461
68.68376447239503	107.8834948571219
59.15835760512171	-119.33667777426172
-75.3880776399227	66.73065709012907
-90.06873332374118	-62.16964141878171
76.65850126451687	-93.78732175531296
16.233147439795786	49.236175583777346
120.48699595140677	-65.98059600412162
-93.36299250365876	50.81769574359106
-94.35342575705498	8.371580683163215
78.4030954669176	-46.533241477498805
-63.449675834214204	75.76746880436829
-5.040227421240872	-69.60515286390786
-96.59299910160807	85.86307675922461
-28.98301107524377	-100.50220413190094
79.56254019564487	-108.43788174102328
54.20215456381571	44.996273498717464
106.06937954974835	-67.58627767180091
107.39005085707622	15.097091146939688
