107.24746894168938	0.6527806768256015
16.06345395505761	-87.96838926603795
47.45484932208106	-106.97843764217177
-82.27656860508256	-36.06878231227744
-119.41066141911793	47.72784386172527
-67.26495571762068	-74.86266858462766
-79.15302544398878	114.33483649302661
81.9902732650635	-56.43919370195669
99.50793494337391	103.00362425653054
-41.8419309652039	-88.20928016000535
0.7634979843744304	-86.9247306964001
-83.1556649928415	-96.9499905405518
-133.13106585445126	1.2541300314188244
-57.28803682541423	-18.713520815651137
-44.8920939818898	67.12433191990986
-77.99914395570961	86.79636088981708
6.61222114869131	118.41774309609899
16.95037793398845	-74.12233758359437
-89.1448540478662	-74.83343822189167
-86.38649667339486	-79.27795750352826
-97.32933249459268	-52.66717642289385
108.06989984749201	-58.47823685436579
-92.22589410943252	-38.08813574495802
-70.6224929290011	-96.93301762663415
93.69529799133859	-63.46546033644275
-115.30615833271877	-4.548304985687128
68.88622772171335	53.34967379957973
71.6011203406026	-39.37659893845356
-100.45638325069224	-1.8633550613763992
74.14334463770231	105.01334331211386
-53.10414547866395	96.79085826716795
-108.0311700907633	70.4272653525614
59.135795633996125	-1.243433642562466
6.453295340353117	-110.05530890928728
-82.44668090411471	76.47485553393673
33.5843436151921	-84.9928692456014
31.961954209726997	-115.73057463518258
-89.17856089989617	54.952466626084515
-89.3872472493227	-49.46285253311341
-58.0654199901447	47.14426772805134
114.23940988326072	60.634491473083
127.8146646854778	1.1411840360045709
-114.46110808927382	60.086875028460284
126.47604087549095	9.029134467690508
64.54861058083351	53.30432447355305
28.386132042921936	70.00810430051637
91.09905029476192	-11.14807512783111
83.81303586224722	-23.78255961585242
-42.02695810678817	120.14779205502678
-92.60704994626224	69.56654818294022
-76.85070508039414	-61.65528187270244
-87.26990666841706	33.052018308890865
1.9675734261593598	61.25603813751166
17.601679253193815	70.24455458705762
-94.83184116471233	-101.19307266565414
88.87361177503821	-77.52963034193164
42.22070163518947	16.560752000645216
44.83322060903912	-127.02839450714605
93.0980601647717	-72.5453467382502
38.9168095118999	-127.87591064311665
-26.00296805965731	-92.07462175353294
-103.17841960968173	-22.215747525769576
118.88506680316792	-26.238930574098145
123.81354257500918	-47.44465256084743
41.35788227063938	58.288982817346344
-42.04738074279986	101.56259805094868
77.21988638708041	-78.5299504742305
-33.21651181585668	79.77792767774497
110.00002948723598	31.28758359657256
98.35878101426756	-39.8516292662896
-27.616526210282164	-81.08171495029546
42.85298802864657	-70.85046334721613
-62.45334812857503	102.99247191512787
86.91971046384009	-23.19487205535633
-41.90793146295159	91.13975921837316
-111.94563109648564	10.428036271944983
13.104066861440467	126.74031202836332
98.43896497670902	-54.33570205078997
-85.5675427490155	88.93557073415266
103.97464976707708	-7.127802758057931
120.48650925422007	-11.452438993647492
-142.04882525335464	-5.0973788457019
-105.68505320882338	77.9684921408809
116.17851238209694	77.0739637000298
98.56614658806089	38.53399763773964
125.83544678862799	-42.648516577341105
97.77316305409379	8.733979333465516
-99.26137726316243	-87.9437624432556
126.99069306151559	12.566467019925444
123.33353887567687	46.0586813268387
115.60106100003433	4.796198318055348
18.046954094097728	14.631528195057575
43.24410881108704	-105.56948916384364
123.15953882085317	0.9300570796392916
-25.967604377466124	-102.59602355843147
-64.63270818694721	-93.40646275974396
-89.52572722104804	-27.665248747127254
-40.52098651405923	71.2144864646451
95.57923585517753	-65.27777372413091
21.947703137184345	79.41855131135499
-110.86856927865502	-16.77948604909987
-93.188795654382	-8.688730203222853
-71.5533502968338	109.76756608238433
57.11641683318359	120.09596916081189
115.6668366581792	-45.3463979921747
16.715147772327196	95.22953449830342
85.31639057838109	59.7807710618087
-13.209600765414217	96.37028338823153
-9.330626851749745	-125.80976327039055
-115.00141843187424	-6.839301819550372
-103.74144456401993	-52.905908046257245
-11.639196947064914	49.719611220917415
70.45516782081164	-100.58693310106442
44.331688074639764	68.55725257094048
58.58718220387771	-21.378952824097144
94.53042966804179	-7.2667176963929725
17.422174069615213	98.77567323004172
-129.56621416496307	12.708421045926904
81.13734211564854	-91.44296573986702
21.156565331687737	110.94102812633359
65.61255710912603	68.30848278108557
93.03225015664881	-64.69019978196884
-38.01628076624495	101.06049072578888
1.07150451222174	-90.09931948726995
110.97438014302763	0.7638587942741633
111.9905187894657	52.17430713085695
7.787305549591063	15.88190216690155
31.52314209017511	-50.23587131020843
72.11936051450718	99.77232782999177
50.02032592637136	-120.01401088942268
24.419203596466104	54.47491311194931
-93.42551981963405	93.75691183773115
121.76535787098234	15.429770456467944
82.25441802866659	-111.89539048767364
-8.135032210512282	77.29186095110721
-0.05313084080980426	109.71342369967273
-114.20577343550187	-39.52244449103319
-81.9932039159227	84.19285557871845
47.72270657144234	83.54511077331637
-13.358399841498619	69.37107668167596
108.76541832913217	-58.90351375707122
-118.58219727644267	-31.038178775617492
-81.11254177477905	-20.60116561389229
93.334305116308	-64.44878467858268
99.83633178794514	-36.62153307919202
17.847682805837408	-69.53689914058042
99.36748056059746	-19.202474591746217
-53.26304841888045	73.23703299998206
-124.69816485495753	-56.638310107456235
-5.827447548663789	77.98402262336946
121.90211963721045	-37.84196227631697
-97.29589842270042	-82.15400625367228
-94.2249134022958	10.484166232409027
78.31898289964046	-23.27234338773227
88.29851775059734	-21.622784279547048
36.25510632349235	-95.90982312456737
79.36290749022996	-12.253932815921571
-65.91829973939846	-90.07365609918422
-50.23318222967316	-87.02014533078504
9.542883434450262	-136.15344001441434
126.31945800931183	10.013576567887798
48.29709417435197	-99.51000585179547
59.02560524319228	97.88285631502288
10.421430189832115	113.39867367123911
79.57306046632529	-29.21096420733518
2.673686578429466	1.6630041181829076
38.86373230756354	127.23171814664268
-92.42526322229777	82.71984424413769
37.32312181326123	-89.25130472691397
82.94122466007008	-83.00679562535824
16.804991909273383	-122.03116671454474
-83.79125192984777	-52.77566167976086
-31.110463821264638	-86.33411619427638
-96.68761636359625	33.11931199251596
-63.37350029410413	100.25536886901318
117.7404360354633	91.63618854559103
23.549998550970457	101.06689353773389
-39.7975722112953	-98.23467582435464
81.40595422801127	-68.79573369390083
57.6036963495234	63.1349528257206
-82.81509415452331	115.65543280559687
96.23386523971702	60.7895132323452
48.8761795953709	-74.65819025965324
49.85363044640193	119.90709468952454
42.711049284055846	-86.16485984234619
59.5087882511181	87.90063435492274
98.1376502325024	-8.197020086939487
51.90413130205488	55.74393847793031
-5.981490068835375	100.55637142677088
101.65716737855965	-0.2931067478170011
-43.668644660085896	100.70540518751157
-41.1336495348239	133.99872278069608
-98.18942024748968	41.915851315610006
-40.02848236598374	-82.53200327137986
61.34177450636354	32.819184332670424
-12.155839284236425	126.31672066814026
-8.845023862094946	-121.27585351436403
85.72171945414733	29.225579798579975
-92.63360859733059	-4.1862478541256625
-19.558710751225618	-66.37759587589635
