101.24869536643077	38.136713009169846
-38.466548048152994	56.110723115355476
96.6005869162363	72.95847631603084
-107.80915819199319	-19.108114275381286
-119.27816055185421	15.076814392674603
-66.05141771964297	83.24547766922288
-30.440510901371713	73.72137195037635
74.33722171494114	-46.91925638969022
131.53783646773923	-17.363831761938503
-37.681467200639915	104.14727074362384
46.46101398318667	-101.56243931018996
18.83837513657016	-99.68355166209174
101.37499171938437	31.879095222763095
88.2755143527035	78.94427758870602
-126.14592933071326	-50.67083291903661
-30.94690648436099	-92.67848202978159
48.35262498896126	-108.08266347674757
-57.89747357647612	41.04889011303017
-126.08795877680683	2.5265008095280947
98.36040080919815	100.34499879143931
96.98113169787894	-56.232921404957715
53.11977414849503	-120.65714884941092
77.23370987624382	-21.955262593360192
-36.72357489296574	69.33931846590765
46.94703450509707	-93.5596451564086
80.87728612905798	-68.73661631120315
37.910925985511845	-106.35097799575384
-6.462229860347475	94.63538276154718
-47.48758416006273	-106.14301400299524
82.228313661494	-7.35151807340707
-119.2004356616082	-48.947268268989475
-111.54734418059259	6.084456882046752
101.94004870062447	33.77163203185014
-93.27271068082062	-24.90539189082353
6.133847942917903	93.89053264247448
46.26547226598886	-105.20003626554566
53.09303048898589	-106.6471377617452
-11.958964918693612	143.00151514513595
-46.499203269587376	-71.32411188037493
54.14365149696213	-95.45228283246288
79.484970899772	76.24387155907205
-25.86039659519034	61.88676296824566
-53.466150679773	-96.79471854195424
71.21740186376093	-103.6973454331857
-60.43956233875614	-49.05170144460561
-60.13956446085528	21.669833020972526
-112.12626355543678	5.581084262940031
-22.085559341636948	-108.38674113057873
-96.81816489335316	29.33027635240133
-32.69247901797079	-88.23170707190708
-114.73387799611776	-10.762289934512456
66.63334822004853	-63.55287700419709
79.55337594023871	-22.864431114826214
53.985261349503894	49.61871014108788
61.39554280031787	-84.90641207154333
29.155982903233856	-101.36641394972351
52.611285450040526	-121.1974584838565
-40.947867430267785	102.68687129653105
94.23381412547215	-88.86796880761476
71.94922010583184	-51.04523800796442
65.60466036105255	-95.96036756713555
-79.10401069884757	-97.27851239329512
-55.50383419610532	-72.23224825016443
-60.29672398822522	103.43412717853914
58.51377160167453	66.21199011567501
101.71843676906829	0.1844389032485772
-3.4209359783035445	97.42046581868765
119.89851025498125	24.70056356889344
29.56804807317669	41.634045739604694
-53.750026240735906	-51.7603392750014
14.11253020558231	82.85367559668404
67.4511353041787	-34.821379431742734
62.93492962799113	88.59188372137984
142.09634217562493	-35.2836368767624
-11.741807994836142	-116.69966367651436
144.21369320873342	5.798417770094517
59.643101061438685	-50.193722605820184
-51.809419306469614	89.43799894546186
96.73056153512405	29.742559396182614
76.55005654988275	-72.16480570336695
0.2581290623154584	135.39342162093004
69.89117519762048	-27.521896382359124
56.056020770472855	-99.70666047512817
-81.38806434523741	59.75254648470493
-87.6912816908124	-34.97508199287856
-101.47130759408952	87.42400982344455
-28.369681428840206	34.76807051331465
85.57043814063998	-54.06504178126565
11.864235572422151	46.330122178530665
-100.312959873928	55.61462283372865
45.59295019938485	-93.31863605963488
34.809465366736994	123.63711566630134
104.0836288244646	-50.61282114517176
3.8328075094145295	101.88174414555867
77.03854552964624	-44.99668681250098
131.15043890687153	43.23161414427229
-114.56860817260409	30.278887417754017
35.115368696572155	-95.73759165302741
-107.22428766117682	32.58732597893181
19.052910629036308	50.64377215163395
79.7871813811079	69.23441698647076
53.026696947358666	-82.74129107295852
95.91114445870028	-44.23465057187563
-87.90481174395644	-15.470782978921225
25.8052899801303	-101.31853933934244
78.15835789129154	13.58119203622907
134.15783342082975	1.5887338675907587
23.69168765397347	144.52460707115338
-119.42931653597837	-65.30773589562553
-37.20020003624535	115.65457201447921
61.2329708608562	-79.3669433686213
106.8021589637177	-40.85351714943079
-13.776671051836967	-123.22180572944498
123.1648204154297	-12.758890843120783
111.34923919883313	-71.7836889917186
113.00150738003143	-68.72995804201516
-138.65369715612565	0.5363392589186476
32.43036140935725	-90.18254813423177
76.84318316881121	-80.42483489370426
-30.535891888988665	145.61790954620446
43.73661356486741	105.08995920172504
10.512151490607113	97.47893161113818
-66.9201564380066	-92.77623887418608
-50.83609287484036	-113.82957795790448
-140.85641122476247	-1.1855650849079478
32.88621999091163	24.427662034249117
-58.82549878193642	89.23232418113022
92.40185685305937	-53.8590910015192
100.02799245708424	-1.7542587303575283
58.30436851782103	-66.15648834004098
88.98681781876346	35.37562346913979
119.3323096545322	-61.357379823989234
37.551129966336966	-93.25780821814918
-52.93372200623615	107.85738178772333
87.67392471378433	78.51634511332588
-86.91533035740983	-22.86121906998679
116.99681211096022	-22.381198805659505
67.90448737824731	-66.39888191707554
-89.55506786683011	70.8144740625983
-91.21153726368253	24.40621429882332
12.45705333208137	100.27647565731873
-56.953455799578805	-74.3818947016291
-105.76828133682235	32.84513341195371
-25.857735068159766	-105.0130519546366
109.95973609530388	-46.05246037818735
-52.79148398734476	-42.302338698781426
-30.525508452515716	-117.79119831542769
-65.41971605557394	10.13013890617335
-108.44061387916211	81.76019843400317
-54.79656367908825	57.989758991283416
-90.39245785267939	77.18399702582663
104.76990976348237	-31.87336602769688
27.46023108389957	96.78940917537359
-90.64085208739121	27.664450994163566
83.53246160340393	-67.56043717605432
98.87264752737997	-24.121153900224897
-25.26152670616758	42.74700763540203
101.71397376258236	-40.06660404988561
-21.246923518335816	126.32016896535855
-97.18417638122328	-7.44863867136451
80.08121130726033	11.886628145453036
-75.56048751661882	28.85712307475939
-15.409043673283286	116.8430375371651
70.407338239491	-64.6708280019149
58.45277546312067	114.16315473129167
86.62901718545504	-97.03396432389677
42.7036188978146	-58.21353293770045
47.162156559361925	83.7778027247824
100.2383799098562	-54.180421911408004
-18.72906743033909	-86.94113028141963
-47.86141007175133	118.5940699045213
-78.68777093465143	52.084898308774854
88.05135681552692	-71.09671715941654
-118.56134907930469	-35.70304117907587
-65.8440758242575	125.32380321213155
96.8736518701077	42.708618435807225
85.73808853636953	61.35343645133016
87.06887957161503	-22.136574006571653
-68.1815233689196	107.0499117045442
-80.82769199083076	94.5151656461893
-119.87394568442856	15.07781258974062
-122.2471518646621	14.741418728973212
-66.05387097179329	25.69916791060825
132.8016108485846	-39.05311347312573
120.48757120774083	-26.62190394879003
74.12773868108191	-57.659075636922196
-53.235933008879776	33.89221008146236
86.5731067182858	-90.59059194227319
95.44462284561524	-12.152085041421932
-32.606731641619284	62.299970120995276
38.4050643342474	-90.99643232764127
90.60895263804147	-101.43374054218991
109.01944989336897	-34.88597692799474
-114.34104995867176	-1.7006624716922876
-115.22265143173799	27.802498395279862
-1.8644685910089687	94.0823094363327
95.1788972144498	-52.634835313671694
41.50227079260886	36.30495771118525
-43.86563204131305	-49.639979437421424
-59.281412992431285	55.240912618468336
