-37.38879831886413	70.36168510002928
97.79383127178903	-7.063320600499434
-48.23150925017471	18.194691948529858
-114.98568094463677	-89.6037148806727
10.061614322145392	-96.5218643109541
100.49635283546705	-0.8812606611011955
-87.08787124594758	71.720236400221
9.953061699107169	24.404953623551727
133.13182234770127	-25.831071546729383
-7.739272161203866	78.04974343164885
9.870396600535877	90.62322372537874
-6.225587583820927	74.88430429954518
63.24213197855079	-22.877880770770517
103.30259487890821	41.72640684915708
-17.88369298904597	-86.72364055727927
79.35543979535338	-65.58262414616094
-54.05184449812209	87.73246849268783
-3.2674665694823384	46.357419148047384
61.32575278884595	-72.3732598667964
-69.51561951589794	61.80302524788626
74.254154382073	-92.0767978646331
27.40968821473852	-108.60261350999414
-90.45708612302955	-20.85118926867189
-34.069306908435635	138.49933320792064
34.905841132671085	90.54995359070074
3.7767171909505266	-104.9922689502355
70.4929828326499	-85.51797550815967
100.2790723092439	60.897291323136606
21.32600136899421	-58.21646359854931
61.99720988207454	18.429736252372
-26.51057943143266	75.31150981328398
72.11353364778844	56.90821849328136
82.29704084213816	110.3056561745376
91.47398702009673	-69.92635149464243
119.87890475306406	-19.613267011631372
92.77576966535578	21.39223484973689
-6.88350579472984	137.31794167833797
56.86812552597847	-107.97505904795712
-60.704742898744946	-48.682786467779174
-74.59698682388692	21.832437445329337
-107.1945759530211	-33.00586140512068
-102.73342865314454	54.94851130268961
82.2607866131864	9.638230589212007
102.3482761778878	5.37314904980206
-104.10741382166422	48.37492509922512
58.54454828020449	87.52044190069884
97.01634001963694	-68.41729656114698
-88.91519947055208	-75.26297727712077
-93.03535207688098	68.69698195659075
95.98853772677046	-44.09864526905657
58.64642114006796	99.64709652452581
44.861573860055024	-99.0393050297452
138.08967858795188	-34.731700018220316
65.34177886870701	-68.84008974731117
-88.52420228063316	77.36062510077133
71.86792901298759	28.457324991401823
62.87144453753807	57.08582801620978
-18.593431102508678	135.5164340878448
-19.851035422829227	69.15467737059788
31.538363725501064	78.39669906356595
-86.81202027136017	-36.86461958497231
97.10201544248292	-56.09184637466232
113.90329225381578	-19.38292338558329
117.84641620658456	61.50508631967668
88.77748496300822	-93.68087446999209
116.16879943062641	22.138357897373687
70.2892616303417	-77.75836244033387
-65.73941872804839	-61.44177827637209
27.04153730280268	79.63406631972092
-52.510536176233416	94.55939834868015
90.04067272814157	38.517492361383155
-126.30934592187994	12.608521205813105
45.99845576981362	-96.98163363936608
-102.3952589630512	42.32511841541023
110.77051263855786	-0.22291379369828473
-108.12116690365285	-65.38153928525139
81.46269712652366	-82.78807407438313
-70.29164813847242	56.59901572269052
107.4890856641794	60.220537026354435
57.00657217406011	-54.62820733097204
90.87370797918179	44.36411938050719
23.402037141395407	104.09466727912464
-18.357397031785524	-73.07107111765946
101.21016542633274	-44.53385663668081
-12.026655514064803	75.51283602737222
-11.934561547586746	-114.22668725784654
-134.58079205134592	17.692662616539486
-71.63046056356319	48.21835101557989
-99.4568958964626	8.988029763040522
-115.69774897181425	43.60424187863563
-60.07869154282848	-92.47179107576984
106.27108331097098	-28.203337064234727
-24.03548112655123	-109.7383421053911
73.14288878678938	20.13363604659376
8.20558146932692	13.305268139257217
104.3273337246163	-58.15500378767698
-59.58165595114427	-86.82016831408282
0.9555540499571011	-64.13897525422753
-111.05565664804935	-8.978515075816386
52.81156336237725	67.78210156430335
-4.100187980828283	121.12926558098131
-45.817401602658535	68.12387963443855
133.66785299011522	-32.91774751141355
72.87671700764746	49.06095872016277
-118.24196378240228	-51.368691811557916
122.89905608638978	4.707793201348782
-8.373484633370168	75.97179698811543
-79.26241079145244	-27.027251648866223
-80.63688580129936	-16.260836004117284
18.628076810941625	-126.60415275855566
121.58447090279071	-18.624724892633175
-110.58214359538186	51.88742339698572
-127.24319917703372	-45.02199551919726
-116.35564751045702	-20.463238225263034
25.266841937531275	31.067670226195926
80.41757010598027	59.225832627116034
-93.36431646850052	1.6337997013953656
7.137385791126497	-92.09616820051404
107.93962956886404	-26.789122678148225
86.11247265005096	36.42624870286431
-46.53966749893295	71.58041204894478
23.29107959903121	-104.33983543436183
-96.06260212816946	-13.643977822377016
-71.00190857195406	31.137176095557546
108.72517267888458	-80.03311656922807
87.75367969198592	-53.05641527443352
-111.81744055997046	-20.049171592774368
-59.40666590314974	104.01807338623145
-67.65473609546024	-58.42706618341875
-23.734802914303803	108.27127967161809
77.60001127274826	27.864311135917553
105.07408967549526	19.33015331417135
-83.59131910043841	-10.61242624568179
-131.9623741791702	-2.8428471805158084
31.08136708247879	-114.35258853384926
-55.20438969118495	46.319710511608235
104.21622805751646	-8.071696426584724
104.98489336388292	73.38456380896595
103.56818133242965	60.29668158938922
-123.31037458210355	46.28909592414129
-16.10537925677843	129.80948327077076
111.57476149300108	-27.647011714725924
106.06778860592635	-13.0429591722206
52.829018619824375	-99.61555680919263
-45.0523262109252	63.38379565684047
68.80000947020696	69.15394928300523
-21.358827303953532	87.35271400791129
24.43176543540951	72.24635091315464
-39.41664566736355	-113.68454417039426
73.6544073470443	-61.066338197470515
-63.190439964153896	-71.91539743328273
46.11130627193314	-86.65945712083222
-130.08886199106823	3.0621278609358393
133.31974740659746	-15.938502772044915
-50.972898622761015	-84.995486570451
13.859488777869164	-121.49083065163092
37.589802340298974	53.43452378834257
-27.315026115555913	70.96049954460365
81.84860275161772	-47.35146092297627
82.37893325399992	23.604412049915837
-101.42213771725145	74.06642699572022
-50.693898956149766	-23.738385252899207
-91.27610623312236	-47.61277025863311
4.609442045003038	135.0190703759064
28.724902345664393	135.71212618118065
-49.755263612112415	-90.70628451313415
-102.37363055393799	8.002569425504403
26.813960713830856	-67.18893761639849
-80.9973585797993	83.54887973294764
-123.46662479966743	-37.7769002820336
34.90702596381636	140.11006798140662
-5.323704964070081	-116.70038565537337
127.25178443489197	33.870341444085014
72.71936569519764	40.581904905687416
73.49658442584204	-63.19096756983699
124.38740106151423	-45.14082084980679
-90.29325521166085	41.50698187851393
-75.64875719282385	-0.44764018739323935
56.964991487585635	40.810888811775484
87.4629672339455	-2.0973332606301205
31.083280908943618	88.96030517702678
93.32020928903782	-21.166567751502008
-83.52759641471101	-69.24199356298972
111.76468758083882	64.68522093562986
29.22646551689042	-89.7878980660766
65.47850381533546	-90.22245620517953
54.90892306958609	-80.5891508387147
39.89295798418955	-80.39639036240487
-44.29718922171395	75.48929234239164
123.76832301693405	-4.904347662853454
-37.75462815980536	109.39552590845086
-35.590861830606414	44.118093346236016
77.39525668143456	76.03845260811268
56.910895815978606	-62.00559704178399
14.815164575119184	96.88426184879368
101.16454684372829	-79.30226568284174
75.90267924812427	9.011881963483383
-118.2378154285967	-3.436979041367768
-129.34132200142463	-18.811213496145374
-92.42142229353027	42.16835974537923
