30.88303430583699	15.82287878340971
38.95136800115257	73.0765274747626
1.7356283465103068	2.5010834483767614
-76.49347276315804	102.3566512398824
108.0621239061245	-8.60788716582474
46.322713777986436	113.11383845275608
-113.76784017786832	21.78181645065074
-51.12211944648287	-3.9804918818149173
-90.73525566582839	54.48218812095759
-124.45287918299036	-62.4950874033399
52.83801517510084	108.36026584876515
78.88662606721128	-72.10267273560346
107.87324823645992	-17.739607437733724
-69.69179393844654	-9.554487607067879
63.52467870762401	83.17500061523018
58.30423494374668	13.564285948633064
-64.80302344205674	93.90628300215472
41.221148192170844	-131.90824944893836
108.5925645201117	-39.29857570515449
-6.623645244368333	123.02171550364899
62.75526825537378	101.16478735330982
102.5275959412844	-41.56183516042785
65.42301687173384	-84.15340394033345
69.15036864663746	25.371962263494535
71.64538782769374	-29.385088319261033
26.348378156112677	37.411328221403
17.48704129807192	-116.65123036358779
110.27059489281872	39.856541735909076
42.69141792447369	-107.35789706353702
-7.941199735899774	13.136489011221327
96.07674791819241	-94.77564778006837
136.9715055752945	29.156092031718646
113.48142523920411	5.690163387500619
-57.50886641048216	48.38707814805533
-118.90653402709347	22.852243904488702
63.62938749243776	-98.42657679039326
105.97467174039492	44.11032877117429
-72.08981442344982	-75.4847561178485
-88.87822017168116	60.87767774679256
-83.9032395702659	61.50482990540201
-82.13564341857072	-66.11433329304838
21.765614215763424	-107.28998163506823
121.20538394423716	61.47482119224289
124.60693585882123	46.9989050306078
-95.367354563791	74.96921512347359
-93.86241913130492	66.01759848028236
-75.10347036742976	-46.58279368353563
-8.376287216131779	85.45542794885122
87.71967545867638	84.87127246718556
-12.97472183337791	-74.709851268241
78.890709092566	-3.8521569809731884
69.3894619749854	13.117122833359183
-2.5376503666823536	-77.03382045105312
54.87748433764688	29.284007718292766
72.51006885926424	-97.55441464585743
-49.234808343621104	73.58423196088818
68.17094885699511	-33.126763743108576
-73.86021051112436	-56.27560819299053
3.6161449182389322	54.1966428483885
-90.01738384568218	-54.70187685890261
93.02679105701807	63.75764260772103
-34.908890803897336	99.397915821605
-117.248390995997	39.72834759460051
-4.722610302556039	95.69315097476746
-106.45167785295149	38.06382413787546
122.09065170525211	-7.504935969205175
124.84941810164298	-6.1430731554501
-123.15063377372881	-54.55626426372176
122.09140000380644	-64.88184899246028
17.752573410167727	-115.38031964103257
-35.750089569574016	-88.23615588296796
-59.409758488269574	-51.71242646960082
-1.5428146838095669	-30.052416704050994
-54.55841562197026	-81.09744942886466
-113.36623063488354	12.373435786542073
-124.26570701031584	-33.03252898916276
30.40199477842225	-94.9094637781168
40.946087480094434	97.63196304397711
-118.76725513343617	-44.59227342306627
-69.23890608928767	81.25996763252999
-116.71577925595483	-1.1537005914389222
61.51905487255496	-96.10571549610496
-67.3321305716913	119.2868030507261
-105.01800400630798	50.10527923350992
100.64900242307124	-11.25181386012877
-6.917760350976083	123.16937927260645
60.82087348884496	65.3003384351377
126.0063062918181	69.87937261729945
72.1187695888513	-11.085034948123317
-8.539557576834449	2.9735756778464486
41.170435198353516	-75.48673029555671
-66.79726750704988	1.4379590077298707
87.9529820603002	-68.60885593773196
76.63823743528569	-26.582947018090167
-77.43400440132386	24.62755998038482
51.37718031205687	90.10379218283528
-96.3848876865967	-19.673363452282988
72.7864735897807	-75.67979669739643
-54.95625581787644	35.03896386372755
81.38466357184394	-117.79323199947153
-83.17182485849038	-89.38833887032746
88.47632669636391	37.059953327023464
104.69410050619666	-56.753257854873205
-13.029369885007874	-139.69763649862023
-111.27900016383849	14.219882961046384
98.42198240496201	72.64983561762196
-87.84536503382465	-29.41712467345096
44.04926910201201	87.49272501841611
-100.55106116238107	92.31544279484932
-56.93959891282849	31.728713921389236
33.55220495841404	-73.5655856594486
18.321869461024715	-104.94950289964032
-53.52945096718795	92.3367684197549
-7.815386554123906	71.43686257456127
-109.65820784772356	26.72589320270867
24.12434212016468	96.62690511780804
53.546369238028035	2.0998740081159544
-142.63758466374452	10.349564243414164
82.74796122688481	36.65350577042401
-94.15312398458113	71.73572548589213
134.66279856989726	-7.797687555195831
-112.00393950020356	6.118084537917578
-30.329668567756666	-136.1765563475382
11.69790101599172	90.99697299475393
-122.57486942260873	26.714237177190697
85.76604755606449	-60.92598984889644
-51.52225829808019	-49.164162450151935
-116.58750208277735	54.528929134768376
78.61305170901345	65.92776562760656
23.5326082257562	-95.46344840105517
-87.86606393522338	-96.00447629249231
-66.86516770158303	-89.93280136138004
64.13836506136846	-72.04649057970045
-71.24053925386396	119.27560119874896
103.47160781889382	11.685149193743467
-43.89490959641131	127.93950652389367
70.89933145509737	-12.948848096350988
-14.090586595319971	117.20872238072823
89.18382898472233	-61.69410567883121
39.394391741473555	-118.81310368568336
96.48063673743071	-67.75797317073228
73.56197706178081	94.51075220472354
38.829239681240466	-94.68891457833296
75.20031460253577	-61.63523724897662
15.742867123827116	-113.86904964563651
15.641406981956495	118.06223094044279
65.79188190257723	-58.25161776585008
-47.17484470701841	104.99298413960354
47.30794489443473	74.23652095905346
107.14627986453897	4.818336255726799
-8.499877977967696	-114.32831564301071
26.358838227275136	119.66140519148928
14.147782810208321	60.888803949055564
-21.80848299562371	75.19389765743286
-66.93959936803114	-68.55783067882616
-132.08307611926617	-12.013553176684763
-52.22082988068615	124.77679822318969
-12.031893963595067	133.8336608463441
-86.91129722881186	-39.055894497020454
-75.51378525137946	95.55586061183931
90.25635753697132	81.76776867305148
17.140813516888283	97.15727112627081
-52.911167274291856	-73.39596763796432
-56.68531729039864	-43.97922521553112
81.87601446538531	-41.76720768763544
130.62017074413293	15.723092634372676
-101.75796711580804	89.60245181782423
98.846547876078	-31.158077566735905
23.283629289962253	-81.45654642775486
64.70442085337417	-12.158044083000808
102.36178399835563	64.13890763111075
-54.563232117091594	99.01261211986836
80.70015024149343	108.0626732330137
105.01774496635025	-61.67648206425928
92.27080170635298	0.7071474190615064
104.9687239464593	-44.37662507023893
105.60858941208683	17.395330864408677
-24.823068579319408	60.616586654708456
98.72998951328034	-84.13776264745981
-15.675391620410709	-79.25123882433597
-43.8830503838005	-94.85734263404375
36.62096079098792	-85.68520697927335
-15.356588514628513	112.46668334445748
100.26812220302841	-64.42499095189969
-27.44507361457286	-110.20093817101508
-95.22647797079766	-76.5533007716888
38.54178945661093	-69.81356845168077
-23.516309127528356	109.90337325405507
-74.76099143527237	-3.2286972584662723
-44.42357580558818	64.61698365109753
9.496220995157525	75.76769087869368
54.01454002060093	-105.70636465100408
126.68629521074018	37.48738579474286
-56.52025341042073	-37.553600819778815
-50.90035979287956	-82.40166038607167
-104.77740427089893	61.35834947744855
100.69659142592376	49.91354123987542
77.3192660822773	23.082234853599495
116.4895207227371	-22.514487227807596
25.29636553387784	98.22222339420223
