70.84449784632682	53.83328060978224
-45.84061860356784	-112.38363930512166
68.82650965487625	-52.82913553595218
55.46263882999406	30.287552949997465
-90.67428222617606	29.80041513466704
-10.806417016806547	-66.0204761294267
16.66211873962932	-17.66515320092242
-44.634416827324756	94.658537503122
-111.62303174253866	-2.0407939647291014
24.19710468405624	87.532058125023
5.597470737574119	63.308378039454496
-63.311839617043105	30.848438048557664
-32.677328433334615	-105.59250096719026
79.29718402843085	29.552992961011757
24.558370947014406	103.78185268261188
-122.5979809138398	-82.51597335642766
-45.27507560625022	-47.87204655293873
-52.95652692387704	126.62477823715291
-105.6630064187234	56.66963065094993
-80.94840186152918	-95.82781433700468
-20.268561292029798	74.53238758297857
10.928635518818743	41.94523111056948
-64.6746892532355	77.01812025282271
47.58857701483396	72.71798576220573
-17.13079985982926	-32.48940172452162
87.90397509480214	93.88149953223922
149.2743383174014	11.594551594461706
-40.02990861057333	78.43685718153824
107.6037510245941	-102.78479509654697
50.072557264668234	132.08750588752795
-60.21570774439718	-56.10287175976051
-14.282709642978164	-26.64784656145697
118.16227183262335	-92.19607363226167
-35.260306075817326	124.06850706236891
-110.60603987835165	27.555052624089306
-80.10762292998865	-26.319750626483764
83.86714862892804	64.69648285179133
13.483148390485734	105.46624269481218
87.96696937504824	-85.92954994526934
74.25727550398359	95.5197692762464
121.2134503648698	80.15676014847779
-57.4450735530001	-112.41087047646919
-66.93747072100146	-114.51670435999281
-110.67990397008057	-44.17888031512989
-95.09952436103995	8.743267005392912
13.020753812811028	139.10990278698915
-148.1766057545134	-13.518953201333685
36.44509635273393	4.2945078973252215
-121.31391755994068	66.9858754618712
75.38752308810413	120.98806937999777
-67.92148333899792	-110.16656151738054
71.68292692880652	6.903841536102222
-116.65022089029944	-29.119033235677772
112.23412725320334	-48.06250243866113
-52.3760366794438	-103.96568887869778
-22.855249906463865	-86.73194060603788
-14.595233841764363	-141.28875085373087
108.60470895643216	65.0193794414799
-99.74248633345626	43.71150990179985
22.22330454646854	65.88451764479096
-55.86328426403442	33.153949197976175
-9.905659563560976	-140.6187348051103
66.20554514087877	58.157034553374025
-142.8261898141506	-27.873782850100387
-25.874207491689077	-58.28183104537478
-8.34175433805744	18.443864204521898
-76.01007798019049	-64.81817970831686
86.74122291936841	7.9433630900069065
-118.80749697915385	88.03071102305202
107.74410929201278	74.7235411331433
-21.95622162727651	60.581238810964734
120.05513470400942	18.110295034332182
93.01123370669127	98.0178723019205
-90.1393111683024	17.43032943119491
-110.82313457195582	81.02935955249403
18.209745342937783	-17.551554417728063
59.11979787217557	134.09077794082754
-37.38308617010845	97.08339915343075
37.97484292796675	77.58253322006367
121.6982256245214	-25.870951337407256
142.13811635539795	-8.045880109433845
-102.35661647196886	-102.81959882310163
70.9135457903071	32.587682727232966
-32.04055982057081	59.6154030429692
15.363955335281878	-48.35116720134328
-105.55680272833125	-24.812548272703673
-51.954077683898184	-21.18989843564061
141.3814148108994	-39.95069045819943
79.71097233014304	47.44829214285467
104.3289777815819	-56.049517880694665
92.80919091561512	-88.15940091448
-46.04875085260174	111.27810129480713
-54.02873130652545	84.10517549813143
45.79043706210119	85.29381164526869
122.84844148636796	62.177250249168935
-52.980073176714036	35.15643671681378
-9.985244357746737	119.1007288393807
-148.45914606271162	20.17968837292166
53.757389135363965	-38.20853780842733
71.96493548217968	13.369013041178492
-144.41469687490385	-33.29570902613224
-76.77196307772074	-1.1625771572379153
-12.000008376131042	-37.57908480413854
93.48221569624677	-38.602377147929104
-4.36002138787626	9.30012046935285
-16.382350659319062	136.20585679226423
3.1249173931464016	102.10373425974035
-32.41970711392334	85.12843518873089
80.46923685672652	74.94318359866149
60.59981920629527	1.657859511201341
26.320344326480285	66.96396408461615
25.88227492693484	-80.08311288382978
-37.4116290412779	-34.93190710984601
-97.42768898365391	14.340949181060589
45.10390052998657	-95.76759595943987
-3.7989589569087117	80.32240400212198
10.46846183965561	-63.80909827500819
133.26725399659784	58.83031064448923
44.341688332539675	-110.9862706797559
-41.34278745413167	-51.94494120851925
54.51655098510512	-17.672399209161426
-108.97188927514753	-61.947149552392915
119.87845871686777	4.327263040311781
-81.64425980443457	103.38757193529942
-107.60640205252267	65.01849800369732
53.91126545884839	73.72409543477966
-92.70015985236942	-114.44263847902171
-133.04675800022287	-13.634255446575823
14.034013373637311	-105.97520912351001
87.74169404247083	55.20822110460331
-28.995526667438682	-58.66754681001464
-131.50909860151933	7.7639967350968
-37.578477737596764	-42.120140123792275
39.523823468912106	-26.87329463927211
-16.61928340390692	-83.23916449135706
34.763524662418725	35.8668938255862
-17.632176792993498	72.61463217560379
81.82211439178596	-60.812134955757635
-22.643159517327106	67.44753185015176
-50.698087396406336	135.1745630267168
-66.80007581621538	-123.09926408419571
70.57283756645026	124.85769440685702
-58.395387711873894	-44.60154099056695
-19.06002473811791	-19.857387402918892
-17.08191521602783	-136.85774973788003
2.308972815393447	-115.03384802213917
15.44863187310727	-91.1800169649268
104.36242250709718	-83.5954659356751
137.4599062633382	6.227706804527577
-43.93036132786974	-102.7117498088484
-106.91669304303487	-77.87728332821764
101.98824536214742	24.528478950814335
-87.9195772833518	17.374133709266676
56.69346010761759	-13.165277369765695
-112.7666072670463	27.88737878915675
-58.98653826489997	48.74968586952212
22.1925767381002	125.7917575157504
61.62605777662419	-43.617415883358746
122.02232488662162	26.765063233080394
-27.6382824953749	-110.80591207592015
0.4881006517291038	117.50364404446276
1.6131720469743889	-147.16098628936479
50.680444147374956	-102.78861149139455
-61.967012338363666	-36.357043562966766
118.5326737194406	7.549659062651673
-105.11354378144955	52.91398090855062
-2.7032944581026372	8.57275518834281
-76.94191568593598	-126.3126670008038
94.85530978045708	-107.24567774104732
55.69344283275879	-35.12111696496435
7.153864404405649	118.56328584274235
-23.687244317254457	9.39217698596762
81.35985505583677	-76.4387045481385
-137.5627876150477	25.043048568820687
79.47623944821441	97.87901884753641
-115.42234777803058	16.49125285858089
-62.07173357567106	-52.2592323150048
65.97578155654162	-90.85444498914894
18.5424779358041	87.34001593210722
126.53357273091622	-36.6067420019238
25.61359707791751	-144.13250269613297
-17.004589651894715	135.70952326325732
80.59448731084969	-11.3618890083378
68.97209976074346	-26.541088066390373
-7.6212125275298686	-149.36652843743795
-67.50904973394846	-25.996764839856688
16.38174168458428	-8.846489160029437
-95.11826851676048	35.985147270438105
-67.88186202013458	34.194420958503564
-59.287398752017864	57.50623201566381
48.03995962719977	-94.9107704983233
15.055610307604653	22.34377621023564
102.90322325087772	46.62718349294282
-40.5516759664885	108.22928172182134
119.97762675853515	-44.0421931531797
-95.29089431018784	25.91440824880442
-42.3902045973358	112.19679241441425
99.69300696238024	35.1184715049169
-73.55129427485662	-121.3872888345286
-128.13947349522948	-27.873607159161434
