-101.61722031928967	-93.44949488717063
-26.175726627722998	-141.43081291232426
-97.94574124722466	-83.749854350729
-5.239839318862484	-35.411900068600175
21.490273983561394	-82.10728453394543
-44.63392547444893	75.75483125281198
-44.08018821835924	-15.340074887153776
-24.609917147816823	33.63865136923438
17.09650504345001	-64.61706016871537
-43.93552404684631	-135.59165533420617
35.305813018095634	138.25294897798162
23.471698501527005	134.72565728721295
-86.0625639406247	12.00344683446433
6.451479171304684	11.171291422903234
24.706171820448258	44.1912090348232
-33.19500844973672	82.5147568903214
-125.97388905800621	18.666437408740872
-12.168809239829562	117.7917498131048
69.19336035805743	-92.0649246143951
37.55490090372761	87.29578555835226
-5.418987273678924	12.22844296289458
-85.72137062731925	98.59208623095313
58.90573637024217	-88.96903997506365
-109.9433805698939	28.629121347865883
-116.13294353908032	25.740720403117546
-26.04289387674872	-45.308839800399475
-59.50898246437757	136.47261524666916
-36.95008023616158	11.858931363235547
97.92153966433116	-104.50234368342404
98.48305855990374	-50.894839850410705
95.58069519721255	105.39482531727421
-27.94113877806361	-139.52265966885196
-69.71644960630951	122.21391134066964
64.53444573278733	38.568199704872036
-122.58022460862576	-71.19234015713585
103.28663895175573	-104.60905316613838
-13.833058807617048	-52.29884261513332
-44.731913897284215	-24.074659510459643
6.756900028303526	-60.67974108759028
15.876334006224601	103.85229667896604
17.540096387659307	27.0913949031844
-80.82832287598752	91.27354997465062
64.37936938845036	-98.78097255106185
-147.12092645829733	-24.526888308021555
41.868363252137875	142.30855173003954
-12.55004461761129	-132.595277002726
-54.16414933921664	-22.142988136879577
58.62250305708441	73.01009689645618
71.06912834581895	124.68770869258645
-45.74494780367293	9.845628569472906
-1.0659668499374015	110.13038556118707
41.687500095090144	-120.19777973714073
17.607111427705746	-52.32938195562348
-90.88676468620352	97.14053501288575
67.27386670784722	-57.166685764065576
44.6664962136621	-78.01090319789417
114.65914073001684	-80.98243083354188
-76.43470046971854	-10.115689567266395
18.30901947865541	-74.47236413568847
-111.74049104209664	-61.21227144408948
-37.91993620457794	-32.09608140982766
-64.33943609897563	119.69830955971635
-108.1086731795834	-16.782845250576962
79.90046131789114	-47.67169475791006
-130.1501190496749	0.09524309128463967
61.45963294031175	1.3717154694422322
-121.20263179231688	-53.45660811285809
-119.83726933438747	65.74019355081433
103.07486714092587	-62.3483261645909
-20.291386358706763	103.12604929408946
-83.59401447134348	42.290376071187495
-0.7733993552031603	-93.19504036264678
98.15727775849528	-32.94885400007563
-23.85188221260942	83.70004057348827
-57.16586119910408	47.79193863748278
82.33656413990722	-67.88733490155414
15.016117724721271	-27.622568848535817
72.38214625691951	11.62095355082925
-106.03323801100558	65.75844355327203
-93.2886995794259	71.92398899995693
42.5705052615719	123.13063371552596
-139.12001390058919	22.63123605338627
-99.97891886801658	-33.924684063913446
-45.244784784986756	90.09325186594349
108.71188086756332	86.6576472150803
96.27322281089944	-32.4808354019452
-130.02232745742182	-23.25916944149706
68.35765902071097	-51.40331320670479
-40.71674771842419	139.9470818759286
144.227489233316	29.543086311744727
53.2497309362659	116.69612403386581
49.145447877732025	-122.33512730056559
-3.432560593754098	92.60591067502841
-77.60730196047939	-74.03580091857684
-104.3525636766706	77.67424483635163
-28.032498947223722	-107.7395042623385
12.492631264235145	129.06884119027603
-51.86124803475993	111.05071844022069
4.6614277881098065	87.97723692142641
-4.941721002436143	80.3150599700983
-125.15502172430351	56.88171161770199
48.35081471861883	74.65315517310145
144.82543659602507	23.476883816835603
55.18737723427438	-18.16089101591971
111.10754029182547	84.07205274800381
-14.286727679168843	125.53883423914024
7.290673655820654	-136.38700610532283
-88.09475637157358	-109.10588456613588
28.327327472407383	-90.06588430967189
-70.47844282015107	56.20189739990956
-86.18590935284544	-5.848680243446683
-13.754243467522855	109.53585759099983
29.0884443215435	7.013373606847436
24.322085051298625	83.68743226807494
93.18355982084297	-67.40999028904969
125.92794184317368	-40.970931285695386
-24.578220702379227	-30.030875343161785
60.4845440237382	-36.80264568629974
85.15359590055145	80.62997562653393
7.965709730334861	-138.84212905210245
32.26038421560863	-119.9592536637033
49.251311914115306	-122.87379307598265
27.548293066253063	-33.72275890079942
-8.424796752814705	37.16874647889371
-0.8909728932844134	103.96917819793407
-10.437070031593317	-47.31165645395511
-111.56011158319795	71.43034031442576
68.66057934090291	-7.075295351190803
145.28918495198	-16.184957804510717
-56.79086515649888	-9.017437550631168
57.20014981398125	-15.39710872101711
123.48199929570139	-43.89590125148657
59.75868314759803	17.680528037940423
-85.46833478356068	-87.07956855620955
-16.660583022272593	140.23483487914643
-9.845861094942677	43.29681061510224
13.607162597719391	141.11298198313887
133.06406581569294	20.87793088803281
-139.87922446233182	-38.53413935386763
-101.63738907389617	-97.1115694323702
22.681539758136385	70.25381568296453
20.16500289419749	-103.36195354276752
37.55371330895197	-82.56630475494069
-111.66283451298462	-30.34477554537813
47.277543592438164	116.35776607330095
-60.4248335948489	-133.69165774129806
25.921215207743643	112.89780921867674
45.14745063450901	76.21777076895748
-63.08674807846247	-116.56839345053204
53.16603698663996	35.41246043253679
7.732359425062376	-53.61326463193154
-55.474379703491834	118.43058091882747
-85.69452956642064	2.1307810436879957
57.49863704021111	-70.30149493285697
-103.54955538446515	-76.88415541475693
88.74945188500612	45.70949050433048
136.11491639640533	2.8093137583015406
-50.41546838789357	-106.06132718401223
-21.06727920607804	23.01490595888683
33.57944072656371	107.42646337227876
-50.300304665512634	-4.718994473972344
135.18309157566216	8.273510312368405
-94.45522315338603	-55.22816607823618
74.42644724874232	26.78346090064067
-75.61386877211729	37.04175026875092
86.1189221955447	-20.129562729068805
-9.088844051654084	147.79021898798342
102.5965456885659	-45.983708428016875
-62.92864022136689	-132.42990953603655
-109.22320120708343	-62.59987448577863
-132.46667676386068	-41.63796370442356
28.537492169653483	28.276689566420362
-12.350306994366447	16.330383850808197
106.70111370170143	34.87737616001526
94.32703639267308	80.07337757678624
-17.53278158078914	30.657621806976593
47.16811390865169	-63.547323970409934
-137.89295569133964	-32.921830932258125
18.198184096623674	105.08122437072025
4.535023213725955	80.92986564128567
-23.175001308307607	24.122244012494797
-36.65161595554991	132.7308740943826
-80.33795600131029	-78.90766178157514
-13.886270259297602	-7.639582089029675
-13.924058232254582	-8.047258438558158
20.863945282920277	-65.6192332206719
40.970462223042375	-26.314780717524464
-74.17592545722728	-29.03178004416035
117.93843399012586	83.82880948481022
76.55536415214945	-122.10058616451998
27.459598546742622	-84.84578987881491
100.65984292643722	78.44307769979956
-117.50647392650157	-37.3298322732386
-13.098587317710662	3.6087311629099057
26.275913086667103	-62.65042773383181
-22.996001065315493	-13.697624436894928
98.277499524145	-12.860884574544151
-12.607885420008666	-121.38716396896788
-136.0859546226359	-38.32178431387545
74.0306987091571	38.43039576084937
