-63.724474856567475	-103.59722880094301
46.511357098430125	126.21680214825679
69.68737084286514	-25.310926441331272
-33.32510457389095	-112.71578311564244
-14.76560505970943	-76.36192027081334
-121.9925027455064	11.852096951977467
100.6818659178567	61.118928519933874
-100.827315817876	65.39409738774611
82.09507444507075	105.3507322066945
58.552923538739485	106.69082331411953
-92.14169807164039	32.86312273171459
78.5457863695326	-1.3972930930122347
19.42824719493977	137.06964310510395
97.91221221114691	-20.08835025249524
18.034186450981263	-90.78342331813629
-16.325660747055807	69.41444879905687
95.00068843113672	-29.134683617995123
92.24870492673763	-40.67215275768635
29.827001630494834	65.09277092904308
8.468137478557033	-43.068615631091674
82.19842930511754	82.68636609386675
17.68977966786494	-134.4982973178314
5.717876947251878	-33.4402520500044
89.54135672255984	-7.79486349595007
47.75267495622321	111.33934074939829
-37.84676830533697	14.63251520576636
20.176788570276972	45.65474346716843
72.49012499473534	-0.598740285085507
120.66880857371004	-69.20304676366557
99.22910583444063	60.10041653954629
79.79863425451511	0.5888545321252612
19.456893849225576	-139.14439445317544
96.1624726618336	9.475783866545248
72.9193425940405	104.2838758424189
82.3635204881747	-108.81054050655126
74.14665812324235	41.01445361079489
-49.73332816938494	-65.92525517086241
120.66306261142408	-27.68691887010819
44.64051320538937	20.805342190116356
39.60460156239091	-54.3045581450796
-93.41481653693293	28.139912214260782
-3.493957339421967	25.43863923450149
34.01066539669803	-81.27729100282805
9.645804970982272	-108.87376233516008
3.8285431408936805	32.9962605729088
89.18014101710743	-85.14357018576291
-41.755564366903805	80.42785431490286
8.169688480059245	83.00585328225804
-100.40275913544994	-40.98406699975577
34.33980852009354	18.00805700908153
19.58349116148889	-37.18366015287661
-88.32406829113653	-6.232102629155586
17.557529178471007	-78.57935801044576
-33.30925341158843	65.40614285001918
51.36518416557124	-43.69048558053573
38.01874895186733	-124.16986424984908
-115.75845564795144	35.03922735483265
-30.145851401765018	-33.68938758840032
-104.58737386793624	30.684986738311558
-43.50426876611416	-36.96856516290467
-17.8177505347465	-12.916291598666897
43.96312165589222	-111.15225883934777
-60.16885642479585	-62.99869290538528
-37.187571140837086	83.96277648008227
2.5326215176212425	-37.26478276363739
17.968999504223287	-102.39022933960713
-103.95364069179496	-38.91480895051064
94.50682179415718	5.362441748646346
-7.450036588355054	66.52142109518537
10.55118882106864	1.9862279712270399
36.64596640584334	77.96671953627342
-15.193209228358148	134.1969078589211
27.18354985569244	53.12372434414167
-25.329277181490934	139.0969586563441
110.52542499140922	-100.61391557127422
-29.734885838010893	-42.5050619684393
84.85369847362962	-115.95777541116941
-26.538773452615057	-28.480298614444166
35.51678907979503	-43.04765263481693
-125.66812336756432	-1.9776793525696765
-93.08606574069582	76.66201322730933
-86.3227017705683	-15.068582525114833
-36.91714071290117	134.58998889475845
-83.74868415011201	-87.60733800460493
-73.8496747242632	16.112010266125683
85.24185021547545	-97.25167020805286
100.32078528931966	38.57649958515838
-34.40922713175783	-96.95062273727584
28.334210470792545	98.61224580051928
8.373522583110379	-88.59228966622105
120.80405021767187	-87.624913201604
-135.06161052690265	41.247614196815164
-53.71355929851077	73.4136651751676
-77.6894033968405	-18.064310075220117
57.8037185688745	-104.718603684941
-115.5130209135735	49.4999116130797
-56.832718400903495	-108.35572552714461
96.2048057117772	-11.962837785333557
-61.127390802835954	134.75336384127323
110.22425301818869	33.480101351196375
-57.36025257759542	-38.248822684955
107.4337460621391	53.35508047031572
72.69145049028145	-94.30253719110549
-61.96875647718282	89.05875262477917
22.74661199327698	-118.00374827653131
-30.301535195175774	-33.929058834843204
-103.07860022266078	-52.234237542288156
112.88568636071764	-44.76727467382858
31.424073175247745	43.144051339040466
-38.2140429010221	-91.91444031310043
-11.10911385287227	-17.25121651524895
4.111803929776509	-110.50266627785723
18.770614187035623	65.22819180853732
-11.511324271979484	84.80637700921197
135.63301668629197	15.03279011200311
-20.626188412399685	-57.68414696018214
126.9710493402979	-48.27187065930586
-36.33893293100922	13.07037806801173
-96.59952415303255	25.6174122304754
86.3812798512413	7.851071577764354
-11.67231938693838	-25.434369885394144
-35.00501074061348	59.339278036210736
49.351337267364976	134.61823420415638
-75.913431924277	-22.44769578143525
-53.43597852750405	-113.90719737168732
78.0675757751502	-114.57817564325059
-70.75325620954663	122.88919937793499
-9.85590723436654	134.37711444797426
-30.135717411850475	-88.51925552887208
25.78643075124775	-41.13614077789705
55.15698559959852	24.65848756252831
-38.04707450983412	-39.23048548706486
84.243594476201	-17.73579102177755
29.61656366964655	-133.1547651835568
81.17082090673459	34.072455048830705
108.54865465767205	18.162002410838184
-105.4313570430964	16.81011065739056
-105.24082503126735	-40.13632506643834
47.82031863782751	8.425536186427362
37.8676191963647	-109.56323492050663
-78.92691826326264	-124.39898132126734
-83.15214519225437	87.2384049911934
100.76481435006596	-39.32412957314074
59.3236137148725	-68.48030469753229
-6.274666544661985	28.902326496248335
-27.344556230251357	-39.61786194731978
-3.695714971039885	-93.79629789827526
97.16522725338753	-32.21467844350144
34.52717511445094	-89.9290025435401
-40.80415708746599	-78.1621161386018
106.90768616861848	-60.017498714332746
-146.50981993742738	-24.586617907717635
-100.33868628349458	69.54845671432182
15.258527177478081	107.14299375814257
44.27176069551463	143.11281014931885
-9.091455994261082	-43.93586664617899
-106.52040793961147	-56.599654474858305
60.69343642469859	-89.27943791499688
-24.477435612123585	-111.37419970821665
-101.801290974918	100.59854958599685
-13.378782070314404	-84.94470765378466
-63.69549006803583	-92.02272632050762
38.648578074194965	-61.55482936872624
-21.332061826198345	-93.96876715904784
131.2037580702705	28.144102023270925
-95.51308087306586	-60.473628874020825
84.92319282907535	-115.93573371468895
-86.11629638401315	-118.49051782749699
-91.69209246201657	-113.32176020295499
-97.49925613718025	-18.49667726660779
28.304249777226996	113.87559935442741
-82.45828213607193	-62.0270665202354
88.50758910214971	-90.46589495762807
-42.46167616681843	-134.0021883528373
-72.20534973156042	83.15694141251635
73.04655310943352	-124.18033103845839
5.478989209729068	-111.17570314423972
22.732594359443098	86.99887610453649
47.879269471325436	-16.930281435820948
79.62932349932392	-93.60967338571955
100.57272730541311	70.05224466038982
65.07178464082916	44.226122894211066
99.09040237915401	-31.650316812890583
68.79260885643598	132.06158536870922
97.17795038994582	-18.563351902034245
-82.97131209365952	90.32522386755979
123.67994401120956	28.27432352285337
3.685041870727236	91.45277985634992
-65.04595066467702	-118.1616725537461
101.9541191457239	-84.24290865208083
-65.78819173142828	-12.39578080156346
58.53613958365482	-29.78258888182187
107.64668723173726	-45.982608587595216
-47.951679267972665	38.36624924134592
-22.3315713300154	88.6262926374797
119.20182673597574	24.160355448714206
-125.18545583669177	-1.0346378006971362
-105.58605809329227	-91.23166606149474
134.4274672818338	54.48094737362011
-108.49536130010031	-36.844356735111006
