111.29373346819018	8.353923301722558
61.635512181034144	-130.429603924587
107.2878444649173	-62.75808689336396
116.38089163316101	17.60493117204619
-105.22522804463513	-10.316068309110925
20.907675078222447	36.657380559363524
-142.80407661725874	1.118298663749991
-58.1183722371626	-5.475842025201318
58.380583502038164	32.672146094034964
-64.96284457414393	-10.874017738629737
99.5772504823554	-67.09022338562875
54.33863397771652	4.124168326041526
-79.71026882432132	-22.66812799200465
37.86176704031396	52.14177953119758
-52.89543677201512	-128.60611060456864
26.54041379167923	15.612406668312774
48.71119477380848	-33.620457091254224
7.377786977532063	8.122922617321377
-81.3216012151671	-82.01576107760845
88.72632661400664	-0.06569738263383423
93.31673509647564	-95.74931913594202
52.96867814699445	-18.791884844103034
-111.62609386412409	-46.40056223704424
109.38099107454902	55.42157042404452
-55.41075344942265	10.529951473753993
-70.39113084277193	14.683627243883471
-33.07245388433569	30.26224918993541
55.59379930173485	-83.39567774171232
108.77503606587288	-78.6606515462351
8.867759991296142	-14.046455403669768
-2.2533747338741947	99.63332354754921
45.297962335148306	134.91121396176638
131.87450554357127	38.86467827022865
-14.404086894948614	-13.897232590326295
-89.5188043839282	-94.39706693342981
24.145044181066186	63.53997283623499
-39.96656172634473	-57.31154338992124
113.65879986492753	1.1141505528033064
-24.62666099623669	118.58753222052931
-105.80722902350489	28.106518884553196
117.38239510604359	84.4024304795666
-108.3007655831959	37.584382532578964
34.70019491206517	114.27837348218615
-21.499775328060903	122.75410875913383
-96.20584679863744	13.314541639208745
74.58856939180528	-64.68304038159003
-115.50234427548656	-62.00094482153014
122.82489431752117	13.691339274161965
75.3293652659458	95.26103491743513
74.3096286919413	31.241801087438155
33.8307931000488	79.91536305212635
-28.0244056754739	41.9905781032462
56.92232406128921	111.82320854920742
-96.12461568966911	23.603088261713275
40.09679374986542	-79.70237677877604
33.42850945784596	-65.05791253777667
-32.86832800690461	52.0575403987375
-58.48165539347208	111.85933858517298
-2.8529161239895435	-106.90219620233582
-111.86836073258118	66.08970314462536
113.87029043516719	-21.635898993406077
-132.30822939775	47.67719400664034
5.958279822178301	138.97718039762933
114.52071440622834	7.0751958824058905
138.0068064664743	-40.930222744546484
107.22937441408844	99.11411748214476
24.119172936053992	47.466734893734525
143.68045103591805	35.29479245138194
-128.0876411388183	28.683830383038156
-99.52319866875911	64.58429236039564
58.0819956474764	-132.46582867290422
-125.70233696336545	-45.575593172162
-120.51950857567984	-68.53602128457078
15.95922728897831	-61.763616227105835
-84.31851188582081	-48.39844402105202
-83.89342334116111	-36.541438538818035
68.53789641483543	-33.030406070055825
-69.26970744511735	28.92238599606719
-41.201409440919626	-46.401360077108734
-86.68212558683574	77.0687956230718
-71.20783602577485	-98.88763326738986
147.60054413758243	9.338584977511804
-21.861680693081986	-148.14900658783833
21.244140899739286	-105.0379828143745
89.55487290684317	-86.92654523461283
-107.2778533516956	0.11381600104363389
-11.777599324883393	50.912721944064124
-16.634093572199067	-134.93473989681482
88.65548255936893	-29.411731250530828
11.413805220167722	-91.03053230032187
102.16883467309685	-63.778338139108115
93.08238978820117	86.68443215694819
111.79605028382153	-57.62053869390011
-29.133021454258905	-115.81103819591874
55.202103862909404	-113.07003969066058
-98.03501155167093	53.17784216118071
-78.70303247613323	-37.017356066556836
-71.46112076653587	-61.68453911477828
-145.6241867668009	-17.25753162801644
71.02450849050966	49.30360035848332
15.39579381788223	135.45047276513037
75.48766280640724	90.72163637360774
25.143002643010746	-47.05044925798759
-23.72080683659553	24.451399713230586
-34.15809768455796	140.37363094569477
21.12574757606289	104.7568857273844
-13.098259003494537	-42.28867964951286
-99.1704110135899	-12.571377769903838
-118.28516707746209	-77.24261356510222
4.997575551298774	-125.34833926979053
9.529028768636465	-1.8281232233132285
-6.227543547384735	-112.3840565117711
60.97654720803883	-11.18776019592196
-27.071775247591145	-79.31425030695516
-13.243252370143829	-26.91192866820926
11.365338661115084	14.507403135654576
57.3739064951736	37.93303547516147
126.69483839808541	19.19362261532232
-39.2773380056056	-106.40388163777462
-30.159121931940916	-40.997944479182046
-70.77064021580065	-76.63622256701787
-33.938198579612276	-33.96994128355637
-40.296669985058585	-98.79350189746785
68.65071086848715	-115.2182729754393
-15.847517999117047	-104.76380080646686
-53.57715561163787	-38.56501753199277
20.27876757290616	99.2839717991558
11.149823745677857	-102.34674444413501
0.28824215246664275	122.26743983758277
-38.59924289204765	-82.44707792100387
82.35256433303904	93.06137270428081
-97.22377443771137	-6.142566116438415
-82.74314250329822	-91.40337815553157
46.06532369313052	-106.11473496274827
-32.28445496813888	-105.0312488984771
32.908049384960485	-88.8805171271657
86.85978203788974	-111.67101509922729
66.14773428720845	-64.77363249731593
80.89795479020148	-74.98407152801276
-1.3657733459501475	16.055177992401184
48.85727568581571	-128.30554391715842
55.09510523732908	5.88268718619523
119.36815466644177	-50.73105404961763
57.83638132693858	136.49589344070597
59.034652287406104	-53.04078957427974
49.47093057338111	-139.318366698772
-11.721263987213748	9.7539138420635
134.36915512652527	-31.458085139177424
54.61073775332649	36.64442739689558
-36.41905315225962	138.24307191623225
-2.333631549074267	115.07895272102625
133.32663300951316	6.885221370221298
27.438926489864375	46.140930635394376
27.289302814749703	-96.0955135910299
31.070318735854304	-55.041202101963094
-2.76888461991522	-88.89702307736971
-125.26087737783504	-38.56849705590652
-52.7797755533852	-57.86262741834833
-110.08293524855675	-61.92754251676861
-1.6183795070952807	111.2415356157911
-83.67296199860954	74.10830439079763
8.29726878001049	-18.106444729038735
55.26901371343479	36.93102837276787
137.77128238631533	34.20081569673067
-36.5468158297717	-89.12066252969028
36.30804268392899	-58.487256509619804
-91.77502878385344	-83.28230288447706
10.762222532414695	-138.57361547242618
131.35275993409414	-18.850015287289622
-76.0544361433737	-81.95815910897618
-35.84345184119842	13.12825448138808
68.62295979952134	-2.944803161888468
-80.7113922938121	-84.44713880813825
55.29786652544682	112.85260198993167
-57.860496685276004	-134.02548071263803
-5.669405736438839	-131.2428776999413
109.78687140371301	7.789431819403011
-107.07565252277792	47.94464563041267
63.266159255364855	-22.185472733114345
25.498636247638043	-57.684125437033494
17.147995687529054	58.65965884707656
-44.603388292441934	124.7595773590023
-16.398154814586704	-25.904133394972078
116.68542693871126	-71.34663606257708
69.55878980623274	-66.85537666434985
4.974279935699385	109.73251267051481
-55.78152329542218	-121.47678440917494
-63.64221218073268	-27.147723228646342
-47.29292432711442	46.8296144151829
-33.249355123494034	100.09433349261565
-141.83613884389894	1.5001171712430232
-104.53277264713067	-47.97153777194891
16.76617307377508	-12.264775428170434
-0.6513468998644533	-121.37395445763713
107.93275199681277	42.865072345923586
40.63643698101678	82.16098899079925
6.9654060218637825	90.14653931993938
12.458819537676282	43.93869454829097
-2.922166822631175	9.807266310892137
-27.28033881133023	18.188141086749923
