-46.96275268372822	-141.51377249475365
11.90052320827303	-70.11055071545566
33.19930456853992	-74.89609290864544
-13.118961488940785	-93.41369665700653
74.12067742815559	-48.07283865422857
-111.23164145052229	22.657600126197764
-119.63305862532525	82.26320513573428
36.59604997438037	-11.712719603959481
-40.01921557895566	80.67689294114469
69.01382600851005	74.402698581301
29.712994594740845	91.88559768619537
-23.03222998165163	-59.20233201532029
145.03081737528802	-36.86651005284868
77.2672924935391	20.767873527142598
135.91258831689265	9.483097732619681
83.99629804239031	-18.638141469242875
-15.29232965025699	6.038005754295966
-21.71219143918741	-54.184787648850644
-60.29979571848458	85.9540260671107
79.32076615176649	73.03267314334072
-27.94326932334353	64.43802292011931
-37.38972053639724	-64.47410646135705
-89.59455284031034	-94.98765627997962
-39.13096168873258	-85.29055128860519
-134.06994156642463	-58.10147011094803
-37.61054641088971	-99.30491555778238
-9.498406597557443	91.08752046792442
-95.77572457915446	-24.790884028541715
-69.40641300967013	-120.8663190095287
46.78475838338547	1.3946229677476563
55.91742554936302	103.40036361267535
-110.83135298087333	-26.577708486067994
-131.92967623136198	52.34188258703716
78.17410509027467	-61.096138860024865
-112.07998882835025	-71.54162108347745
36.15147009414469	123.4365741460177
-28.64376621319871	121.34478395338246
95.36667320741071	-18.66237536803375
76.11680386655077	-126.60564528142052
-79.92602034335847	77.51162585868867
34.53775841531806	-2.9909406636432254
90.6188716819478	-51.37367980248729
1.7560580880383998	113.58485934546191
-99.21243092699946	33.71836593762973
-122.19952970830806	58.4247834755768
53.90660472933983	16.50138024754475
-21.26047146447602	-127.20766310961402
34.339822007704235	6.8776658765339125
-133.73831611756754	-27.585554395508755
34.87380067325047	-57.88061459073012
-88.81091793183096	-10.879696616505685
145.45085020737105	4.633023741879081
-78.61536878063825	-83.53584344366236
-0.6361708206226682	-78.0786086879003
-31.810851816843464	-85.46102996369832
47.98096370891393	-124.91762533044135
7.960042615226443	73.86222317963234
92.30494344621636	47.890107530463474
90.01634037594553	-8.860511718742208
-82.22714947247053	35.14104542170839
-5.258983538163443	73.27487307322613
39.695837701873096	16.535040819850792
-58.774270029098155	35.972177490134015
-86.69871010535203	21.958801213092517
-40.80915572778579	24.067903808739068
64.35563145099883	135.48300858213437
75.10569207537858	42.80893145674927
-6.934226400288296	-86.09827652760252
-142.28071299489525	6.60552461675071
0.053009317127109906	-59.900935766979615
-43.06525448336762	14.656363263453754
-35.437727203646325	78.57964642493367
141.11804170766246	-10.7865486576503
-23.19378010145039	91.31069808130862
-29.52062762534438	-105.3047102251596
6.687917450693903	-149.46116234573455
-80.31354679821149	-45.22123899131841
-132.84539314848664	14.78794127046591
108.05327060126486	-61.39612247691148
-56.514820463440245	132.29530834930324
-107.46912176302187	0.4886311245792627
23.599663028310626	-134.04763165713624
81.06741975410515	38.911165173099285
-3.1916572193991177	115.3448414468682
-30.876914100139842	-6.739875206164759
99.92273551066549	-17.700418682842766
88.022278256499	50.7649850853813
125.16163201620613	-63.06699782489734
-38.50842047322964	-45.514046690668565
17.991715640769034	38.71005950571975
-99.57070185555295	-23.420458643202565
47.89877910602102	15.168338826036072
90.1554257503616	-119.4119484749629
88.68309226750098	72.03874818418981
56.291840821068	-9.337583972170947
116.43210613207367	88.7657009131488
-68.2854069523975	21.19880177948804
76.36207900536787	-43.723536367831436
41.81100000503344	-128.4004090525131
-116.76158152682608	59.72840817443016
65.16048520891545	51.02391214731134
30.71161247474542	19.43601085115997
25.982359669948934	-134.44799606199373
-26.31938413778604	111.2072394068671
53.82504592244363	43.43143179149049
0.2979731711814615	-34.894663209819186
58.31523748188271	-69.09931342530237
24.238150829678737	-36.089260683837765
71.04390521985552	-14.630824779696416
12.074099228815083	129.840144050564
-26.1359385949051	-30.355057950619752
-46.48346244502956	-13.515669539325625
111.20939854549097	66.94974064895372
102.31255145611156	101.6815315669792
38.35768020295292	115.94120698156604
24.309121822878897	-144.764818596001
12.507181758608972	-138.26096198161386
-71.26978913064933	36.35311612290207
-122.39278149217033	-3.6849582484934635
-68.01085056385551	19.660591388399187
12.885629250818978	101.40153312841578
-67.48687891644047	-12.213285413568094
114.43801243814522	42.6284953577716
-90.88575678394245	-78.63302793135502
86.94626346527325	-88.03688640259466
-124.32352708452811	-54.53617452004777
26.232865075020037	-36.2478887414107
83.89818425175162	76.07683809539752
-95.03861819831295	-63.84545536668336
110.84571930450241	78.22784646016518
55.390448533765905	-90.95332775216492
27.319627417642153	106.10610574771971
23.893113240750335	41.60344495170974
6.454440514920658	40.39477886023615
113.33543939641751	-91.697825070934
-23.629783146429123	58.97211425020893
1.2481390649370743	-116.64186668614441
-108.73681888587956	-58.39457024399777
140.53493809877952	-17.57546848458857
-102.65298227153157	-45.75018270885067
4.9498105186334325	8.053650797259161
-96.1759827159614	-34.971322916613644
21.326598243791057	-134.47742275101476
-55.67282794770242	-112.06123776278132
-100.0052229565785	65.17040172727837
38.78978173834622	-10.487090713226376
69.28500772850022	78.84241544491564
54.43155445747765	-2.4328876084984667
-66.45927662325072	-66.33129324256929
9.150457345633635	-27.32388790071582
-74.82711165222481	-19.17433948034454
-28.921158285925685	-81.67285832608567
48.3118570617185	-113.69600183488095
111.72557695325284	47.90514763913358
60.950282827764084	-53.39526724105579
-79.86492306146407	-64.56444184909496
-120.7691862332407	-8.120372126609713
7.078736171596662	-40.585818637263685
92.91053420110298	-0.06457114688827478
61.77269636263074	105.2311611557849
69.41381250400303	-25.470664786927674
-49.514130974233105	67.72946706762797
53.89291146382309	-46.18111157894346
-30.668384276377296	-136.06182860889123
-16.227823527690102	49.73633490864162
-61.70173471595966	125.46374310324906
-66.13299985568334	77.03056550165799
-48.235697170949955	53.939843781505736
-101.41392343467272	-97.25765953795563
-139.2307444367425	-43.40827136446472
-39.33933509144702	142.8211824554986
-1.9738951183692734	37.83830150312684
80.72890993701442	-116.42432061924873
68.2294185704262	19.050826059821677
51.26802402759556	-6.297531416387195
71.32328405503966	72.84096449383433
-53.55731881551725	-48.37819279654772
-9.639240646438521	-67.34873696623202
10.389621682699197	65.01347402958129
112.19851880363565	4.422130584073823
45.264212474279745	104.577361634049
-20.024886129088973	97.76208531100716
-19.03267712131162	31.213083643817146
-48.48526813190714	-57.573218139997095
116.47561861568205	-41.107565178280105
-136.84913068990355	-52.82281514685988
107.7217016686851	8.955318065797268
87.3242444158338	-21.683228418344367
139.9697127320095	21.48800715827376
-82.80959851261869	-77.78884916202998
126.70247595070029	-77.81764824983793
-38.33209607086727	-21.134848545124367
-55.60921960407633	52.23571492938511
-105.03086341917016	-101.17759922689915
8.091979189129137	-135.78737440018602
-106.57942169769268	60.41455911559757
-47.50630867353911	-38.38685031885669
-39.7107092385985	-116.83462625672
-4.984913540030712	19.148440931539398
0.777619576547173	99.96217926753489
