-101.69671998281555	-80.0153376385276
-11.96683528997897	-139.5653045430442
-29.75004297434785	10.23209595643342
-119.72579813995613	-63.28624487370603
49.635630316666436	-72.29547350505418
89.16792384206992	-23.869699400738032
106.23059582072082	79.89995945928455
75.28294546871552	29.150015249460946
120.6602482240319	43.17529152881715
-108.87393999869944	-66.13749061584922
141.70229271955958	32.37272197487517
-68.04251663219294	102.45823052490732
55.891412605912976	-78.3762395443045
18.661128496422915	15.615796660248055
96.60685795384003	-57.769446454283816
-65.6620096434948	17.58496043209924
-26.631505861685522	-23.385791397030694
71.89895770276628	-34.04055303439203
-3.710695686581153	20.78356544575342
72.54408490756067	-22.24005815508821
110.83581232144522	-90.07733138592351
19.533325782221308	-51.92893086999335
128.65770486227828	5.122017755673456
-40.0965273389309	-83.79171629163648
19.02294606727773	-51.373060914887354
-72.05015399525449	57.570264734679455
84.20962999972267	-2.9208286413556297
14.334422893414706	43.4755117640021
53.34498810261121	-114.43498483111338
-79.97936101218185	-36.67098766213666
-81.14440990002879	23.885775633065496
12.72252055170661	-78.03643677081533
17.69176964137766	55.329312453066805
42.64166228536012	115.48411444725791
-68.29451392240895	28.13210977567728
-14.810084523300612	-31.665024350178978
-27.209116107310027	-66.26762451879512
104.19287409483199	59.97434748771869
-92.60237138460973	87.97214980942027
115.7904057674132	14.348743090598932
-42.0495666631258	-41.76963496844651
-103.20859845421421	88.1843172002433
-95.87842322779657	-93.71294257136354
64.32730446698905	71.94037456197536
-54.25473444068767	-100.1652854921913
-140.96841566527067	9.93932254784593
53.507666093608734	-85.17689920549397
14.088204038057238	-100.51484191188149
103.58022099028013	-25.127804764902557
-46.70051788621125	115.50267652916828
46.51506786753678	-56.76394577233649
25.489564288145285	-61.625711049123865
60.888238208441074	32.27436934454197
-79.72798019371967	-105.81830052941221
64.18922845282307	89.56574203439314
-54.74082086778394	-113.95758133912052
66.08863814837294	-32.48758885675207
62.18835635831949	111.9595195380996
21.707265063135353	58.936856427567946
-110.56887657121479	-8.763460562160065
46.38742936730937	133.58965242562087
-101.2274586529765	-107.14947464861173
-9.225330688001439	51.51612850056155
12.454287626181262	-127.26759706073942
-11.60329457339096	-86.86019727586807
-111.96347964689059	-76.52383178480417
-77.7490234998771	7.746127938007539
14.24672756862854	-53.64535646832074
108.77099823719303	26.338261838687362
-94.86091349950988	-25.82899733439864
81.95884880976284	-6.2684924467256256
-27.715708273474657	-48.36757338927096
115.63669447212943	53.703065900718606
-105.29047724444102	-22.432571578709297
7.65437699094878	120.50121371855093
27.486796190716557	-79.80601248943019
-125.30202562706283	82.07577404118484
57.405488782113245	-104.91801561227055
88.5911021334707	85.8506331558465
-2.8662882338548683	103.20559846852196
32.07524033422997	-145.22756247597357
9.62711370416593	49.35766231005789
-137.2925415362701	2.020099714075979
10.076521508815445	-141.7147093805254
77.25076267279111	90.0775328323384
72.20627707586982	113.96216569066996
-112.03665728626353	25.96253451409463
-52.591712973679925	-19.92226302630828
40.92721190499328	118.60521107685864
12.455768616913184	-73.82446515585201
-92.73334769514206	-96.13911376299315
-56.52046792511214	-83.15620262437596
-133.73082874202314	6.235901237971128
35.30887359994658	-55.288391756824446
98.66766700309941	96.57465337583196
-108.3291104448971	36.74047897864203
35.03984925228287	110.23025100643527
53.360797671138236	-98.60024527217857
48.7278993769318	-58.08627065840993
86.18819316250492	103.93533839180583
-34.59556894638911	46.70852272564223
-19.246996979792655	26.60304660683108
-48.2846380237063	105.12598446113148
-52.1638251960288	-11.536087150919974
-145.13809849015638	-1.7686251768711128
110.26826123264519	-52.71325713130089
-16.20904952860634	96.73383091466143
125.02791739180462	-49.05798050303207
-23.713682930447543	44.706866442562614
-46.53910574049262	28.46932069174055
-69.75909099889657	65.47298734467722
-40.31102749060344	-89.73684768655707
-28.330852215663853	46.151646070854696
-82.57546991425	-11.749186153385896
121.49325540088932	64.31242857365149
-0.7309686798633018	-112.62549002719804
-96.81070302850566	70.91805285946278
-23.074511150569013	-60.545734583340916
8.198798029907943	-128.44681553745724
-53.03259796363398	-79.98173104294146
25.785646753287025	-70.23734075213493
57.85845108035695	-36.97991059871867
-51.3320597335195	92.92028973768747
-76.77692259404803	85.1854382166221
-78.17973479587008	-1.7668837796937251
-3.4082946973219928	-139.10786577926342
59.381393250749	-94.14164383937695
-109.54885048028919	21.078991043290515
32.95782919047246	-73.38060873088209
-17.82450160511873	-94.68243566770437
14.222662954337052	63.08194638420314
35.17657098935991	-70.86476877382661
-78.83329697939088	-124.81349449690812
47.33145679528873	-99.82364852325726
126.51586210806146	65.29477089402123
-29.143977593810174	106.59194039560289
27.06019176206533	-27.59137858587529
-69.97030809916453	40.29087762079358
127.37420519455134	-18.882880465923044
-98.63067159287029	-109.57962938271837
-10.968631033450997	140.6260092539183
107.05147826689748	63.29525797104723
8.89108727644613	-33.97691427488289
-112.84360279331085	-90.34685207282367
96.53981491759993	20.711984705774164
51.632432486753686	123.48850051415766
43.67364629809125	84.60165795033319
119.92208212362873	-33.624824123024666
39.192001069982645	-21.346635116828427
105.2569231716228	47.68599244154755
-0.845270333338635	-86.31405942037209
-30.58976696416504	-37.79530216706072
-69.01361762875754	16.12083841595467
24.5155319125668	-101.21898703451592
-97.64371493900403	38.85002733839801
98.51656718866559	-65.83861218824406
57.51560046143088	14.05166807986251
39.6503995953143	-105.77515608035233
92.08199268745231	77.04644491109198
123.61533022674256	-83.46655646515383
-89.3322706334523	63.75088415125391
-118.21768054804939	-24.361655628735342
84.31209737180453	100.64982586066408
-31.41212447174182	-8.932320591534243
96.01846942936886	-112.36010978568045
-122.38896380931325	-33.84321766611222
-75.51772193248988	57.28446367858511
-83.4488570601177	81.56165168753121
1.5536578880634617	86.45693627531621
41.647956204084515	-140.95801132084063
-68.08530413350003	62.13549685759198
-78.33146296113944	46.49242588575714
-21.56208767543168	-16.96556921210224
56.564509029722984	-123.78709175871863
27.762583724612934	-108.40665914072967
-72.43071830509768	76.01472716339502
-17.925252523533892	-116.81515535842429
120.01831945487376	-88.75446806449878
144.21770996866906	-8.980558907890334
-99.11746068361943	-55.48119956867031
-136.40250236054226	22.07719485254721
75.91287234356408	122.04519393475114
11.727269082005552	-1.8333655363957497
33.293109387559575	112.89707446800452
50.7303733936972	18.551722198865757
-6.36188009298886	-131.4844335301136
13.770848528409534	-80.89663853320081
67.86366577104795	-24.320280673002202
113.43748358173515	-35.43108436915635
30.988092816602187	-145.75377378052707
-54.391430877564225	-2.3994082145254683
-87.38305098251732	102.60718985720723
112.4887175539905	8.407261303346406
-25.574084645182417	14.790690037038992
-31.988941524546796	-63.63600934428701
50.97106505561591	-107.12491085564555
-87.79444338581413	38.739383010716374
64.06160877404966	-47.42052334947254
58.92130339388679	52.675745792630984
25.19076017563433	73.43905112130936
