13.535519240391396	-68.47064978578759
-112.0558553397678	-31.522078366484497
-46.45595952390883	56.534326017368365
-86.56408912882858	-62.32166137377788
-20.80439046775256	-118.46327757908932
27.690330578157596	-84.12336299661932
69.07918571396971	-50.16048797344463
66.55321725951498	61.19638434388
-69.56869861070196	-86.64617826265005
36.86607210010474	-47.37176032174219
-9.648485194687005	-139.7234442075363
-38.75309847495766	40.010073877704926
147.9241345831385	4.79986652852406
123.34495102537178	-84.98389134693495
-87.70433221816062	-17.064307641439854
-81.12432183671837	87.79074892449678
12.951580414059308	-32.66333232874683
-50.81871136182868	95.78926534332587
103.06831216312456	34.18133634462034
-62.87163511674711	-54.72023472062382
-13.414962674502709	-11.980792083236812
-44.925087027666024	14.836624608594786
76.4018316378016	-76.68086761619074
45.07042223500857	86.93518140274564
35.27572954759942	-131.38733644784193
-132.31358096915235	53.68431815052859
55.9994094299889	109.580491217658
-86.41871883696476	-68.88918427895646
96.84842827442287	-96.08270722579705
60.861089714470616	44.37829466128504
1.126442507765879	-135.07204639916367
-13.341883856968861	-93.2770448420798
-38.57285827230777	-32.52342244192358
-76.42263695715161	-107.16665381947959
-3.2060529365688666	-76.50141189381385
-98.76427140146335	36.732789238293606
-115.54012149196389	25.78680297064352
122.51338192137938	-38.1719811265105
103.18593800399341	21.247567518242796
94.3919947292943	-39.064324858478
-18.127597402419116	-112.25255751385329
-132.41164877695277	44.19360107344658
-104.94692436676651	102.01885190579661
-113.71098772770758	-39.493229509974626
-9.537781216386954	-72.63710575087319
-38.24638006749193	132.8270842388
100.86146929148873	38.81026615214006
83.64174626965605	123.90334482570223
32.758707187103965	-58.757462487944096
21.931448457420274	60.04611150573948
105.6856409400819	-105.6255060536956
-31.104535347964568	137.048519906218
138.56206681356366	-57.139371053178756
-105.19622769529322	-11.024452749345562
-86.2547944765778	116.73893181319434
-141.40788286516496	-6.174849792224648
95.21751020824621	-80.73704993051038
10.439184891152582	-24.871910801035988
-72.45542708577767	111.23197889060123
-85.9346661237887	69.51264576196117
49.150114731207196	-4.7371309154668575
56.593597671586885	70.54142986353196
-38.95127872771515	12.189305309449452
25.335175351823572	-67.50867923241454
-111.47976921430029	65.84883292492401
39.824440813583564	21.518146179627927
-56.698035620459855	85.63064488021901
29.92325558269798	-60.63422417299351
-23.25116652617629	-13.929541959481842
-132.95638825816778	-6.843175018512218
95.49974903826764	4.572000186660149
-2.657360526026761	-46.278822750072514
23.423396978548002	-66.94794142931639
43.26905517986	89.77691979843861
-81.89312938736336	-40.58776820519685
68.05407300846608	-111.14488258067686
-75.22545100149691	-32.456651935655955
-58.91926004929202	36.39695610345304
71.5954271899148	71.42168739409833
15.730463928192446	-0.6276840278042578
-130.81441002157052	-59.62452676102699
6.323454008958048	128.27045759509852
8.99843169169028	-99.96913602046695
-128.26112294082427	55.57731330184882
-4.301252845300924	45.549648193367425
13.571037603827982	-55.97105116765101
90.18240164681416	-60.636081705176466
0.785392324046479	-41.06826950747072
12.699723098550951	-74.15151518698202
127.41864406570572	41.18554836375535
140.90193581485076	5.899810107128936
-100.32816088838379	-81.51185726103822
16.25052254212222	62.3437167342654
83.88086789410345	-82.74255394676688
111.17429050438976	35.20291179142448
-33.447698966039304	105.05897767732985
-25.885075969568614	38.273303803275944
-7.113696363269697	-72.16927943427696
26.732035229730993	-86.72220041189229
-120.06931548045277	62.565658676249775
44.108354661585366	80.22428658750773
-20.834806347023825	9.035533960077942
33.98638594445412	-45.71347729769043
85.61123281860107	79.56116028454309
43.02489642296648	28.862629894582483
107.14276757828989	-3.2221804979253257
-0.7732829963569054	138.91034148597262
14.65825161633112	-135.2197800088556
-96.7646492485584	12.698975071000241
9.095132547977958	-26.42315800923506
26.031257234838293	-74.61368686221616
89.19504535647764	87.14108544982102
35.00810984057035	-51.56818624336099
61.33236240971134	114.63517918018582
-14.774866153018792	27.578528796420834
1.092457769229112	5.886709972148368
-45.84348119688973	-92.55390831454488
67.33297057834719	-128.4590561677745
17.387595643929412	-99.74197269364339
6.127681973602695	31.48933367766274
-14.081040886669811	54.732347253337984
45.94018403374486	119.48795869678116
-28.810217252809007	-4.270219297136792
-114.14382075746794	-33.06185569040221
-133.62512312339234	-60.28907759931661
-138.93950851938743	5.08869857144314
48.33091046753412	-100.60217272354873
-32.528336094269	51.156190714533274
-84.10515363544265	54.797842050940545
-78.57266263039307	-74.92266330359955
-53.719525834282614	117.12758324385362
-92.81025680048788	106.71898549345404
-81.32166709960939	-99.21254097374593
-76.10983300842378	-35.21791044680231
-120.76535068201173	-13.59033829700509
126.01574929490526	65.93161682993231
-60.69860719007771	-129.99066155306284
62.683017984838074	-78.32282976386001
140.92418356300485	-30.433235494451623
92.24068197646416	-87.55534014491526
88.88012474935763	47.7955601029926
81.16076275664676	-15.607718152393764
119.23125103667658	76.38732545673125
7.95159718802505	-141.03103708147322
67.59793094702047	34.84679491851687
45.74643434791683	34.31775182452623
7.097791718688904	116.5275136350913
-117.27432562882707	-7.8929045369259
-25.637427930130013	52.772908942350576
-14.10723506229135	-135.46791720481872
-3.791018023218187	-111.25715992274823
-115.37629877923557	-57.67992517074687
-54.23176506440009	138.24843274593596
92.78532781708437	49.92676158539913
-96.14905070578762	-84.25103408739888
113.02617279679293	37.71036112361379
-92.91557619142756	11.72783612686816
-99.16160463839904	29.27701098690009
91.23317447511764	-48.20719708656923
10.680554204954081	-40.42690492850202
34.661333200844254	-99.88860105587968
139.60178236795542	21.066279545428905
-0.46176992589255816	-139.9061510425478
-3.9586538204475015	20.75477810862949
-21.99141875397559	114.38894429478495
48.08784204508583	24.2970394764196
118.87310831489796	76.67114180604095
-39.67122221997924	40.571671336911635
147.61934795745418	-8.099980446481604
-84.68405495082213	117.67897116692006
78.39770261414377	45.992558338729694
-49.1102938430823	-16.559901862480135
9.140391109472807	-53.24900888700093
-7.675128242727219	-145.39305665951917
108.34451822014583	-70.42390378002405
-138.7947416710565	-13.989610695382146
26.84447870604142	-37.29153479263879
142.9500550796405	32.118566380012155
93.79798742466889	-63.54212991501589
35.68177588098788	127.16966771878404
89.49200056385848	96.19793089625611
114.14681452948926	-88.6464938644465
51.42656688533247	25.266611031222958
-112.50598605421104	-89.69330791994132
-135.754440244522	-38.542133659505815
123.89676656657552	11.473109542235083
-3.8322468093841517	-93.94641535665558
-45.68074676030611	89.03610805827954
44.05970928377759	12.244070268175562
111.01063478174922	68.37300712559298
-21.436394932770646	96.4901014054862
-51.81873226405491	-81.05572341993135
-8.220125355455854	-93.55271752191095
53.86451405178052	-42.24663547762928
-134.48359079039923	-40.5479992759069
-109.41120877053186	69.606684881937
87.32196930099	-82.31422502526253
-111.88105900790246	94.8374295951557
-133.69832802112032	19.31179988082323
-67.04327774179441	45.382166378883824
