132.18367156731387	67.62557206734994
-50.0108010779962	63.944354280078656
-75.8927534240165	82.46774390612649
-53.81998323830324	-136.43287029049682
68.41352821835991	102.95588803914153
92.39601577641888	84.47137216115394
-79.83560644096255	14.502865819892259
-31.51719286214933	-40.7406153295387
-14.665625320222448	40.54409250871508
41.69492435808076	-43.3214813454826
-80.05691230754441	85.70429568226258
8.988352221073425	-74.84312581392551
77.93334522522295	-116.23813445204287
119.86803785895233	-7.911281202487281
-22.138664480636525	147.47428171095774
-74.88531030265639	-37.71790142063518
-11.956122592359662	148.65711148874973
-19.023037342887324	54.92693235317812
26.004389914180166	88.57621628754785
-134.46010845955828	22.20165645668905
-88.95473557888835	27.897265933998447
71.03136757197824	-122.75482702359854
-19.658969986814338	44.084520326678444
-46.493577285987996	23.696975647181176
95.84005031748698	-71.17169349467285
-56.82945994661551	33.14046911382536
101.61025553074458	77.43672649589904
-58.91914546188759	-23.084377642814804
68.1975086672255	61.06509514251753
-5.8381088988221395	-32.215379851630715
-147.94376738072728	-22.516983957197372
24.636425544886023	117.04496779287247
77.14599739026566	-6.4265041546123545
-23.29657888415007	20.169910406807613
64.34434097093533	-74.80679461879369
66.25680375587996	-26.31765041510172
50.77157039514596	122.99906325403789
-32.05603461074969	-87.89803135251566
-126.36299741490622	0.1766190856002129
86.68130730521625	11.207774840346461
57.902706718015445	-25.385825174412293
30.7838148906273	-116.46674793069805
-32.583438339203525	-55.579651426131
2.0115513126064237	46.06519001488828
78.39364571913808	-25.424858429713222
42.6027493643714	-78.19483173633965
60.945036600977005	80.55128662346152
-131.3860024348187	-32.67191795941927
111.35026915317357	-95.4517175425703
111.08836343496057	38.81285502997473
67.75888557060162	-54.71592986798893
-14.645978674601052	133.06377242948008
93.09200675117513	-89.12085454813175
146.99875867287824	14.708964969535334
89.12060960336949	89.10385747909038
116.92497510812294	12.904295725157729
37.35129538107356	114.23061941813529
-113.28493445007408	98.00777625561028
-121.65917991524836	-68.2456898962248
-35.81076929439248	140.75438965890396
71.88480346687054	-118.19066810599082
-49.34616061575768	131.162741708464
-128.5239255259177	65.50357062895976
-58.31152742177992	-121.81018394085422
-24.196833947130056	25.63447373230421
-3.5375138440246388	-70.00309960162515
-80.73358849732816	97.33821951007002
-68.49399289434373	123.17022412510427
-135.15594322529327	-22.077437475664166
-36.007206227996924	-1.7308471733338389
141.099834893918	16.58600421147539
78.4385232082394	-121.0473507334786
46.23231324963739	-41.40335991292606
17.332088737860747	-12.977190414886152
-56.86289254902845	-61.00170271508049
97.01686706672648	-6.527587362128728
94.21202796193374	-74.47425480402289
-39.832946490743986	38.53839514462993
-106.50340040156902	-30.142144851586735
-87.96054092036826	-111.72552026170331
-84.2900799884809	-90.17069601342115
29.70095571721303	-81.3978458103332
-27.21939023667851	-97.14967108418703
-108.2304333528102	66.46094116484228
30.33638338139514	-98.98383621543003
-23.47819275976698	-106.63261692729145
101.16091337172156	-73.0615993501347
-99.1167673230254	-73.01998665101983
102.91098697117344	-22.583756229773336
96.55022409680761	-79.08135274432605
-123.49966479212559	26.305248627789805
101.85052529183591	-74.36480034801147
125.19421076925984	49.85582409524031
71.9918340602371	64.43057132643057
-1.6307821784135939	70.62266285268595
78.13963831797516	75.4811959879113
-7.590997892063919	-147.12047176616832
-113.21215373478827	93.77813407241796
-141.18580161051582	-46.72096207309875
-26.663363270184597	13.826058361882708
-72.38627176292798	-38.02713069989681
-95.97997010935099	106.42716637461164
-39.34583805444577	-140.8425423250948
-42.95150767123868	-133.77999324197637
39.57965308839372	-4.4143838826546595
-22.3440047128266	62.31984945379746
66.2172804071738	-75.69912428721796
2.531143397659008	142.80204746219533
-71.63262619995321	-115.74737338450221
35.82620499145722	23.043303512014614
-113.25957114654364	-78.18757043043108
77.01904429757485	-1.6835394461829556
7.013382900180501	-41.24448130974406
-125.36719026680724	-12.378342243908072
-59.033574955987895	45.58472819458352
55.83338522055419	49.83910336358978
-37.214158262743474	131.9184300120252
-126.64605976953284	26.93034815431101
33.394540149493636	113.27721458421816
126.97356913661028	-67.37633598623218
101.5334555762094	-58.20743794768297
-126.52888053009985	-66.58265537594608
-27.92411725121478	-70.29704291631947
8.289510101895761	52.80959033474102
54.30345986836417	-87.70055144651938
-93.46664794179031	78.00650919485021
-45.209108264249615	-62.856040414336476
57.1147551771545	113.58544740140192
126.02782923873228	-42.09480399855586
-90.61363160342401	-89.38259219667304
-80.67201923063477	95.588472822411
-10.217678365277099	-23.68636309117291
103.94452798444038	87.15740574217385
-61.96137506146078	-129.76501995925787
-84.01218557089477	77.14303076478001
77.2672183452498	60.177476235742326
-94.34638327578332	7.23129857443032
138.72339805850854	7.3006031489965535
34.76694893236971	-115.34937084066544
125.49662809241184	69.4283893577277
22.204722064695257	0.39741304362025104
90.1778522370977	4.901778276941091
24.291234435929205	-59.50497919861178
-91.13781401708621	-9.291045162552754
96.36896463757874	57.169153103459344
87.56734231304694	99.73629730937994
-10.18720780994559	104.57235036724543
-41.62569096105179	-44.163344966719905
26.74658005242252	-75.07705717332551
-27.970881491960945	-129.998708853449
-9.712248187867944	-127.93010383087497
84.34620022206637	-63.73457272457159
50.745345479336414	104.86085769610372
17.651249339671974	-133.56705793631141
47.38214844828183	135.60841901624104
-13.243558680112779	86.13963801471881
-103.61989733120834	19.999264385901736
-45.138006185720016	41.84578369931848
-62.91482225977096	80.72407914563652
7.146792153204357	41.02378163623389
-49.90016953901666	5.102272693176835
112.79613548880988	76.13724878245587
-21.6400898404098	114.29378165317961
48.6056895355156	-95.2838321264472
59.348188104456284	-15.593088801176599
34.15296557308597	-64.01541339329783
-71.2500304362085	60.57989132368396
12.061545293149205	-36.65713362328483
-122.56083696425564	-7.943183383862944
-45.6108543527652	99.64650561706168
-95.7749977222024	-110.4156226783261
38.42221099179057	131.8385012239434
-6.672183393858053	-149.32399976192204
13.941336860749075	-12.243866220497182
-2.727363098796649	68.61040542078952
9.99914690885773	-96.2330632500518
-131.56182076492718	70.03516037763659
-124.92731228619776	10.475260343822839
-1.8448564785023682	-109.69582119377462
65.16240903682602	-48.957989859123764
-22.850709758333334	123.9234653833661
-91.78241447653156	48.80326532553674
-75.00915010541888	97.59150984876813
-61.014435107718825	116.43815024645852
-40.81821638637222	30.831958523249085
-96.77348804542737	-70.23363249863394
-56.35261312325221	20.33483523643762
-68.70512741723826	-53.912301145438086
-131.90634393136142	54.71385594962678
-55.376359526741886	40.77116125732353
-134.38585529659971	-46.316361751901894
4.443345734948125	-105.34030253718146
-8.1942283965834	100.49848648873805
83.78606590956417	113.02433909072441
34.85319079454294	-35.728601165856794
-27.66123929128184	-43.36546661576305
-66.69474584084408	124.54575522229916
10.275115851191599	-30.829193713348054
-61.932079254634516	-28.265176940172157
-46.168351640489455	81.01757514008573
