65.80606750149094	-15.361308614738103
19.984778029307332	-16.229683285423217
114.62267720952582	35.00781638354472
-54.44659129424022	19.768554745744535
-61.50021722413003	-61.50732372705734
-20.566736640836208	-106.86001712107372
-34.58943428813402	-77.36944411132905
-92.85866057790751	27.99823953705857
-108.84945590975529	60.75856328483728
-1.8723684446888997	59.92007290642607
-24.150359483441758	109.67642436198179
27.180707981940888	-44.599449855533926
20.64324515816071	-57.90192780510135
9.186193186310849	97.55579730720596
-22.38637698221746	-22.069662176748302
64.7311428114236	73.14596362517544
-51.35400179543058	39.20196115293743
69.62275500210345	83.8171725529083
136.85913864193688	-53.40819302448026
-50.70092607010641	-68.5155856644964
-48.13913506547745	87.37000974057098
-18.720565815035496	116.69678202424535
19.503129053015332	-115.80496572919758
98.75593489901367	34.25188689211843
66.31172311347744	11.018966369752599
-89.61323258097578	-68.6634315956609
-83.48369895300232	-68.84610650516508
-41.56609537205103	-79.75267118905873
42.86496406266118	47.54222487579151
16.44522809841026	-71.12766752000546
27.758622329374695	-54.83212211624172
-52.74168998647443	-116.53527522563775
-116.45046542359387	80.42565720255284
106.62216597868401	-12.665071366765925
-93.97834639963204	97.54307837668743
53.36069499291895	-97.9564370729641
46.81119255683542	-74.16544401449185
14.41660381987802	57.85765534316938
128.48574651166498	-73.64701384448817
-42.782401450094845	-139.93654466254677
-0.6825969361281442	-58.26512821461334
119.28485078176472	-51.71885443190449
-112.93900020159238	75.09700681187815
60.467307683369015	122.93559927488938
73.97534420262562	-94.97541417364035
15.16039640592864	-121.20286231540753
-63.228745983225544	-50.03610768156561
60.78122411025419	-115.32335635525972
-29.77696985913328	-90.00025091262414
130.12600113939556	19.949979867624375
8.856478320477487	114.01888296565966
-73.4026596235085	-78.37479000089112
-7.990611575868426	-113.40536362618447
-7.455195211507717	140.44168464885522
55.93521323135765	22.13431094988577
138.17353213863885	31.278072423366545
-12.140367674177494	109.23763386094208
-80.27966354440115	-61.57933737161042
10.008382506794653	-93.51238939622841
-82.92727514774974	103.10182468824385
-24.221752658097238	31.291048286225816
104.98788504430168	-61.909797128819655
143.6098468422981	25.118304618596376
83.30306051080596	81.1623890799711
-71.54829515337671	-55.577364150673475
135.64378967163793	-29.551310201627015
18.444929872666254	35.14899613339407
16.916018608445345	135.16014402753595
-115.61903538587693	57.08348797641445
-5.406946382711981	-22.612066720855246
-16.781648425831342	84.79903713571086
-120.12597153874681	-19.213689272098346
-45.71894091090103	-7.330512441580519
-73.43489617288121	-14.620391611927344
-3.4121059969863063	-119.56582318449486
-25.853146547094763	58.50401359179464
-26.64750272623005	27.5210963854206
41.298274045565556	-133.17268019946266
4.52504318588051	84.46371878879438
-29.50809834913143	-38.57986475975762
63.09541361777071	-19.929939312127978
-37.865570517130934	-20.46756495087848
43.80247871307092	-141.59124239767033
42.650028305321946	-38.51366770893891
-7.673096442539138	-96.80302177755962
29.196412291579193	19.075580668153286
4.114761017921332	83.12705399116652
-104.20096098155722	-104.46610430943652
26.36450053793459	-62.205297816553205
87.64955670104452	19.711138410883006
100.67766579014263	-65.25164283450802
-119.9033206490711	-4.247727524069688
-121.40622766429337	-15.379570329087345
-110.58124662046153	-14.281484028409468
35.98730400497772	-116.75681739021638
60.43089294325333	114.00201277526264
-40.10000809903717	66.60810861514355
-84.30742877836543	-16.570054044296874
-2.44254400815112	30.880498468429998
-18.416956481820886	17.347858053033892
-77.22880324302362	-118.50835936871682
131.39908340259888	30.12675142934061
-78.76879464419574	59.20732892568969
85.04795703166131	13.890364828502065
-5.489745763662564	26.37121830077162
56.15967903957854	-9.766987516744566
52.551171682498136	51.85372651187908
115.74104850535981	-21.71877262352602
-52.54494859185829	-66.31437878056079
129.33933982069277	54.008220103462904
9.786876770600305	9.903275129868685
-139.1530357343109	21.548583983267143
-34.07254178623401	-2.946703737602416
-85.48621741368679	-65.51553450192425
-18.53609237020522	133.18052483892922
6.712757574328745	-126.22570838842897
146.57218477252442	2.4973480484105557
-3.782829404929105	99.77540581482842
8.63568077380081	121.44784804480193
78.7779851492646	66.68793949336654
-64.56221421544564	99.3512248571959
4.584886334553515	-37.489803888904866
10.694257670513709	127.80889899636203
-100.33115928650635	81.52535575114779
-54.8606650949609	88.14750013169089
-58.876356225552904	-47.97597554595425
-50.28147689891809	-8.267544238268922
-69.95695292998843	90.00179494840873
-24.21550319697079	-128.1740923047235
40.12615918287701	84.90247073427804
93.87573530559494	115.47529630591484
-55.49616642266075	-10.036049008387181
28.953572543772232	76.8380109126772
-13.344796770928124	90.29595193068995
-29.354475823214624	118.08365332821089
-16.840830119207652	12.265422178819573
85.35598330311633	-69.85930678682108
-53.49333811785097	108.17809819478043
-127.54096793780054	16.553338306370875
-64.12142793560466	-66.2461295648004
139.7959356809932	-25.553105067988575
59.07859313793935	35.09401301103684
112.0006741825501	18.64985643333631
-101.64842743782111	-22.05622841929226
41.87972084335185	141.42694570603646
10.984214135640475	79.0786118402437
54.405518407982235	-75.6849470005195
-124.28223568871897	-15.72038873645055
86.39685826244407	90.54286936231166
14.440891705443777	-28.356486013495598
13.343449761834634	85.17420927816976
49.33909024759885	-49.949212877432004
106.9646911856297	-96.14481260205854
-129.7083473850909	31.40500055238721
-87.81802896177308	111.75002673135988
18.970740386683488	-73.40874626219451
80.60531242901513	-28.165848075840483
83.77924157902997	5.507085325450344
-64.43247237763792	119.27556647965271
103.85377006945271	-107.78121202929253
-30.9445208907077	-31.305702412297457
-23.81458141882555	61.403149756863485
-4.65171238911818	129.1274250970254
75.76062709656665	14.712772635226337
89.60508006190723	-84.40403996048255
-22.365973930908805	74.70042843095723
-105.41813201039929	6.462272250463558
1.1606777878318524	98.54310521242003
-13.82842606868518	-104.2476618461037
-66.48016950529855	67.50201417467144
82.39363354408522	-2.9990309541477216
142.17903958831664	21.647550634283416
33.8951797325604	-28.598180870210808
-81.81967046274431	93.8858364398082
97.68414847421998	94.76359025861528
-1.4892342850929658	-134.9087249038173
-141.99776382308588	36.92488908434343
35.484940131067496	-27.18354545287147
-24.883785338898576	-131.66068727406432
66.13964859892074	-44.700333181553994
46.49783119085344	104.01329233912391
136.4948519943237	60.86869619847036
36.934290084371355	-48.57543040599348
140.65090382809703	27.99465258802951
71.37588185071536	-120.05204839911791
48.666212159874235	-122.44021116990199
-4.416221058507421	-145.21975005012138
59.31842878358979	-96.8697225361992
95.36480809019088	-27.147182879645992
-112.48392223138093	-69.74178816475954
125.5351763532223	-47.234243949035786
-11.650859684837908	-25.023763615073463
-145.61266431224695	6.504469253452628
-65.32387920075209	6.999975413393669
-118.70930278400766	-41.64279605757319
76.4692097494204	-40.55796202135067
-137.75572594439367	2.319029768516536
0.03321665742473485	86.40070883563239
110.07127527335955	41.80067420855704
111.93580457162815	55.02489595094415
