6.967680270313353	98.77801094246949
-10.250213068937095	125.56343283561279
-15.674954234603204	64.89835176725582
110.29621284993895	65.32477518245686
71.96863306978626	45.49081330953715
28.608119398533237	-120.22633282589466
52.544689239271925	91.73502474912284
-37.14527480319586	51.543088684319954
-91.83156302776412	80.65114390743162
-119.12260183330007	-21.202048492248856
-5.683015946005152	65.86314457723363
-73.21634520238347	14.901268543733938
-82.80715682485221	-14.364474812939086
38.92765779810233	142.19892978926393
20.260168154443708	43.948370894166324
-73.26364504137915	56.18232789079401
121.29880784525963	-35.77167441184756
-106.12734455157272	8.175150108974762
36.98890303175587	103.46693028223379
-21.95740961439825	88.75830468910708
-15.221741546916753	132.9615978392409
85.08862451286959	66.49114713457955
49.661882583663484	113.77497594615949
49.64736980499253	128.9182846574535
-87.57599381607463	52.037087483672664
-58.48031601550968	118.53110142766559
-46.07409133830892	77.03213442671492
35.55436680158606	137.01366947217574
45.72193862345195	79.93452322112222
-5.029709539261794	109.01101369268318
-22.69787814175645	102.39550904924032
-69.83499953552503	102.68936582492722
-32.35812562698283	78.26642208111089
-104.68574759866893	-0.8422244398686184
88.714657876099	-106.4125540683271
58.54336554224335	96.33602962279804
18.104992613097956	16.942525038011922
92.53056282687395	116.5886198716179
137.7594455249785	1.1372378775882603
-10.195337011689706	111.17830396458238
-26.376895255680676	69.58446353241762
22.329762945284294	-140.91511494809458
-76.22021567372884	43.814256264527266
-4.612574974514651	-117.14125040469314
-75.44320892737414	-100.9493124603102
-9.271202320090712	145.94957540899472
104.77333081811253	11.62156781185548
30.66270049273132	-131.93171186348192
-95.1769127850709	28.049566638759142
46.79800415202139	18.403989321074146
-82.11638589089269	41.313970233604785
-55.99100251098654	68.2448948829851
-41.93965062981915	141.16790260270122
-1.90999681832728	86.50663913477541
36.01725527577852	92.06556251066614
-22.556885688946338	74.83352451169938
24.45762053884484	37.45243752770883
-92.68570217575878	-5.178730782391718
-41.97743140709952	-98.79924140499197
20.337438876203738	-88.25665427581272
-39.79548910087172	95.84120531518579
-12.31012365904027	123.81757143526346
55.15602547652499	-71.4089546426176
133.86665161884687	29.495645565443624
-17.85314538789742	69.1009279147417
-63.53466882767799	90.94092490423274
-57.89511144771109	114.34079713840799
-41.32727322850335	80.60517413489173
-47.08174050322713	96.40340039703477
-34.48321964468777	60.64109047876421
-99.45661993669987	72.72794174701419
-45.52031578418675	93.702747839957
-83.81443162835755	41.66268247285911
-107.90097772302533	50.96417232447636
-9.76720419053285	93.28254447136455
50.813683334513485	98.73843015488714
-46.76629890742242	136.81382876580903
-89.09769918311035	36.55019373326621
16.03144430466091	99.3862670762756
50.79240688563335	58.9311731424283
97.31222373604012	-70.6525745859969
-23.485411498110984	113.71674771204022
-23.049662369188486	115.43312935646614
-15.836144215197637	130.86074323395263
-83.56371386369446	85.77979627842936
-97.86408539214787	20.000984621229673
40.034887576728444	101.82630327892953
-29.366459865652914	94.19970746271392
-28.439109968157407	52.39079621759462
25.400703055865502	39.029620787638024
-22.012240151488157	148.02165355277415
22.69212005159099	141.74445821376548
73.82667254194762	16.11219186555033
52.140975747827184	132.7466015427088
44.80729648106831	100.49047691196245
13.490634479737869	-133.7889038238588
-67.16719083774963	59.9029484267861
47.14523561177967	135.1804078513565
37.92643611149692	-22.626775631139118
-39.66756255544395	84.13179430287937
-49.02500957206951	45.96566008493089
-50.98003130563447	-36.459853209628065
55.30717228751889	-74.20411221608829
-6.268528373610265	121.94955699037521
-36.99273715131214	83.88096889659658
10.748375950028242	-124.34356802946756
-54.18685639973648	58.4372108536684
-9.39149742803241	-116.48649035887101
-57.92960342680715	82.66512113776916
103.20749565448925	14.89445241246031
19.84147067464133	123.44266443315912
-79.75926828218788	63.280037272691054
-66.50493133267001	129.87818101187025
118.06785891387331	84.79956422293047
-2.734409826053861	-50.880054926404284
-76.41387023898116	68.07404982912549
-12.61490106880671	104.04989537868717
82.39160141374524	26.65897812196759
120.11752553658874	84.22222482896852
-73.85654476720546	-6.1495678512235115
59.47027507267113	49.6801567813871
47.5095191730828	-74.37692196103167
-62.59388589108651	33.89064342188331
22.732185305868917	67.34656145152407
-82.54684842921735	-70.74545989541436
96.29455327325093	69.27504140511942
-48.948117293265206	40.45100698076725
75.64850884441707	-111.87986159262982
-23.551529719777303	23.32911978256638
35.310618120649984	102.47244161183751
125.55565721530238	60.242308947338145
-16.039817724163974	111.53661220312965
39.22738294088085	144.40178165560945
-85.88465107263342	86.48540827337989
-8.342994281272649	113.84019341157038
56.87488413054597	122.05790827135834
129.77625765411804	70.31132036317975
52.11154910870503	137.04530155547167
7.568665478963052	101.18626235473702
-73.36474701053397	71.49143282520974
38.34165577248222	30.432559627670468
28.77938941024421	108.52211564398706
56.48817634749514	19.641169920244444
-34.568028253715255	85.36863688388961
-57.48575045666107	107.7142071318828
-16.133912211231067	63.5250113869167
-28.23301990052839	118.46031762993383
53.43880363610281	84.31026618335076
-82.7726403059708	31.15227775189783
-72.79400683232261	-53.51217232901482
-134.51121298205925	40.40168459657468
70.40233847898813	91.21211932422483
-13.039900799581655	117.06422417282796
-17.821850149575724	36.42123059472654
18.78857388650246	117.8927708842229
137.72732957319243	-51.996156785382084
28.642190960700926	-88.59295332913331
-9.05331244577194	60.57043492739214
-24.005021932928095	93.11798126865676
38.55988336287728	129.2787315820132
124.1707381538101	75.78903264114399
-36.01112630789614	-101.87995741417727
-66.496691413945	74.63680437242922
-44.0717940560983	78.72553353501138
-39.88199713712622	127.71361425008979
-50.487387265855226	91.25635018856619
35.211128785328995	-65.68041495788223
-29.307302346691607	85.7199601904297
-18.46160413835292	135.1702420839745
126.2728552564244	78.69106632337306
79.2276456883587	-104.63896972824017
-9.958139998373573	141.9883722128036
14.777345676646656	-122.77111373093227
117.22264175024654	87.84857798513634
16.73502575479759	-64.5933371441309
-75.60047437820586	79.52996392580394
-86.56542857274526	44.04576482740208
-61.714548945645696	116.64407937407556
0.8620226242172264	67.67021354555702
-89.27950608972334	20.3579311520356
-58.72770487080762	102.32991452719023
62.80620945065915	-85.43285219670408
-32.73573198966225	56.82961959689838
-0.18921581535864157	90.77834804255477
-39.85247112119074	86.19909021744242
90.07020955229065	20.914209409937758
-19.13260989696172	106.03472695747688
27.098256396704315	82.39852849579556
89.43461594179196	94.54452714279914
5.61566703515928	87.53166561280511
15.054809242489323	53.87847652754181
-19.576866723172746	95.83426339000052
19.977949922791993	-12.401720966825556
-45.165241766937626	62.7916419298084
-106.51222544741631	61.93996398481322
-12.69303640823162	92.64916046590335
-123.54194897103818	47.56565369886836
1.8622116205461354	75.69002911483817
28.34480002878609	136.83855210535808
-27.54994859422357	61.702641342163346
