-8.937023134668285	96.69729243255476
-69.45799030436417	40.251589215219845
-110.81064206987436	63.1282492902669
137.1651730575559	-54.970925926244874
-117.76993400623755	10.692419048900668
-10.662071338509069	57.30259461383524
85.62848756855911	108.68262140589462
58.64690140648086	137.38328506033668
-50.04300853879731	57.39703458862016
63.23526329967407	-74.08507183258574
51.19479241308394	57.765809602721454
16.503180018282553	76.17873395717201
89.96743017408808	58.10549546746193
22.533123740097466	103.93984127399452
-42.47038984638271	97.79827967612566
-32.449705434014724	48.3317288013093
-7.089802094232206	-73.03044232579107
-84.7496806779703	-39.35719124891477
44.247615689609226	118.39820512090925
-1.4634398924964278	104.85187460506971
-8.45626143618293	146.18389101228937
-10.682729630768963	73.73666514903434
126.31130084639196	19.62657519051054
97.37842330236691	72.79356336522304
62.621987981301544	-91.17588551483172
4.181335659111293	24.191432884137825
97.38417372951672	48.8632108724967
100.80507395254163	-79.34943449433734
45.92542655927067	67.38030003233324
-95.57113940199716	70.06985508197988
-123.79597247825824	16.30650734497767
8.850347576454796	96.16906331939833
107.96828793177757	-21.415370459022892
8.751566303838434	84.9928997724311
137.74012161326846	57.256964000217465
106.78820081648756	-91.35397603019432
-1.601027765266268	95.84915571311613
-90.45293855870186	54.76013163245414
4.60559572982738	72.90610485013188
-84.39581041956268	90.73373765571412
-16.170091891446184	60.106675196675965
-31.695154831126956	89.27121810870331
82.42845302065743	47.797347026706625
-46.334970699775454	115.4716685118231
7.2815861431732225	132.0743795652423
-57.77458490517957	83.67942976296915
-60.14689209247545	108.31220808829865
-41.74589400840138	92.90095406722759
-38.48850202199868	-88.97154303827155
-76.50159970822159	112.37801949388981
5.726460026944842	119.11373270988318
-91.58336692693014	43.607129202164764
16.28055336277717	56.697370419138366
95.38723320743472	111.67612372444783
-105.44225511448084	-13.721160484178567
5.067950787560999	90.71955455395349
-90.44735278756826	8.792894424665786
-35.46302690935319	57.02311776327967
65.0876117380641	-72.58966962902939
-0.25175526771050544	109.04200279592263
16.130888328748796	141.16544345691125
15.787119688435846	98.56868604417839
4.8131653926275675	96.84985955918161
-35.97394139114727	57.07489878081568
-85.04873725434807	33.02619535138811
38.49927864214983	103.63734840676594
81.34319726301295	-34.24025806596091
-41.51075947028251	72.50199628002368
-130.8472848112203	31.61265683947501
-11.285586641392369	128.00914037832635
-24.135626504781655	114.8904764971275
-35.16631863815147	72.09458938385764
123.28454108080132	-78.59612439959709
59.25283704418656	-128.8810656628634
-98.41040028652311	-10.459974622122253
24.239753161527947	-21.955619482846142
-37.60573888987367	113.81613871459078
79.45488744625332	54.62187549093033
20.355708102897886	-79.04113781091257
-45.17947738474051	124.28981873511333
-39.35097196520681	66.22017882990751
-117.63080604020715	-28.77386355407582
49.16078078879608	65.36900817705263
35.6425832881343	110.70235011978158
12.094528906287907	73.97281389360816
-26.92978635972277	105.26515463617743
-35.699304158676384	71.02921038517437
-54.6639861541953	118.60183271756459
-84.22968925466338	111.29639763652705
-19.779897974712334	38.86752243769239
35.366019710330065	97.00963980935431
69.36905012341462	-23.69407218050845
-11.918193915413491	128.13708212517238
21.823967015894365	-132.3342391196736
34.17951106071277	113.81053430171379
-40.55938141346782	99.18515130293875
2.329583954396095	35.73015904110604
45.58770031952812	18.299274200270784
-48.94867080238089	99.22000941579718
-44.68720637290627	102.62085148850676
27.621383001557383	134.50768868464442
40.48707451513847	-72.41323578415113
-25.328814941209977	99.58337365290379
10.08005365447211	112.17771699744195
-51.57873517636269	106.12410739406626
-75.06630269596083	67.54708492612345
107.4140150179854	84.25596579003341
76.33953581459524	-43.460305262310676
19.89298714093875	-86.40934910744213
-77.28863926726174	-94.78974673376491
22.866381834158584	-83.76385323076515
-28.405601631386624	64.86730419477438
-16.20572870868708	-137.26305785996334
-16.299911867756823	116.41378895849016
-9.260418735673902	64.83182513830954
54.03173604740322	92.18345568914602
-27.888765621163234	96.29464313215301
-50.37324035281935	59.73867611071584
15.005224834755088	92.24967356642416
129.91714945300026	38.46496190690507
-83.33692546927021	71.7891789341995
-60.5881795987417	78.04040808671692
56.17525890714049	66.11980232166474
-78.72994897385959	121.88802143884938
-99.2816096213755	66.86942796833382
21.54581544697001	50.52060308473134
-1.1298479918091187	-67.58702727614339
122.62630605819787	26.559619932563596
14.387470292064545	14.445881470033886
-81.50137251455247	-57.48261521308427
38.77290418539998	-89.46621579243781
-46.400695569389896	118.85873145963765
109.514648619119	1.148157186380671
5.6359028989428746	78.78705016686227
-29.99670724013156	-115.16458595389898
-30.195348954580318	69.63231644134252
-97.29223367836292	-64.3867777347531
-42.549576807168854	95.73663270375211
-4.716786436916589	120.83799009884338
29.875914784481814	54.302522241470314
-29.790396930775533	46.78742852604788
-44.53011377977453	-99.74707655046164
66.63772136110592	-88.95091505747934
-66.35569534812038	86.77548402483025
103.50449884196561	-18.61497160312745
71.62250972542475	92.58761013405801
143.950419426668	-25.735092798949008
-11.299402419428379	124.86017371430866
-7.655471514208558	72.4381633939842
-5.619130167503091	45.25102417178402
79.3002647599002	109.74228905099743
-50.44007016329655	78.0073321781797
-40.85312426992639	131.8340294351952
8.552056771403764	141.5653476327423
103.36503337853385	68.01263289368474
-25.49298763728316	55.9441450689558
-22.674632780324345	90.1922668272581
-14.304985848491093	-115.88622941703703
126.62992425701174	14.602066350753427
42.80512956797112	-55.12747761159898
-42.01691307017931	41.45409688400707
100.01745666614386	-6.8699110619420445
-79.68134577796494	68.93917613758418
-50.7297638053502	139.91716174036182
82.99238263951125	109.02795917160445
-43.46186077423374	22.192936414458796
-9.51195275372936	47.064858797441474
-81.59128836068314	88.96395712916797
-75.87769945660962	0.3336243341092758
-76.8272462285985	50.62536715569665
-34.51352632527432	71.45959443004686
-2.8804797952646157	144.19481010031342
51.753445181181945	99.6595492960302
142.60287815798728	3.7148509819127367
-57.617303730174584	-131.2191731534665
-16.50221872618929	106.8562131708839
11.219369187077868	-112.81269006185335
-11.369577076335135	108.76863733912512
130.14637340002366	-46.99613836633975
-9.403424139795375	57.79989063667297
-27.43921252708341	100.39503121298709
13.422489270375825	81.51760179813591
-3.193298195932988	106.0308856036759
-75.7723803505492	-21.764046476993165
-5.416266360432694	85.79264850732642
85.47415922699808	-85.45037976650899
132.200925458115	2.2645803747909556
136.41057549786944	18.74622057149008
28.19129919160227	138.47987684077512
-70.76138479694033	37.01048841266714
6.07546005511797	76.82360303522208
-72.15830235700815	-3.895913912637913
-59.88079104252682	-23.907397955135018
-33.29740575150954	-41.488684705429186
-135.31993532973894	-50.867275780491205
-45.4854663657779	-125.04853091089996
-92.57214247130506	-67.710113642864
-1.5042237333270776	52.8807393725996
-72.67719030284391	37.5828491060317
-12.470906643165774	85.40593683005467
