-23.785378447312528	10.699428602154592
3.0401368051625512	115.68718645832556
-63.176219116397554	14.755972704562643
-67.23177946733608	70.40844465039503
5.883398816977895	95.8985739633178
61.58403949181252	123.25265695112057
-17.770539675236748	69.86005531947622
-102.05215830373811	62.140528694072025
-44.84070729846109	-35.99752535884187
64.81161341476691	126.74021922034761
-89.7112639961122	-95.13101049490835
-86.8848397075044	51.098590690182135
14.700132128470637	49.41553122505711
-88.24310974009136	99.60763824844784
-20.843704514161395	54.62939493433568
15.461557577109104	109.67139181891804
74.81841088482459	-116.49426476353766
-56.509619467041816	105.5898853800854
-38.23815304325415	88.30160770885128
-83.58972271519706	77.79578981409051
80.91082746867355	122.92302056355948
-17.575306789919228	91.62579276013525
15.831760882446499	83.85075617429199
104.81410232815541	106.56434046844485
-33.17533913333305	114.27691151459939
103.48406717097929	102.01339418640232
-108.29975538336424	76.61300930697993
-18.36288959258642	104.96160980933757
-21.60590683355869	118.3643064402183
-15.63043766773935	90.94511625221215
55.94060606466731	83.5958904817978
18.890597986689787	105.53027666307591
-71.94318146272114	79.69536179707198
-60.27986199863407	-60.08226261541281
12.795616275053316	87.63510537452531
-52.18451029483941	85.4876586349823
-13.657044362452211	101.00503574603486
-63.74351740953456	86.81516042034862
-24.341957149178025	42.864698810130974
-113.70866405183439	-10.73814826218181
32.064247273990254	145.51523068864952
-3.372210440774313	52.82612368322898
87.4107490987197	42.598335945799235
-12.07647442181851	117.76712089570003
121.8534269964227	-65.82675727740057
-23.957620475287985	82.79310747373164
23.218963530681094	-147.34373378537805
78.53960895185466	111.43090275084278
82.25752519018928	-5.916151547908357
-68.78658495888807	76.74725768107984
-3.1036588382760315	60.13744532475538
44.870365484443305	-123.68150518164691
33.46887710129867	-121.18580889338375
-27.933825509016295	100.18495333577117
-46.1082408898782	99.6486431989747
39.922906115660595	87.58216609048242
25.28254647680497	120.25234889542483
-84.61034732883263	64.62617972498174
-68.81217038923138	50.978573322005474
-65.66534552824659	99.99294140193496
41.83143349769578	-33.64838229106443
31.43511929289132	84.73066208295467
91.74460054518389	-115.46502557747625
133.40087082480147	-62.300672635742366
-35.39207463690984	28.88869578770659
-129.67165156410897	-67.57665818981341
-58.97383393146163	68.43045986257394
54.3039372230604	-118.0394260892941
-43.536494403987895	-11.747458657849691
2.8747755824262398	120.66994159479766
-27.01507044990454	71.56070815680108
56.32201587129694	-108.69485311763674
-37.42938885894357	45.91378566132841
-33.100940635718175	85.2138594779721
21.8926763883562	70.57527890919467
85.86041066074714	-97.438171374176
-26.28565972776395	92.81676217650785
48.46926205444616	141.1593240475793
1.713496149565131	117.97526779284875
-107.43135809930257	76.64503116177235
-104.29622956643213	61.143794107494934
-8.889402185006604	47.50006911037763
-47.1314189486045	47.080820377988175
95.99815639342164	101.64312547144901
-57.391316206643175	43.44661214694708
67.08053647727415	-78.87785054242609
-66.85821785796601	41.41110034199972
79.26193089483543	51.59361662464472
-25.653077984861113	98.16646926300537
11.113258741657848	95.1617269674695
59.06270070168403	108.0498822238021
59.88925260510545	-74.00296104261025
110.48971414968429	-48.3299586592108
-48.030705419864105	79.66753431485812
-88.41376375683492	81.93913228813399
43.55477218067934	91.94045852784666
43.81233509988783	132.80350936277884
-91.09967045534155	107.63997720994688
-45.48062665776903	48.00731850693836
-60.07586259678189	100.46052902986291
-60.02470096553368	71.23707974832787
6.65531423503542	-45.37855058182749
-29.476120154090843	72.89838213364558
-46.25712286473078	130.89018094278524
-88.29591452421894	80.1599335906991
67.57806336941302	106.07904153613299
-83.15801865979628	-40.15324365196063
-61.06442809093779	120.07226418556546
27.850061044232145	71.91570493372315
-82.83357421990061	56.47659762280324
95.5454753927153	113.35053010662332
31.650575503463667	126.05755604778766
-12.811671244529268	132.64316677740413
-53.46057353645101	97.06482060467414
-44.20389839727209	51.52394806594256
34.821449004183414	102.53389634871095
34.23279908675472	134.12448239918282
-5.8742604208291205	73.98782650872995
49.490743749972744	109.70498215131065
90.89245397673791	113.99524968556584
-28.526081780769275	104.53361921069163
103.49260011372999	97.12102566142904
89.24457197227875	-94.33703544402687
-28.399740461075424	123.67549261318173
-71.71388089550372	38.34404988791357
33.59222856506524	-56.84357022151192
-108.78401741939878	40.16909763584136
-34.883510561167896	33.90963491693197
-51.24083888555542	93.23686556109591
-12.220345489371244	-132.86911706396018
-20.268339358381606	99.64124200796209
85.17739482491554	13.923855793519023
-27.78655560310512	120.14200527554782
-67.32425977373508	68.64152615896624
-34.759105815219215	72.30987972745972
-20.213862777936665	104.86889576388157
-48.102244720929434	122.78279640728013
119.16968550140366	72.21129821293647
3.253380540593398	139.9936422152515
-84.21618558177042	-2.872686892681501
68.87061202071571	55.90011173223178
139.5126227352585	10.656761840542197
52.13579689396123	-52.83246920223629
49.891061458217955	91.13040733165344
-13.151926486353963	80.88602032667208
-21.113300867368512	141.43295661955966
-70.73871818735739	89.00016284988344
19.183275351416018	83.1571710049946
3.59931726867045	93.77953844647406
56.78555715123941	136.57619171452293
-7.547810268077436	100.20104991245941
-36.23104172249584	-5.683568524318511
-37.70261762183889	79.5345495641572
19.305475766551787	-30.586142163202144
56.81259379963038	-99.2756290941553
4.650701646190138	108.51613678228735
17.062244984302332	123.41689099984288
-68.50981754214963	82.69049444318544
-42.52822119566	81.42351019916805
34.20640458202201	7.046288298556662
-14.57810614112646	127.39860407137586
-108.56864859516324	56.5310969028611
4.704865633943404	127.58591735117938
-12.376416771846545	-128.5707220811659
-64.46038147202816	64.19618166897818
-25.928477709164788	64.28429279542502
-24.368513955179736	93.00214510830199
-53.02889472301026	140.01887537989742
27.70871472999443	33.30736705146999
51.30015289807403	102.40708235298614
-39.76975149158115	100.68769902499358
30.268151379446966	-49.983348486336126
-85.62458886925614	-112.19433951733953
-40.84868021961198	113.59149105323553
11.575600550749947	-141.14042573272593
-83.71104249898353	104.47770231344703
-71.33857395792573	-40.18066054684924
97.90879740293059	78.95967416054077
59.80668292423193	96.80570478954097
110.18686657897639	93.7093207074722
-46.08814371483582	71.48440895711613
-15.098835912394327	36.37699343389369
-4.234937007444605	125.57745219686095
28.842866203927706	-47.96087503091034
37.92784076491744	-50.4139516799424
110.54824204712321	45.14050501156165
-22.037783470016052	30.090780446635083
-30.66940048934461	83.29832098851575
-24.352057668719304	98.62354512208213
-94.63239475342311	7.042239631280517
-16.551521838026417	-92.23792402676683
35.931322453922476	142.71361587857882
-36.084234440595765	66.86787446379738
35.83908032005103	-23.727141681306474
-82.7287777609068	-122.63229031152073
16.04998963318769	45.7928819650131
-21.629482460542473	49.094868303099474
21.27824017476429	-11.873488593844055
56.250016722332695	-88.850033872515
61.675064175276546	118.76650204510682
