-126.47550747627929	-31.06961489899331
-29.377241732441334	-73.19785975261067
-63.64417790166544	103.98059269297075
113.49364636550712	-7.3607313689033065
-95.226663378207	96.44847057332338
-4.822997178529891	-20.383435376823638
-27.769008524823096	0.9522618840571995
11.375023183747858	-108.24542213167177
113.96473019604859	-74.41592980779826
46.943853169980635	-101.36737915013826
-27.72555819106432	-85.69328406228504
-38.950828660375144	-118.69701674286001
-79.81249801524908	-87.26368827315495
-4.407997106419624	-26.904143055250252
70.89279570862121	-25.760310902147808
-41.680194601901256	38.002389314741265
-14.90800550390442	131.99822796291758
85.40613323034552	53.06815307470202
18.875054542012276	-25.118774625617455
83.3619735236554	101.85555596987267
34.072981137691755	124.36709819887676
87.62609826172799	-37.36544124456439
3.2803527170466746	-2.4977621908468026
33.13000294361311	-6.4327729760101215
-9.73650709394021	75.84486403415083
-141.64138380372972	-33.611130636463805
-9.072819705889914	16.910219933535988
28.15716249059147	-93.00055967063084
-13.292262146502438	47.66664936461477
113.84753956207997	-13.531897188723681
54.8279323613594	125.21126416380625
63.35593046411814	-7.048377178148299
-83.0808886151197	40.621181286352744
21.726467502420224	81.44744256447547
-85.56297735812262	10.816726611638684
103.18410523192735	-75.22220414839435
-42.688643372573786	-24.25192367061704
-95.76533962311055	50.24329821109973
7.146958000358827	50.07990220866027
-129.3584212521205	51.74442729126368
-66.69588324460489	91.7912792402422
-100.08816050517092	56.81201805946403
-7.076746247238669	135.92594497260782
-40.480401842243786	-72.29838594796418
54.002364540994144	-131.83553960020376
56.033806618415525	13.839015206199562
-122.91563288450826	-52.86234360105229
-90.58379686931711	15.05879850260089
28.591857243480643	36.98797454242268
12.303936443487865	113.67753372928932
-60.96030302389104	109.13759613888394
-132.57422811822676	-28.34606139750839
19.418739739343465	34.29801299573642
10.85701176213109	-8.768630221453925
-53.88266208211942	28.05613503569144
40.7199322400032	-81.87861273065204
-104.56597690484196	23.391101296190122
8.439206841800988	-2.1655364432509883
37.85989415746251	-63.03246995982009
69.05980360693728	-46.669881747882584
-8.548336592164707	84.22046953177643
41.807433138081095	-95.00238703254674
-19.96184717496912	-41.9221121072082
-129.93243936105245	-18.036922904132062
-92.59849096936154	-17.680197056001255
-80.8863759314027	9.978214960006259
-24.52902199164817	23.713195688180146
63.94492488287467	-80.23297120091543
78.06150711551582	121.22911390525353
89.23476282028808	-23.302807842575945
-108.36073318649015	81.61232821136736
-80.33264904936216	47.57389422485526
-111.97053917427941	-89.08700411080187
29.507234658470836	76.70737100852294
66.53040988032177	40.585589006830645
117.92443749270045	-64.9271366401282
30.838068023230676	-103.26884636145937
79.63787161611836	102.99435088818339
-51.16759808364955	-135.53753124317828
46.85726859482903	-42.547138084798135
77.7318799492691	-42.88714203347912
31.724519642216915	-73.29694088878246
-87.17585754209831	-14.163852990507925
7.193187156338819	51.01874550812378
18.27487638964281	73.18855525660489
-98.30021418155475	-12.53292288120962
-51.75846308044282	-2.3516893495849645
-100.63003236090991	99.49715754661787
132.73286334677903	34.10283503173935
-57.15089485827906	-90.79530312207602
-27.45006350270829	24.222828279351166
-64.68483153706349	15.011726312700857
134.67462783970825	-16.00154171140996
-106.38973231609754	-66.14367041600342
85.19976070485268	-106.45224637226673
-30.671424681733818	8.689640252265686
76.73221353047127	-29.76188702416371
64.17681423823211	38.43420965536786
-122.60976461300895	1.7209465107056254
52.17490067912089	34.22095640091786
22.617242314760144	-31.165386438871554
-33.68995804019291	-126.62517407576817
105.90139634752778	44.39083972884176
54.31873782585158	-77.05189917270049
-84.15738989449208	52.22133979011544
88.22405087431508	47.957201475235706
-20.676725106803982	92.56162704127166
54.26766085950311	-44.73060142986613
106.81965357803429	-90.6933323644501
36.05615033309414	11.030471649357526
-69.25822071674567	70.30513437586664
-62.47630668423372	-76.99897655066397
53.931728846675675	-52.00600735569906
54.05085755524956	-121.90225866451962
-99.72586275680918	-1.9627867682327815
35.365301325423914	63.8399036242837
85.31163379632648	86.24241075250991
15.324811674780776	57.530126578453775
-56.49400009900311	62.950492237061674
27.657609329528814	145.45811324616022
-101.70878693527912	-97.55988725215767
84.50422593781964	-89.23368189336217
-75.57929900600675	0.15807118932147238
-110.60090636012522	55.53056417967513
88.45788411670661	22.70248756695983
36.00119520370569	-53.73153560627832
72.4912698636414	-16.190088807755334
37.56585133949543	-65.2512307960719
74.31563218386849	-18.023299668281467
50.15923617455455	-48.156944005915484
31.174198017342725	140.63937608978986
-56.18194644737211	-90.27189272192157
-78.31584173465194	-16.504543657688775
43.88615128341712	120.49091933888677
81.22679138604079	-125.98207856278832
10.98622203801236	-11.622178179633531
26.51048733035332	120.63047348023308
-114.38338980255475	-33.042769409714744
111.64689939733424	34.7121859706491
16.207922468013194	79.71580327380808
-70.87678173611246	6.445081140497566
99.52572669759205	-29.719576291812277
-120.64114163161062	66.82913808657909
82.14851229191227	80.73380971623932
6.798869407536743	39.166729224939544
-86.64736774362007	-90.36987526431851
116.27481706125239	-56.01460140899017
71.709056606222	-77.51049016767826
78.09165867630232	-118.74940493108141
64.9107023143457	16.695178954822953
-111.08622536689637	-67.90144587256744
-90.51983274553137	21.909080327309688
-111.28397512590983	-35.969471855998556
81.91386449283489	0.7783502438489346
-112.0572156922223	5.52427142607727
68.36592634986442	-19.348746714516555
-61.54625553359446	26.620194610713423
-63.025038570403105	69.89402873124908
103.29323699486204	-10.783105083152895
-85.01403328442288	-101.26442452810814
-109.96188403157802	95.68675847710851
-27.237467790087916	-4.842043525853662
-46.09043040144347	92.39629213243305
-56.45013741604242	-53.18037008642709
-35.93921869403629	-94.04595097431327
-72.3236769546155	-54.507181336778345
-27.893873890689022	80.7157556980632
60.464648452038475	-123.3381411831833
96.20194409534491	-105.55121602874101
-48.43023931036993	-134.5318965754856
78.237221538209	44.023608122807794
-28.53943612849976	63.62434622097787
-135.33279490028355	-9.408611169181286
99.72340881234702	-78.73902305917862
-28.064372960806853	133.24301165607315
-51.04416946463115	137.79196461536228
31.978555708251346	21.43092257870489
-25.75969179418589	-91.82797340523555
-125.66169101181582	-71.60903531435059
128.20168585644706	-53.65371930504492
54.82110720149796	-3.8694114185614343
92.55638281291135	66.06043578269605
-32.393316442774776	145.9004598669581
19.007592173066044	116.91038558558023
-45.6398710296741	-43.218993007248365
19.404574164464737	117.39347043530162
125.25914825241011	-54.099248358099935
-13.077934586446144	-17.45150635165989
-114.91276860862548	7.523194738636217
-27.605676559700466	-49.132992903825745
78.84323437428732	-8.363220773308267
-131.17581816268026	39.51573849622498
-62.993844335296124	101.8925945127602
-61.093675436991205	109.74536523631845
-1.5084514823841502	48.112928218798224
-75.86593401209367	23.04413999075734
-24.448969550534507	-44.144809350281356
107.05484258001589	-33.19859356826851
-20.457952388961488	56.69440112023554
-15.306030845270714	19.728032201184945
