68.99642396138026	106.59194557059884
109.0954215122709	12.434754674746618
30.74426713540277	25.654505902694282
-83.92084917490921	55.41475767148202
52.18189909510727	109.20022913617554
-35.24616908585282	106.07343427027313
-35.28206915558996	-135.76444120260723
78.0096908024094	121.83055756941445
-36.30110002032078	82.68865014567383
-45.72835319918199	53.565834944352964
2.729291336941581	98.87944171324756
23.21487994303328	115.29911890040015
35.92852537693979	63.06019636701316
-62.07640678741109	61.669042474594015
-16.79694252481649	138.03095662615152
44.65770209095418	140.8963862850655
-68.8459749573527	-69.16176137040564
76.31536003092722	119.23161674352154
52.367599086317526	131.49609532587317
-64.89876011634756	94.97168923876875
80.04776694067164	-61.45675192730804
-34.904055991070244	86.42852460784476
-10.275269710786029	70.34636608876194
42.706293595765	-66.4863841427808
14.066079904767262	65.48442292667039
51.48015540814425	66.60519909933114
-30.373356053170905	83.82216483701981
-13.370725807693198	85.10734525873654
91.16821383352641	-57.36094524609706
91.866789172224	108.6314262993106
7.278738108808127	35.40997761548307
115.64586131452171	61.98924140416003
51.8794957214039	139.70933329154332
-10.097279811518261	134.89313450478588
-19.510753733802733	104.92745280591602
-98.52804519599336	19.72739095160024
60.757394973039986	-93.17246407016677
20.935199476418823	106.23632462014777
-52.34658947066909	76.02165596710802
64.53512211702362	125.63954384961573
80.88706446133577	73.34120791063515
-95.17633337500334	-114.29824119708222
-52.37423956467114	66.8681851522739
21.15744147649434	-143.81911060739793
22.449815277128373	95.48819213370825
48.86096872589554	72.18969798750551
-64.40799093384247	117.5468683412805
-31.85351529963253	90.12568245476798
27.30765230194359	54.5926939535282
-23.98598653430258	95.67778771717225
144.04381417394336	-16.17666085883257
-35.50430802064942	34.26440171615149
94.70591375958081	-56.15589001857007
55.313184860987356	76.87137151674293
-6.035157006041991	100.57049922264665
72.62624746226935	54.6620898333716
-47.090667378292466	67.69371932677593
-31.402217659754026	98.5132301777209
57.302253986962455	-66.44572634090257
-24.47296788387047	108.9003783812441
107.72678193016215	-87.13108144823804
57.3208654852437	-111.45748636090487
45.40329783544332	107.44930278227146
56.10420054842124	77.58013331546415
100.6722693107982	35.238472063138026
-52.104828874227394	53.57164413285807
-9.767063469623363	106.3942118315192
2.491871654014376	91.25797540973537
-71.09564148386326	85.38096944771154
80.46482857709837	-11.366414743619892
-19.773765563190445	89.57242739464708
12.265614057464967	137.4442138237314
-68.88339859898333	118.50249450417917
-27.88469522267307	76.49466228963438
110.59240951440333	-33.28472017444461
49.167844696745945	-74.17644220173507
-63.70056942062993	73.46407500422275
-4.351219910328692	-23.257613090908627
108.77364756320657	-90.31085189925584
-68.62112552607434	100.42952111652137
-61.08199633694148	99.88916046416948
-89.31963918536516	46.083477960619895
32.66081461331166	84.35102595913028
24.073323120196346	-32.22740177235027
-69.546835989074	104.23834199327868
-49.79286678909554	82.18152911569084
46.69678468031586	57.32636254022795
-31.21601578128272	103.3698577599071
-44.089096895364364	-125.76973093986959
-61.65145493278752	65.54430402711803
-49.81743528325931	127.81720839331643
-11.73629523144151	40.71170127667187
96.24194412338022	72.25821591922062
23.53532385983701	56.90341052867311
31.24537181590062	10.653248653139354
78.79815681714173	114.87443067352704
-57.90363518275007	98.45730682470729
24.410478151833715	69.34309917743747
18.1365429495245	-68.99603929486108
-10.570113019721937	131.17731131423164
67.97469489855192	128.39536631429596
103.9731438628138	-73.77509190633239
-2.2952231289227316	134.46084648391988
128.40473705591867	76.29075474279624
-73.00230939936652	83.87334995151647
-103.61940499951542	78.35171574145585
-9.87873953317339	117.22795713011251
-122.55376506849086	29.88334596027145
51.519947217975826	119.70924957073491
107.04977128646291	25.955426153477653
-90.29108828833894	43.26311236536516
-39.1652771596816	60.25813686420289
39.188933237387324	144.70230329794987
125.38919196395135	-62.314739170946
39.85273408743711	33.85152508693797
-51.148148605960465	72.98966632881309
13.576967676455034	67.24572004692409
2.0055334499313444	92.34154030271499
-14.107079604363475	-67.72672970992943
-66.0012348213428	99.1609921770065
-54.55797948146673	49.678814464676016
15.056794945082588	116.63579376524179
81.31548487017339	94.43323756576966
-17.137292355807258	82.27131115629572
-120.31628667082275	-42.99450754623975
-136.4116454936778	-51.90098680152058
34.25239941158224	35.50481850246096
-48.955868211964535	89.93064676987146
-36.78472486485066	56.250957123485556
-32.475816379628725	64.77989046273701
32.779308746629106	119.30914867372047
-61.89679821578707	56.7188774392574
2.4775381720623066	35.083066165750004
28.236781631335926	30.36889101511008
88.377061314302	110.53654657791421
49.344588673637766	-37.31978827690232
101.6236234004442	38.5392868959836
10.688317461654043	112.07718087378522
3.965986006412607	55.78929570347675
-51.64203563974199	70.72566094626563
-21.294344945131535	92.04993459945256
135.33931337404206	35.37305220116884
89.60528128133087	95.12692803417201
-13.905709949672016	95.06036368145283
130.15056494608115	-70.11344928774183
-80.48453314734688	-7.319987735472294
11.188142711589023	121.99040784542603
-49.12720826892917	-69.27930643314801
-95.40404845099273	2.561169944731685
-30.547052567893527	85.91244564483395
62.36251657741095	-89.83616583293391
20.388785008693528	145.9646356945931
-5.019242832623189	100.02725842245165
-18.62929044383183	77.6779331494652
-30.04816161469974	131.2480554984706
-101.8872572698332	24.504942791241042
-45.755006474510445	-104.21570675558894
-87.85421698193322	93.93472207262643
-10.301763431850036	81.0983587053791
-55.086711019042895	49.88240499898276
-8.17540513210385	94.40025008784552
8.446242941427691	107.26142969340918
-18.638914333015645	69.43715541124057
-121.44312774850924	77.19290035726645
96.13781527901935	52.52603020718477
-62.58756649736162	86.04903738825213
-58.79505013947233	-133.6956050850323
-72.12229361350703	65.88020804358511
24.097994414667628	68.70415613774072
-24.671652195551896	53.57814025932623
-36.982146025139244	112.87555756252071
-21.141775154008595	112.0402526038391
44.18499085174148	69.93257755536324
1.752028015252067	101.44042936608061
43.733542828580454	49.811102943993184
4.124810034842953	148.76571951364028
77.45417638850206	106.38818482888364
-63.954230503505116	79.05866659931937
74.34510530081165	-109.45109483118188
-27.437931981340757	132.17464312289403
-50.08904868162843	70.53931015621639
-12.01879802447504	100.15653091127784
77.96384284209991	-74.74359426405691
-4.131232335561147	79.51598775844283
-31.807631044491995	68.02715812051221
46.146572865948215	89.89151673297786
-30.044435067365775	104.44106353076377
-25.808616212319087	90.43989376996977
130.76084815995597	28.64337226757933
21.099428591300875	99.96860148811045
-6.7340294738247	47.108698579018075
29.685496987629342	10.491428651342703
-94.07588641501322	66.55812303900755
-38.10865406510991	125.38837195076852
38.36951712466048	91.35894709592773
24.689816487379215	144.99836909562057
90.14724863196932	51.25658421846904
-87.2017828396686	26.605399618782943
-35.44794889254407	72.14203041700786
-92.93299324958623	52.45715388541547
