34.5849877811589	12.782604356004647
85.69750696221773	97.6479639880973
-24.679463810440073	33.03079157604065
-88.92498458998747	-90.83757690880526
-90.09021970276844	-13.319741063427523
-33.94075006084903	0.9476231666064451
66.28520577399031	8.851820082842165
-64.33728627932442	-98.89228272602489
-88.39693125515132	90.32189456386017
-29.74356079739645	-122.63033526503882
-104.18117869790191	55.22834603404308
48.712282289851736	-86.85231616040737
29.459842093969655	96.92432554746759
-7.063447593269157	-16.23582091788474
62.85106591486494	-41.639489407881165
87.50208620858247	87.82854020827148
106.83471658191664	-39.30298256499944
-116.76316850586721	55.9661807446796
-36.66300807848873	22.183529250979802
88.37303077202773	82.23396686327895
26.88703852503178	-21.82997384482878
-35.89443749202115	-52.4106028014531
97.06373933285845	-114.1332503027125
-32.763343995065206	-128.66824792384887
-110.81940574441893	32.06807144533786
-105.6232726391322	26.32388738976992
78.98087145795265	-110.26061160987089
-88.14448565140958	14.387735751229298
26.303278463009455	36.83660673690172
-83.94477429227999	105.0417135731325
43.62755441237256	-92.99570705912818
140.4188244941264	23.176851219173557
-102.39469257219791	-3.5978701301296914
-55.06384046416174	94.32292198453443
-101.19046035386215	80.13897967593111
-9.491180627649177	58.20193291363929
-2.2809367327916106	-44.08975532564482
72.0715437300003	-26.33094575660406
-83.91614186584577	113.42844596321083
-133.67141918594072	36.84535924052193
-16.906829892217047	-48.9513338300385
-144.89568607594362	29.893868817978614
-72.12508424093026	-20.092288528045234
-125.38823701267344	-49.7509915547143
-81.98076179766763	-100.60061087759628
-122.49625759607704	63.58541485757227
84.18727508131178	113.85515402824173
-52.1869174199016	43.178567800233445
74.72873207548064	-87.95680369181167
-11.916059416184	41.08429913731092
-39.78124016482605	-19.139593438791962
107.74288215354589	62.3133043573163
-30.55173744471691	-111.87844492695291
-96.88277178644519	76.52070556080622
3.052033446833652	6.392834212615741
10.18557536979112	-43.956425675158634
46.0275151803694	-5.43868816087547
-15.144584717571329	67.35762270776246
87.3375862479312	59.236722237276076
36.46236886634987	108.74455864304599
-0.6439568723134557	-109.64603171027704
-5.689731517030544	90.91355524455533
40.71814558544822	101.16953310596982
15.645804467985707	-95.91115020168655
-87.81046159516993	88.89251341334796
-134.63791750370103	38.944348280285155
108.68711405311115	-23.94115973057404
-87.20432301052128	-81.68831516745638
-21.889406077139505	131.26789555906618
40.5945986585913	126.02861642032084
-135.91092154533004	8.831970174345253
20.330794626293525	-76.76445961442278
38.45268193801204	60.17259090071041
-131.68539199270134	-21.4692566673686
-60.25849351209581	-114.44542441727641
48.34503643237152	38.68100469457225
-5.208904560508455	-59.687237131723876
28.21576369037012	-38.37055529361795
-24.586475515783743	-75.14724727841681
82.400685303881	95.69114775732486
-6.755643368389951	139.57509283490882
54.826990703330885	139.37485584963613
105.19565105875799	-90.16560100883919
-85.34855612441196	-121.68983921037962
-56.879161131939895	-7.9860516385874325
-90.26560863507777	-9.86576653630238
6.767800828912698	-67.31854772947915
-69.50442542791004	40.011179689436084
4.5340789231004	49.46941900683526
-94.46319110340956	-102.39236859396081
24.36990208579992	-26.35408353518208
-96.02716824260058	17.20157891286192
-33.14681966445329	39.50833606946005
100.38847311204108	9.939912461136158
76.78383606950338	-3.7556203608033463
-71.13456727656563	100.2353012907993
100.94219277355633	-100.58219988730887
-46.121817631216544	-9.575482895725004
24.1238552644082	6.647418732625602
-62.50521542279518	81.24286043214991
1.972362104134472	38.500002468206425
-45.16145435297332	33.152956997687475
-102.91043600470525	65.93996076638304
-87.8509874183722	-98.31570769337554
-67.88765195733919	-74.4187766600084
-19.74624552880693	-118.03986290371512
102.7047379568614	-99.77552140441308
-98.63624095968639	-31.14869807308576
-27.175008973320725	146.7221798714067
23.3641111364814	-12.981568121064589
32.54222219371974	-53.6534964773082
-67.9374386073588	46.364259324227056
-108.67667403076706	55.04775600631577
-43.3733889278587	15.170187985197783
-95.5778180039373	67.00452803269191
95.89889456401598	-40.5366900225971
14.220996739572739	50.152320437735895
-54.374787186652426	-111.8683885522504
48.63473861310357	81.14438344808359
136.60330233015512	27.938968156711578
29.793782885203388	18.439734810653707
56.996570816578654	13.273488608028485
42.44650202713011	-101.42900971457001
142.26879422369203	-7.040372851598848
133.19828005020022	-48.8331870564981
33.57871582855068	4.026129092925846
26.619208395264373	-62.924540012574404
-67.220265056038	113.77514262367842
71.85635118108459	41.83342617409095
-108.41441078182831	77.64324313535316
-131.20640898406893	-16.864807741763435
-110.1452693312451	29.915685593199115
103.70099890601841	82.08021231095638
118.821507683388	-48.04563369561826
105.40146288882379	-62.75925710514154
-40.49825918838244	-115.44520689835109
-21.438239324069993	128.73884549039732
-35.34932882792758	-57.28150255779365
36.01576312325012	69.26665149761021
-26.89173548501365	59.283078450427084
53.33330522129927	-20.83482762899085
133.43935592797266	20.522645488183496
-60.18963832709021	135.27130193922977
-27.85949498847158	3.1194341802264143
63.752224192821984	-102.22770040371162
81.40793316688872	-76.53067163228768
-27.76122366957967	-55.394528741991664
-51.922673256610395	62.85361359181831
49.57197955079861	-6.55860209770408
117.72676193339731	17.9921187805146
135.49795525036293	-31.54417412388397
125.38865275097571	-43.28165462395983
-50.68043587699107	39.66615259340524
9.111926098052592	24.85631071064264
32.83031974148549	-102.52155038133773
-50.24859199081066	-102.07855026104636
-44.814304896312386	-53.58774764980145
20.42751281429332	-48.12005995440346
28.154963669272195	138.17440303994124
35.35160066544942	74.18173393823493
89.38489161559046	-58.335205622636124
-101.42031730082486	16.513715383664017
-56.22445385743315	-134.82628212832742
-21.50927263738553	91.411212087059
-143.23686953322536	0.1884014571301681
8.993553164542751	87.75648968443738
-112.46791008389135	-88.69263203113539
3.0174425191479433	4.6491422637175255
41.70538870731506	56.51790818316844
-37.22390768792614	-85.44942499446569
-112.74769312852717	82.16035963161505
87.68123913714679	-105.90696664722654
-45.55522377352823	67.27553864364495
-68.80464638707194	81.63960207526273
22.37263011184214	108.55762877989474
43.18532602745817	-142.37400315526182
81.97642775050676	-31.954558722176984
-100.11267859700314	106.9807970676588
-96.29637162242196	45.453170240934
-48.15216850026326	111.36843731566879
123.26853174540977	3.386467841153411
28.318162328641904	-111.48642770664495
-73.83799886390035	93.39507625661665
135.28056310888044	-43.58594079946145
68.44955856809342	68.46585010688433
-10.233499519067145	-122.11517367754637
61.26788939833428	-42.935674808630104
-72.75802011830538	-104.66455010333236
-125.21022293383481	-81.13160458313125
-108.20849321070732	80.80821542310017
-44.14458387122542	18.06756371852971
-78.85464208074036	-91.10169594563871
-92.49857511491517	22.33263921114602
93.8869039843333	-7.309676916419043
-91.32931604319216	23.052950340209733
98.79361061664537	-75.87498146410445
-2.64194453048587	34.564185581819764
-47.67767550057272	-81.02945006202572
40.171198858054616	-8.149391355611709
141.6669683579262	-20.917786981329098
