16.485037727721153	-133.9730336073258
-96.99581825888524	17.891792880807742
127.76551989704535	-50.999393492022875
79.45269313431996	-126.92310210681995
39.49236415917446	123.13512121239228
29.5492066085184	-95.01373454596722
76.95410138093456	67.12283472943763
-126.35576498886914	18.77774764025015
-93.71385024335557	112.0965372392792
49.037675051895135	-79.90443495913294
-40.40134229174054	-70.67920992108701
-22.724104988383797	-32.74885618753523
-56.34058542769641	-57.48954935692112
14.14715293756988	-70.13889311734927
104.51237872135424	36.594202913296755
20.85264888406809	-123.24988250124201
108.74407473057182	-45.95185535858263
15.493859455559711	-35.856767514534035
26.20291005841246	-122.40318235326164
18.910274676208225	-130.99870588836777
65.37449748114557	81.61521914736107
-88.89954807513033	-90.60384844727227
-114.46630322852772	-60.46183731079438
-58.84824308352678	58.757592201662575
12.649147310140895	12.854165144820161
-76.14086739981099	-18.036467422439813
37.289027463197286	-4.699318941272251
-55.53463766297802	-52.28149992618029
-20.016551405968908	81.00436192334506
-16.790771377269042	77.31502096683839
93.56110341761038	114.11385304975448
20.208347538765345	-40.71199426779886
112.5161673748554	19.163184009884784
-93.72440624420362	66.67320681014078
-71.0707345431201	41.66882021666252
16.02586281980153	133.2350563743221
-46.49898454246174	-42.15009914310903
-16.77855308210749	63.024742699432174
108.32200507264842	-3.369254420370909
106.33244354346097	-51.05925477635632
-33.46339775338768	42.76236649666067
-18.398059655964115	100.45785390981467
-79.49800699143269	-46.3616564293216
40.51576988186411	128.76017099166862
-20.908212679844226	-70.48685278852429
-26.71965242017004	-63.44685535918189
-31.114708903502212	-144.97010726546156
104.27730517759248	49.80169357686562
105.63272899623765	5.3131509020442795
22.293865655236814	-65.22886004667741
93.6570801201787	99.90880204439628
-0.8296119747296838	-45.96572557022746
21.998681963842557	45.620479654535295
-15.731606919164095	81.64813644006882
91.67470498534489	-50.489925047916216
-130.48800689443783	65.7544584843447
-131.07192922524663	-66.05928215029563
42.89638640689805	35.010269966386
-25.230815298883744	94.07370309481192
-44.10561296997789	73.05251662841422
38.700242707325074	40.35384864400041
-104.36763167938284	53.25564881452113
-104.54618373550235	60.73236923266771
76.9717824311605	-43.79727163038203
79.95065401981192	-59.62151863195455
107.19067785567606	78.89069587573744
9.85032698490604	34.34581674455263
30.034733183775362	141.46234802933813
132.188471068125	-48.71490004532758
-30.28288603095455	64.15698043156836
-98.52962922824752	7.137167937599257
-58.67971160257849	11.918133239603113
60.3928251639979	40.55213611045112
-118.04382419565803	48.29051513963797
-85.31498378697778	99.15247053142726
-125.63043539131571	-26.136802981713924
39.51543105637399	-5.76284791993173
-28.591004486829164	-44.78539455475095
107.65370580721302	-55.529806229982675
101.27430792966614	43.15922148673019
68.69368192317133	66.28116765363028
-110.42920318631924	53.972171504829696
95.45288253713534	105.3029129120526
-24.769723737102552	68.62216145326256
-128.59772779953332	-23.99793837526567
-5.750484765587906	-71.56651168093374
79.39257827821268	-42.325491301320284
-114.51041496993035	51.82246452593965
-138.10435930964007	-41.63029187578235
-15.322223610936966	-140.42630305578714
14.850447519180104	-62.67445693339398
-86.0278677532431	11.698045432318915
-67.85630312940721	32.322626962994626
58.44563456407497	2.125932292212033
29.3895220373627	-27.455266153548187
125.71591867422477	25.935020281940613
10.228911391987976	-76.69284099719965
-97.55387198351609	43.371983442643966
38.361132552635276	-47.53183497962324
140.18789492122752	-15.791515435837296
2.876890554309503	-18.02511746673326
61.76804295596156	62.346833076661916
-122.05100797354294	-65.95893035584996
-70.24570448502809	-58.591523214950605
88.80350889070964	-102.31819198631725
-1.8352828036533897	-44.64989047595068
4.865394708457194	68.15891778947854
-100.44000259138639	-45.5457538584876
66.37544032734353	-118.03958011729034
-54.294430247118626	18.911526599612987
-60.194284204443434	-118.75677842925455
-143.55070509726335	-18.652591129319344
15.319472668445728	-9.267360719460262
-72.49001824550987	-7.7109655750816275
5.018460136070659	52.0918336952444
25.309084010317335	46.18340238814385
62.78263415401066	-115.38609234333865
-33.00672317896803	54.06175360861179
17.80141808990992	94.11343108520684
14.482991125828478	127.64737544900822
13.233624685211627	-20.55153914330146
140.7685044723939	46.48312291479377
67.55333819218029	9.796821810211345
-117.25432268917261	49.85308893746612
131.5464512183422	62.83971462537691
-120.38081181050786	3.282638671458515
22.49711146271776	118.60936683901478
-70.64222401642418	20.999897236734842
120.90470751829255	11.90402246641723
-65.6636863507263	22.703241862375346
-11.695652668608178	59.291636974168604
120.59700223789211	-35.814398842551746
-39.926333805672044	-117.14194643951217
66.96154146920298	13.38524550795707
-98.47508948452771	-48.462264593257295
16.066222067628665	-86.64804202617599
-106.73901071240557	52.87167405837953
138.39310060969444	-18.116264810315606
2.4889928784452913	-84.11233813986021
38.589324488731506	103.91671363091659
-112.0838483553073	-80.17930419650021
133.85683518433552	65.85266688083173
70.84952342599578	29.44421468234736
5.090961404167529	-55.34069424052835
-93.76573617382027	-5.728314598915805
-56.56855417518034	44.706940578048766
39.25932808718303	-52.086631751810295
107.21540459489187	29.884990089998123
57.77298327839446	1.638726286062968
-12.868672217638718	81.41115165144102
19.22973639167333	74.82489950109476
-111.70723453350975	29.286312509460775
80.45969720589942	1.874092149096827
128.4749908990487	-66.74101735829633
76.44904865156872	-126.6467315731967
71.24209576530707	117.25281289893388
-40.58257688736148	-38.078023457829396
-16.376643124967217	35.237347523237126
48.519981319738726	-108.05304991348319
86.22524874123673	-85.04763282096421
-78.31159282963267	-56.00554732078707
41.833401938640776	-32.50767403040245
-22.030871065817855	75.07171286247059
-63.13571907114577	83.66666165261027
102.19991386324189	44.83579967203923
-31.355835170534412	32.562409751801894
46.87450372224706	-84.46510196112379
0.5953534776411422	46.32773005165635
-0.16674089227674838	-28.74539911179335
-59.98551130835773	-65.91112346263563
89.07935468002339	100.02354269792748
-137.04584061320446	23.488433428824035
74.3174132208569	97.89861128484591
21.528403716315715	59.29530230495115
-7.052720868712785	120.3642951337032
54.083155675751385	-108.41470561423667
40.244879242702545	-133.03027102110468
91.9900222699693	-117.05940854026792
7.780007128584665	116.24167679310555
-35.61494207438191	-109.08441579239742
-41.02406152198528	-90.09325029671281
0.9618831202738034	8.580062287013961
83.82917493693125	44.48236541828642
-35.90003213339807	113.60499074135275
-103.38346722345452	63.88340548853721
23.266470882764676	-27.831020915776417
46.20005762787782	-21.50961638046711
-63.377544755578135	94.69360372201803
13.467718999890312	-7.058952158623696
109.23122006088728	-41.754910310590105
-16.020190786205642	-138.67602733319052
-29.155904291093282	-75.99510366425014
-81.45358568732144	25.648203968411618
99.17715981052802	-93.24540420666172
29.556678987912896	-140.15381477353625
73.23558698488563	-50.206792680156106
-80.01589732592534	-10.51777333710221
82.26769197316219	63.81968199354035
18.539848492427915	32.80438524626221
-38.33746646833892	84.27795509482588
