-1.151055234430527	-30.520921857600097
1.8069950110067918	148.45793518576016
-80.4612106743159	-3.38518700263425
-43.47767967235366	-98.8527704505848
-44.63049520250969	-133.67987409048277
8.476854978115052	21.084865228596048
26.558840484096482	-15.879326852397256
-5.880253825380607	23.44105019392111
10.010335226665173	-48.57319373446142
-23.081866289284093	-4.594461920352199
-33.01222619967347	-116.18822826499621
-6.999938845198073	-148.4326149119046
-124.55109238960911	-61.6094719352843
-64.48058441360045	-130.73573736010238
91.97535994353983	-36.703156977160496
134.7889824004297	64.64239307400867
30.342431710697195	47.87896208019556
-57.398284297149125	-118.58540420219025
-106.62656458302139	-84.52681869524315
-11.74886910807504	123.44065843485888
-58.00054634864904	-39.67438444076797
-84.75365611516207	-56.848263263376474
14.876822339982075	61.17621532313742
-85.61268073088844	104.61700215668881
-18.037676019697997	109.27022101321718
-146.7979915325445	25.195112811116676
-109.73998207892292	-2.110144697068566
40.97326002195475	64.09834150970414
-17.68962220583535	80.62793340341376
120.43893532217366	-64.01166118737048
-35.94870320221433	-43.56280360394482
-18.653197948295283	21.54876483339135
89.76246977411841	-62.39222397750736
20.308797792565453	85.23945542587413
-113.90113676800145	-55.38627051191911
87.88576783664567	53.5336074486955
-101.55568037158551	57.638093711878184
-3.1367515928981424	-99.1759256171629
27.159631459341423	15.980245373445293
12.697282626633573	-37.83866994216468
51.23678912754627	92.8235460076817
142.7213760919487	-8.51907523920551
-6.026824944735101	-71.34070389946523
33.620294974032184	-65.19648566610887
-89.63400325222229	88.62731163003416
106.17289589985063	101.42228587525204
-74.95518212117159	-116.19381043247299
-79.45207949098761	-65.82408240495346
-76.25611445361072	-66.93119649333885
3.3884770104686144	-59.370184332230146
55.45246192925225	64.87433298345694
-1.7268440404958316	53.83503116461675
91.36923959379705	44.713997204727136
-83.53074521572934	-118.15721879373272
-81.0333271900292	-61.31576819241099
-0.23069547272395877	147.83830642941857
98.47821904331961	21.32280328084624
81.3009973843675	62.732307183769386
45.07442633849879	121.67691156394773
68.2536352471051	-60.33835206518767
66.4917301694876	-64.07301170089185
-126.79651053045666	43.08506592305431
-87.63357121246511	-100.34389754819493
-22.097518940098006	-127.45648552167754
-19.684428378517147	111.45696791110058
-17.90959827102089	-137.77130795080862
-134.7946313336109	27.75729058079712
47.2352371734455	-141.61531882654097
-90.50557841900086	112.47176912897942
-129.03552850983596	-73.26728273933023
77.67322394383014	-122.65489874324182
131.96986305744423	23.011065138706574
-79.13759816930161	87.32173182931125
-76.85616512606332	-65.99058945148552
-97.986434615636	46.286300721244295
-77.40179840317052	-125.05129659701967
44.94912606802627	133.91132105632448
129.0063638497522	41.435632923039954
35.03618162933636	72.36928249378128
-122.06489165748951	51.74719268697212
-27.66154847970343	-88.9328251532235
-26.034593542767137	136.80547078556862
85.20572417202224	101.5143182646443
-62.181016171933	9.328519872597646
111.86470347613907	-21.776287004805933
-104.33384103806868	-58.066157858360135
91.9952718499758	-70.64822514678457
34.306780613721344	-98.96601346429652
58.66822881911001	118.25118148703685
-7.581318696567745	127.62652788874668
-39.3669406778497	-1.4418045166385327
-95.4297973617073	5.463923654686315
-117.86952824989977	71.24979419136459
11.439451676608522	-70.87672554231297
-104.31379225137898	35.97670129145536
-2.512273624948188	135.36225692901698
-105.0665828633751	91.18128492094048
90.32304779711116	73.95942572888941
58.94867370684802	34.76899560325833
-135.62502351975783	-49.81675363495105
43.8086625335722	-94.03703920517891
-37.697837070374355	96.76879119096546
75.96546519695457	30.090370613563962
38.21104229326346	96.05368969024512
-104.95434627944393	-24.259384806740997
-26.471883738334014	-48.82338182137786
28.623592071478114	-72.33687154374599
-22.519449876894118	76.5710733978947
99.42232440792388	-110.98254938153048
-0.6785751381317167	31.945592851097352
-21.153982339389966	-112.7725082338204
116.20288737254265	71.90784250153126
92.75700699497172	63.264777848116
10.996144371214035	-92.30915229062455
-139.58721856973136	27.77399530159333
46.014632202086005	97.96143905998528
109.063884800824	-21.15690999944722
-55.99494133865308	33.60407453320038
57.70577441480516	-134.72292266611058
-75.77056443400188	-59.219233456487416
10.532437184163653	-60.64258126415824
31.030801156217922	98.56466102235046
132.94883566041568	11.362437820430854
14.747346885948458	48.55426873022973
97.3042414424614	23.048949730926175
-93.35060329978977	-30.853396022295208
-11.3060623486053	136.31957677437057
31.784014812701344	-42.47257310388211
-117.83759195918464	-77.51540891292657
88.17020633328154	2.6438905669848727
-84.23398307141828	12.88878091064551
-102.07830636414748	2.44105517473041
-55.93426676007558	21.20104703515859
-77.22782095008512	-124.6244420187409
-13.865511659267622	-74.87480766695468
40.986356856719034	7.029293336016687
-51.842788812121974	-79.21295594507043
41.716934591443234	-5.91882798307657
-10.235855451226099	56.617434373441384
-0.8139321935382438	-61.88194013349506
-32.78370332646142	32.39566321902132
97.37866551785388	63.912247299019235
-32.7952602329361	-95.83054798927417
99.38812592120885	-25.54671744194738
9.434788674872365	-71.88437861945796
-33.43681264600011	-118.61320064764051
120.04335922847312	-72.82928889788035
-46.309501751682006	-110.88603335510571
50.740965720341634	-123.07471584124721
64.58343655619402	-132.27296175897246
132.727302273302	-6.714448449422589
93.58219806028045	16.38291458115132
73.923480010828	96.90984912248301
99.57232701494726	-69.51785390959729
108.65974940694538	-38.63688557812341
33.744968429466375	111.73241363336444
86.97944765528003	33.24681830857408
-74.62917183067783	-83.50162885296135
107.49667622656283	-96.20681927340883
-143.1618372268213	40.86337804285019
23.817211439801625	-32.56057758500358
5.808827320372761	-65.7944004777176
-29.916185999569354	-141.19008898667383
-70.20940870769238	-62.189929926029535
16.12889851726686	46.98491223598706
26.98185991761931	-97.98278164367025
55.3969368631338	-53.77901725760822
83.20821238452945	-124.4771080219174
-59.56851857947919	108.58473647310674
-142.30022492199464	-40.99235627164401
97.07936680114717	69.92143288994073
-23.14430048819863	-108.18229008731264
25.1897399182946	-24.87640514988728
-30.65644672265959	-116.25223467301159
10.871503827868949	106.5189206837372
93.20759833537488	102.59068165195218
-63.478231693321135	-61.66434634277461
71.72027974746706	-87.82872446437712
-37.11751853136641	-74.33849170187692
-30.16977321237174	31.097161943837
-29.191918157499302	143.8110530015156
21.218868316869234	-8.063532670000873
47.551848554747586	79.24835565148044
-50.74950543653327	67.07148379169473
22.587632391728928	137.29382786199895
-30.78403902239975	51.89036475988479
30.36969786849685	-139.27352966431422
114.55246857904432	34.87993989449795
98.70466118509306	64.14751031271427
-127.19882748963535	23.664616224055933
-28.016824705921557	-100.09937257552025
-60.30250858276761	44.55073504343231
43.18822304087814	-67.61030999514536
74.82870501565006	2.3416063529246642
-66.66762778702603	85.41139067040476
65.67429600029581	134.22292412450216
79.86079037832603	-11.994047004277638
116.32698405382042	-67.0024967745227
64.48251970793919	-50.84632166063337
1.6395965244353934	-138.35007523497626
