-63.40218436392617	-4.458597491939131
71.13929908725338	-125.22155809065947
80.9242558152468	24.28271826480183
-11.449273126300852	70.86583418580479
-34.55766052825128	92.48667522746075
39.54697014719249	111.13469196611885
-48.6876756902639	93.600293717085
-59.119251274978204	-44.38150929840899
-10.02847451492549	81.30158758651895
20.93262707891355	67.71404874424309
-15.96901224310835	74.48456645233044
-43.24417305582802	82.35111021052973
-3.833315844252229	78.94206967972262
-50.529760037611446	83.5836664088236
15.88611973415302	98.13392779722243
20.805760733480003	94.19474362784162
-9.706918804659216	104.55542112376341
30.66752067252348	36.41007732955239
-44.829955326466006	117.93912741512015
-10.159693733093034	122.8881345324154
117.25772804956301	-79.26540735506862
54.9002178779962	102.81653249384475
-20.806219672125575	81.57064800263201
-31.012173778927313	48.42540117212198
4.204287222419868	144.8160658714566
10.237390044221529	2.1262208040509987
-24.320767644530278	58.71608697902954
-78.34657420127493	106.63450801780722
-25.900489501601356	102.95226292589435
-2.308827427324253	55.81440954248448
-66.3812584284689	-63.70405587026596
126.11122125395258	-44.79668009080783
-46.18641812446682	66.86411804725618
-66.2333218720844	73.65914005603467
-41.48366237029584	0.4443486278113545
-19.89565262902026	49.38384543357762
43.5256492607585	-51.75051983246492
5.501102546457848	124.7478030960788
-55.98336894291192	72.44457828594585
-30.12118916201498	102.74683731844264
-7.395008443497213	94.43234863666781
-125.72729865471926	45.11461932349854
90.1865711482931	113.26103674494478
-15.854829869811427	140.58950466326422
-12.907504649272559	67.90998921571705
-33.72821932176778	99.96169746820566
-21.3078043520525	118.17870449098773
49.04839133040976	81.62277089311216
145.10498583109177	37.37556673099789
-20.177592780683014	108.35919414994987
-30.84941171557523	39.82531824761769
-143.82290456936377	11.957316626605689
-53.85746257764021	-50.67228838145175
72.24520920922197	102.69190833549752
55.45239074762247	135.40407191385972
94.14538758768335	101.31512851523878
-3.888435610001573	36.99162041040985
-82.73191427529348	107.79072435598238
-62.83710973044323	56.792805168754434
-33.90370621400435	-19.252943825739035
-15.257612540587253	76.8287695009111
-11.621413604950384	103.77246310551693
-23.097377993977737	67.96366010790362
129.15696181586858	-65.38854343899271
-91.29212297173522	16.42754459706857
-107.89999770047702	65.20714909668457
-98.50152403681716	0.9408374686893578
-76.76350583092963	56.289280020843776
39.9299871812454	77.1389684911241
-12.51169824289922	83.32103440135401
-37.90115125992258	61.681365656392096
41.21423870760942	29.248732601256414
-28.40383867508778	8.679961494571607
-84.38893428645221	5.879938877278287
-18.460515823114203	118.84441146491689
102.30452754857679	-26.41288296641464
17.664462246043662	32.67332176784217
-18.98318299612589	70.54923321113334
53.85263219530477	105.59357897510982
-98.11892729527516	-31.22866584654318
101.48060034416758	-109.43147680952333
-13.62011715335447	57.820374365032436
-76.79370537097803	39.734838778092616
-58.013163963583125	71.02361212886531
146.33314253707195	26.89900477843778
-27.408876697511293	126.43421301902413
114.76199456382163	-63.86245480672495
-83.7811861738354	11.753816168494067
-52.56668882589755	63.526626574160744
-20.141922328314966	102.26798484087296
-59.88656373164882	92.08037823812535
42.76413423020742	-106.19613769450407
-18.4415729038922	117.20022629892644
116.89652019613885	93.8992687562053
-31.114317862657288	111.72756076934208
50.4615675050683	-53.513836720587015
60.07596516556906	66.00357202774781
-11.247542457849416	117.10577847243282
-27.221616010765015	61.114800394233555
109.05775182415798	-96.14353182467045
-77.75976329468233	82.65036991914637
-5.15438400622845	94.12281030382906
3.4195122018922786	86.88525366955764
-61.477569700160025	51.821891431554725
60.29137687317657	118.14811821616571
14.232487346121818	82.04859343894549
23.223963559297804	109.82492364654549
-76.51186837047274	49.570599422585204
-73.95094656984311	76.49174243327316
8.073821404237034	41.63101138224888
12.85269229317754	36.30366371968143
-31.398338755712597	73.57484825110048
17.0547276901789	-127.39053996377507
-9.291492794448772	133.3188592475132
-66.91988418166036	69.68858318902505
59.650486879624	125.11696784518122
-9.370697015925272	121.79781836755086
-24.32968156187558	65.87998170691289
12.72698333160028	-140.73198167837626
-55.64432854377535	87.34632828312985
21.074456920582833	77.90108890146446
-10.971366087743949	-46.93597010018607
-46.3489435444164	95.87232131283946
-7.857980593299568	104.54852096060651
-80.22530091908297	6.409704622905382
1.815051560011434	85.02453583474662
15.54363241837994	67.94471752451942
53.015080745576235	104.2007788691544
54.866224906205886	116.13205798912934
111.53935924338226	-71.14613023220137
-93.87650266985827	24.418357868945563
0.29433002095861954	83.9582159898091
-14.688117040127592	79.91623358840936
-2.3236911601730026	102.1143355329787
-54.12471608077812	104.25986152647961
-33.345608177877075	-11.267510326526432
-40.836173919410065	115.28995163675803
29.68303750531775	84.87776597187016
-2.541790260169378	79.95887202344254
-14.22630806191639	81.48246009180725
-2.209451475736928	63.11196446157927
66.55283649098857	94.75436478671955
59.25241714047758	30.366645090820906
-34.564747154090604	71.28558261972438
6.646565665210115	-106.33116923544799
34.7106585388038	-30.314934252121716
-22.265973806195966	45.756031109670005
21.62536840095832	-106.87508244637421
-121.45540304684604	34.292087380118616
-57.03559161692695	112.77638007839562
-70.55800680596684	57.08779640995022
-50.79183483302261	68.9234384092167
9.095506933972775	48.152703225496914
109.59367789072108	-7.889408684686718
-73.58567819000753	105.4260780476667
-47.30846923185231	82.94609287591665
-50.629782705557645	105.35100116231833
-84.10528640203498	73.84031871880974
-42.65569781050679	63.81901121870138
1.9611683353930365	-94.75422083363148
40.97828505996862	54.344513802561444
149.80429078227226	1.703431101858709
-27.476721173474107	75.18908037738503
23.575691065545968	119.22816813695391
51.699311716822855	45.56068476080801
123.60685054426256	54.26115575508315
-62.151572768109254	94.1523151711438
-51.462007275466625	68.03893235716767
60.403610379481336	58.306567214515134
51.908237940868496	97.46740944084124
-94.95022814650007	88.23462385551888
-52.37336886281112	74.88937269355753
-15.16759078871209	121.6783941521458
-57.87627006703398	75.29456580916032
-9.64740967675518	137.4723286444206
-29.74601441994058	-38.0072249254279
-13.591738444408996	94.53566460547258
-41.44490508152123	66.39380781079588
-32.43670747386653	71.13863219458966
10.362965968687757	16.260184835817782
-58.427595822323724	77.98927106143617
134.5651801833036	-26.632999812360538
80.27948784329473	68.53357971062368
-84.72552787879779	95.06162692963379
-86.84643007372942	88.60801269641232
39.16494638194498	108.98412771209557
19.59790138993563	70.70882333661318
10.269367096422034	137.94900942113253
10.214621853449936	121.00803590657445
-76.4619886419752	0.04312813782376962
-31.88952747207364	98.08540895291794
-24.013183946833735	-66.71198791636354
-48.980252085980254	116.46118867910204
60.42142716200537	77.3464786388735
49.96879883677527	-18.463757114205425
-21.387388146556997	131.3469410748743
114.67302995069603	48.7565596706938
72.81699879739485	-131.04366497323068
35.58039963080124	128.76359320954649
-7.631014547996603	65.86351409086666
