-43.775347493541176	137.79392695728114
-7.277215812884461	96.85988902218594
-34.120751013555704	106.35255423557379
59.0716432412464	120.04786830383738
12.198955936792434	89.92449716453953
48.933296943575215	-84.87122696202023
-60.632468317209145	-27.96353486717526
-82.51036200442455	102.1255925879444
-41.70941139052246	56.35681905605627
-83.7157411887895	38.938687351592996
-103.1634405437792	33.360346599663245
-51.141236868217504	80.76934191107449
-11.086256941990039	79.25436569387522
-48.2006518790651	-83.75217630615904
29.67429350371602	107.47950000860173
-6.873643952382024	104.02468114944733
68.21378657015896	-129.61125183857587
-64.06250421918433	123.02237930318613
7.438526242540307	-111.95715847593581
1.7659136783041582	98.23188807495112
89.49956839674755	93.64742201021151
48.767903652535125	108.34292127900775
-41.51282257279656	60.243241781546274
-65.90908970300084	21.241277118468503
62.34300771967016	90.72495985676377
-45.49298830294847	119.90215444764253
-70.3702999645229	51.34399315355748
14.806308553303131	80.6719743107931
43.69673264454412	122.25378184879673
-1.9476129360921057	111.33261253608639
33.70031288485432	-94.07784807290751
57.71679936218128	44.53372477172629
-51.79661830951101	115.44240235671703
-3.371456237313138	129.241909242321
-21.54353443568136	-45.85111987677584
14.747081411366153	119.0247561330334
-63.62773907036756	85.00587508446084
-46.88771479098075	23.111800462500014
-85.48367374283585	23.047304252427583
-57.83783502777451	11.261065901258174
-37.80850054842216	94.22779792664572
-44.43732555663257	82.60977391115738
-64.75959696176727	131.25476191403956
41.15907552159295	4.36319650722984
-37.98619554392479	54.664584910745006
84.32703599210849	117.23908610660433
-56.16433162886943	102.82718703273311
-2.612150502549248	76.14233801504778
-18.45882327628274	74.34838451106495
-32.47078218061592	109.1323417934713
-23.529223916088398	98.10878492247673
-20.61911571554139	81.80872465415916
-14.089503400959607	132.97247502076857
-14.170238396044645	70.26096155167667
-23.527811715182867	73.3784839241226
54.64824462239328	134.89009936517743
137.69760602847808	-36.17268527507103
-44.38540290915321	54.51530712989621
-98.72630412537121	-54.440895379836554
8.768895530176524	51.00308360834292
4.27055083438364	-109.8266323293418
0.23741862915263792	64.10217923703259
-31.26628434908949	64.70876330097612
2.756269387137199	-59.172733158736236
-63.11247633857125	77.33289349467829
-77.45804523537882	51.91992479384869
-54.72095985847859	100.61565855273521
101.9438616533791	99.90760399253021
-49.99236872342992	122.59635977764862
-9.335273220133411	100.59636123360242
-11.742164165396762	74.69483185200735
47.608032128523774	-95.5458134023559
125.11648566145364	76.14401572063845
-69.29194346300032	83.41533171833525
86.26136212492766	53.38740811082746
-4.4167651137182995	-101.03846062456444
123.15094036484238	-54.17753464084078
-67.22691582168443	55.579747837383984
117.37844629257451	84.53673677762595
-56.04953492745416	135.69964824638927
-84.45390764960291	-73.24365964261868
-22.003774087829363	-86.72304572545535
113.84439650212651	-59.216935737228226
17.548632857320616	86.95459261750207
-63.6825709737003	58.973509218465864
-29.61614077432132	98.92817923818312
-86.83657580339478	27.039868358528665
121.0204005469665	80.35607334775169
103.91931731832909	-53.64354804864095
-13.795187580528507	62.29225538258598
51.571457988097364	-69.02921202394106
-12.931090232282763	59.10311805583038
-13.320813790788268	2.961017744915736
-35.67328956790701	70.24426311476083
14.963201830113857	-113.30579364158446
-54.2742877625139	103.19582400297774
-6.8029019263454	14.373126119329456
-99.88121957963534	-18.881021959474747
-31.655482757049455	63.16325262397014
114.90654981368517	68.8377069191023
-15.84039472522901	98.69444483962508
-49.71459630359862	86.39560880379865
33.72683184712023	137.5905924568139
105.88342059866643	-71.20462386067452
68.97736246314089	112.29049489009513
8.534662202650544	96.01343391528691
-58.31933708430256	88.02130485667148
-72.62279588572243	65.73268036388458
-7.284458136107717	113.67866547991359
-4.236366926739327	72.22651470903712
73.82883050169536	76.08480694789361
-15.405763572504894	84.62395985740731
103.85069405870331	-96.70587898413733
-34.677152678359434	104.89608027048796
-40.12941648979278	104.21752851413315
66.63412488133018	97.9413310451289
59.190084690119726	84.28262576235547
84.57967524048311	123.53759937452811
-84.00387749286799	88.84100389119529
-50.16655506045547	98.7237920304434
-7.967607893432855	4.8881096020748105
-13.944433918338984	87.62180779701583
-52.713289411811175	39.45363228132371
-32.98489186358622	50.510092411865536
-1.8011244881158917	119.45005433296737
-71.22352415926781	81.74583723384778
1.832113277863322	97.70745144274692
-12.063019232250117	-97.80891373478897
15.87966547301633	91.45933173665637
-58.91601114898712	49.9761606169808
109.01088220557324	14.083491280073495
93.22971117370253	110.35383007319413
-47.59823239646334	44.01082688607588
1.5399023303685953	18.018209959894993
23.666761325166625	-100.05140346932544
-14.597169751943097	113.10348099861741
-33.60311234463362	107.3326856952822
105.31118290449523	102.72233768144379
-131.3544156012302	39.86780930280257
12.595476969609782	86.38150882074304
36.402659026757384	-119.2957399341992
22.43375436627643	118.19842297848035
-28.781877509284744	116.30762768129445
-105.65428516846481	31.302415762240624
113.42416295986875	97.85811324729619
-5.8552314788220805	117.6888067540909
-6.6112865759415005	56.56569885817465
61.76568430077565	76.31991222985964
-0.9498233837538814	66.9301245454639
-50.29649008338234	119.09488991806992
75.68031376819823	-63.08489769951366
78.98418492058495	116.50519185966775
-64.12880769521227	96.19597638815728
6.572826698026165	52.87319309088431
-12.271049951466042	105.3818078905738
-20.233861408422623	108.66318079620282
-24.0799035293595	73.16677005199301
-10.915835092104466	67.80166758165119
-46.73530406316039	88.7587853202408
20.759819474049042	96.65345419699071
52.79112598985543	-88.66489169033507
-5.774650690009496	148.53152257677033
-45.398154326609976	-27.546911283444217
25.534071400034957	64.61913066241607
136.81488975975137	57.61624709084528
0.14919562023606625	120.31359548661884
-30.27181401709673	99.96199788507923
-35.501354690288615	20.110759205112977
-16.47592889065351	116.35455571865899
71.40998284383326	78.11141664263856
132.2088660703044	-70.69739815231175
-37.2456088447436	105.85488123252415
-17.960909913953394	99.63896451154083
16.42213595990955	79.89737985989417
-72.57864696836054	33.12461371461256
121.0460129308049	9.745027384712062
-37.02975029135076	-128.85274405570598
98.73649244511643	95.61152891610324
-53.43816758292672	92.9425577907089
-24.895899873196548	69.3186440840221
32.49546007309334	21.70815087340433
-40.729516348395194	140.94272283006103
-22.804227066940168	107.16022606280808
139.25583457239466	46.848734032327094
24.97327016318271	95.88241745409739
145.76208958876023	-14.20663077094886
58.132178696619754	119.17896625005501
26.31581670108646	-97.45834208065116
-0.7462722102947319	93.0131896458384
-52.656327678955094	80.11534508244846
22.57462373822873	80.61611207747828
-22.50764952509023	57.29400805316911
84.82681317797015	54.28955783313715
-33.87277253383313	56.3256481819112
-79.8528782065613	103.85477078881296
116.0396107408411	-24.126934116724833
12.135586951922695	49.89516843185224
113.6928174999406	-82.25212631124273
-93.29002135302905	74.50675518746809
-81.9292223733268	87.92159313592097
