128.06923601729832	45.967600000124236
11.977551639827528	2.3166796651132313
48.82814217426929	109.20701250372738
-64.93924832720079	81.7820304934617
1.8262522289358458	77.03896026946526
-42.28226750466328	140.29520694400074
-138.5034204070064	33.61528480487067
-12.669263294583281	94.18542513814975
-103.45864510719684	-88.21311409133509
29.26885200924335	104.47922587412248
20.222658961749417	134.7201067498333
-2.942684265057114	117.02878161306101
128.0411003992621	-53.974854647907485
-28.553542669487612	-50.98356852047199
-56.55183574088811	114.84191568944135
-8.433632991055314	-77.8490073330882
41.47791856270288	-71.58978439356996
82.31224580191287	-41.713164992141266
41.46172936370349	22.105619147129815
67.96790991627282	-107.62405496922275
81.17504868700036	-124.36500313434456
39.10166431490365	-83.94055092051636
-12.171499559995924	-0.4447470127732741
75.59929427132825	-55.139612964933846
-13.318763660499245	-20.00555727215089
-89.6658743021056	71.85422807286564
-85.3621318048843	94.7936763227571
7.510457118631232	-82.48500527887998
37.47017408671555	-51.138970139700625
4.7749478292394745	29.236087975157155
70.01812617112444	-121.57364496931729
-54.88437383267341	-91.25114789341983
-14.53693723765234	-35.7784102595843
86.82815681591222	9.02655194220651
-24.478353730424466	-96.07231173145644
62.444847931165945	70.46040479643494
-122.79580449374447	66.0246912382291
59.715712933410835	-76.3412068583287
-78.7087455118253	9.058760350174195
43.433120583955784	-87.50680682853229
77.22258869672004	-48.91355341872164
41.53048064646971	-2.9548371095755246
137.19972720501417	-58.585321807711395
80.94712040524729	-61.71866798007137
-64.38071369193194	17.26135663253297
40.79272929944679	-94.30860604880067
-94.38859621493093	-55.60986482961221
-94.33892873783884	-9.578453236664263
-7.044539081043479	87.69863894297059
124.06295031390842	20.928354626063456
121.63154779564643	-18.022554693758835
-63.391994894725116	54.73343189278712
-80.62878996396654	-77.18093048768738
-55.38021798006895	-3.880315407538971
-2.979192833376074	-104.59425937110777
7.889161245189773	105.62158135773676
7.815231251700449	65.0424369891712
-64.71855659113409	9.45562867606488
55.71988988130743	7.931649259451162
-46.40256420239671	-131.61048813736417
57.23640282293558	-115.28614361621668
6.739829539048686	-66.65528640442773
131.8056944019455	-38.306800881396505
-69.479223899339	47.325021355808026
51.53459649827932	71.45316256918895
32.57177472943724	-18.56057762224634
-85.30530479565138	95.13374982376106
47.54680901613324	-53.07492812098621
-92.31867303358143	-40.54232980283206
-22.938244057343404	-52.91485703667283
17.45354278067318	-131.10934705867655
-102.89127134120088	20.423659197171645
-124.73820931579871	74.65289122773606
-19.437594255724157	-68.39005325941834
12.145328527136048	30.442060236865817
0.9240680405319627	-87.19133505729792
-68.78246962766147	-84.94011504743317
-104.30072405048453	-47.01350350420847
86.4976585269026	-105.42356539958966
54.56238515047375	-98.58294677842302
-34.63125521800435	48.4108873378253
-56.97385303444135	101.5007321587848
-12.962920438623831	61.77146635173431
-127.15243849598174	-48.26569736273018
-10.657060349858178	44.797233614732946
-45.44402279553081	37.60148342425967
-53.95371637576234	79.73101151220959
16.955513800544214	66.6928000641737
87.73599890402207	-68.83988465887269
-115.02705761210647	57.725942693680445
-125.67760590352347	11.851845622094169
-32.15877982114808	-48.88694211076855
-52.86265142114118	-128.03750619229695
51.813036310273134	54.72711272097496
30.618701968382016	46.13317283217272
88.8531761647781	-39.903572495001825
-28.560993861217643	-6.914251107750105
-58.21274872893748	17.793877644124244
-25.783844745545913	-111.991455216739
-13.11054925644644	-7.229457539077071
-51.55250680331406	86.05354417186608
-131.54043714996038	-15.3766495505484
17.754928263281563	74.8894516303135
-71.6809198511702	-116.77625020322411
-147.0964307766604	2.8310627508803057
-47.701296877738784	-108.09650967349543
-89.52393380219132	-108.92301203425434
-136.59593789028094	3.5995831855880396
26.908528375070468	-117.79617724784947
0.12532384280786832	-88.13214265734767
-67.74247234723573	56.82397783732961
-122.37760179786581	-62.687842470820776
4.572755754100199	-63.281956373594156
70.17140936619982	-119.86868527014337
-79.06688839781214	5.047724498163023
55.882412311851745	-122.49906539271238
18.644334430020745	124.5313706816804
94.1795082423607	4.25032319089846
36.0367380175408	16.2138066867925
70.41134647197472	-59.710159163909026
8.884734255607272	56.4274108275934
-81.55581983816187	42.496813897134565
-64.03199843476993	-7.320136899445456
148.9789412369451	3.2677263160524856
131.05284253667534	-37.65544088340041
-40.576106343116834	132.43480231882532
-29.60563760914054	-118.2004818105865
-54.218072840965064	-64.0188368129195
55.37143005783781	-89.37979890736237
145.67336770664153	-9.99861814914839
-108.35684292899529	62.03269919867586
40.5649120177807	-142.03685536295856
-104.75423748076635	32.84460808916526
3.8137545618545894	-20.818251841716705
93.41936909993188	20.77209872205743
67.58161034964112	103.99536096899921
-8.741826316590553	142.43020461280415
-100.54490610376851	96.60891400407289
-109.83968127524238	-36.41321419169092
130.1284891366913	-21.903876514941626
-72.358968812597	94.90566029818326
8.602290397955992	123.45239716011433
-82.16292635060242	69.11742502148857
-17.779948318542395	-77.98513414620633
55.08789020459028	127.10198102872087
71.15987149490485	-81.09159221352489
66.73839051721768	-38.19011163604993
-83.05719343375671	78.27352568396171
-91.4719939424391	95.75550101739861
-58.56052662825192	-59.596871575680304
75.36737182890586	87.31703232095974
-113.72144079180815	-52.748455321484265
65.10368286309163	94.5476386819415
-91.69628123543576	-114.05436265312191
74.7388482818519	-87.75713744454976
114.85397970939994	0.3423651060816974
-73.92127727745303	100.92476871163977
-24.087280105824796	-56.33505027455127
-80.97468580663457	39.88462190269694
-120.10223474960897	24.27498844158521
-58.569010995482984	-54.78342642470711
-109.1884453178516	-16.11148774715482
-69.95367168300128	89.86010216392391
-108.03072788885898	57.06764051919622
-101.8766986292655	-19.07032056983505
59.245758609475246	-54.228582405547854
147.41894633435868	-3.2961011570366656
44.56923870551073	114.00069242706198
-47.19007040753947	-42.42343648178322
-30.581570843034502	87.69953500257486
-67.25988088992997	-77.53524641054476
13.922938338217431	-120.83976830381282
94.8416187809038	-87.66901626627245
-142.77308534509513	40.13764681149911
-75.6135358507614	1.0293919376793077
37.15951610371122	114.95499881107425
-8.032484186395948	69.83515000167662
64.41343626032075	44.8589736912526
34.14279989945607	-12.977120140373934
-120.3544658184445	72.25439570032411
1.9115515578059092	146.74288530135016
111.88356672461137	-61.978571272040284
-91.25877319138161	-47.66822616338481
-87.84632457739886	-88.26510298235718
-59.118470142684494	-129.65869445702543
-137.54125299039382	-34.03612471608025
35.90023066600882	-47.53941953728711
-104.78893773203744	76.37065503133184
-48.033041913051505	-13.95867214088633
-106.66702380674384	-92.61015967256449
-100.52729709292397	-82.01970593114073
81.58952186845528	69.74473128532414
-40.40181004918731	-108.35313287749582
-86.52391613770331	-86.35193606750825
-35.79924449210426	-16.291800822716695
-122.20931680791912	-2.0734110268692096
-26.843880950548048	-11.96050424029773
74.65639152878961	57.427910571481135
-67.79176641319214	22.607511287811658
-53.01738766732191	-3.624058753023977
