97.84839255292334	4.2567635005947695
-17.183641212454482	-115.40589412338494
-45.14838536433074	-39.50015365750491
112.78649512308901	85.22510164568497
125.65046552310156	42.3870743802541
113.90863336101954	90.30281213027546
67.36151247199439	104.54176379569343
-33.701795279047765	112.16170042479818
22.51934822679373	-34.422945480548236
117.14794177911803	-84.11908896326698
-29.209712218990017	81.62018532740319
77.14244642488437	53.71572154668201
15.408148713518335	135.98538131530037
-104.87695521619122	34.07671744621374
-57.42013112431406	79.13431106094873
-66.30196477100857	-49.51446219339816
96.98106250772663	82.8696795036439
-33.58802902307905	50.443317372467355
61.62566818186885	111.83016592160284
-63.644710064135786	14.599914740637995
-1.3898460930690768	101.21438249383876
52.82966563157743	-113.03317966742101
-57.45277974457398	88.51787282232219
57.06563429846195	-70.74307266623465
81.33657372800972	111.82862065155393
83.28104225490993	-15.43010024237613
3.935626839405969	85.53792436076584
103.50610218401462	75.45254446543836
-79.11408175545967	3.1043301591146895
-114.02360106809593	62.49161931039117
15.099405201613676	20.74868966948493
-7.849652418825929	89.63789541643852
-46.0520910020429	-91.0633850340059
85.00519252535295	78.80342207454112
-10.911293537888767	121.37713962851193
6.619832975445299	129.64531248591086
-32.12458746375182	-139.44009596646646
50.87198741676001	42.015139513070636
-16.076100150130156	133.64944185897957
112.95595137728571	96.45819624510943
-66.9131291491497	105.50656125734184
-80.80877162202333	-68.09760805176245
75.3182077649494	-121.8567697022067
44.40297842113277	123.69790570932629
17.879304061081164	108.26916313387906
-2.7441156794352803	117.1560496567328
78.0564713337628	101.97243819032364
-60.28995201345007	9.95003291142131
123.08855939939825	-5.857942736713332
11.202570746014338	102.55909582231288
3.6938428720018694	129.4445065049766
32.6917218950418	44.76742679289949
-51.69629041206775	121.64161462861372
-39.69858415577793	-143.13317230308868
-30.7302418175064	88.22816525066894
99.14528687895897	-68.09081493665771
-51.908498090523274	77.24688910921131
-13.079371399772471	89.16104454012375
59.89384412651094	-62.42240966791414
47.09976284635092	121.02364359419657
77.61110444686169	-105.68908734126221
134.45525376027214	-46.93093680781703
-57.0334122536062	38.78232056769732
-63.27492758086954	20.568179876266303
-88.74719120569162	20.046153867963056
24.60866696911961	64.55299346379228
-60.35693886406313	34.873382683557246
-18.38928696461472	77.13627707458261
109.66060231016363	-62.456504140011965
12.268223854974469	90.35261098225703
84.77679760458231	67.82917268590425
8.331318940693206	-97.81808581963948
-8.648020600094142	98.5013333072224
-16.775516777277563	88.36993952531684
107.35941996632347	9.868189893165427
44.56010116149768	-73.18205839968094
-40.94582380397195	56.79126703598539
-3.677548828233124	97.14994720937027
-66.74922821214808	-77.55301760139052
84.02110447881792	123.08093690390636
-38.96721617141734	106.54404615308104
-33.168177060294546	54.823514930724926
-6.32281414286923	118.96357436277245
109.1619432047967	-90.52667839460288
-51.20917005479995	73.43550356495793
-25.580872984683726	91.52347906036826
-67.79188850557755	77.07179541129865
117.11323816367424	63.932354793803775
35.93996565894237	-138.72828630534676
-41.296140797505075	74.75373340465654
-7.0529685504859305	138.0291192004023
-20.290239403403685	96.7555532792132
-83.90306693732127	70.53148525287338
-35.767547995518115	135.33953280245467
33.892459921877496	74.31455646151016
-106.05041605254702	-19.605521109767672
88.97288051765244	5.958054889144911
-16.99888545090696	101.69422215656664
0.31130413346585445	60.764802057498756
89.07811696881276	63.31745542590385
34.62494377846872	123.70472137103155
23.621557652028837	-64.33802050275777
90.30000946342786	103.90629604999613
-7.273234609822659	138.81086401900788
102.59979590796475	-56.25780009962765
-32.70508338597488	76.89069201130947
142.69214261390093	2.1880906878484407
-36.30397226675224	53.42586650581803
-76.90826854526648	55.80999251403629
8.55836782111222	-30.286259976966026
-11.730565934222529	50.05563110802361
-36.80213417171518	95.99394739709597
17.543240220486776	90.20304016327758
-63.14922206011625	50.702143489443465
-46.22489198392677	97.24360629715113
18.0709525834021	58.75022413234435
-9.862798874044296	85.32355052468304
10.711956595366955	103.88705521936187
75.15851231394879	117.71420799343416
10.389022051528416	83.12759420940655
-61.26645179401599	87.33270401043399
70.91021012783092	123.02436665835619
8.854590723413246	70.06461609338787
-79.19257463243692	66.21427018103901
36.14422316267947	118.00314266766453
21.701129372726513	-142.8257625811188
126.14375846303474	62.12032667471175
111.74498462498649	4.72676977885516
61.77835320011312	135.03129343162266
-80.79994941584626	60.9367657206665
131.55965392833318	67.11800514881858
12.18306711567614	128.54177691602771
46.01260239290764	125.16812772507654
-8.183111151483281	58.60032639559107
92.26883347391752	70.41829418554808
-26.54166065592754	140.07018929535266
-9.678772935742089	-41.76948360205962
-49.88024768939277	-24.574218242547783
-71.31462028274935	79.13825534911345
-71.76930276245326	-80.87594311680763
-22.246382927346126	92.11060353155825
79.05432903746141	-83.18657673442492
-27.700450961375335	49.04455020433583
-28.573276006743427	92.31179390726346
26.57877562169342	-132.43065612118548
-27.128744345711823	100.85957469886245
11.388232871542874	49.57188145123024
-0.5990118184613445	77.46562619339113
-34.13306736929143	68.82251422979989
76.54483105345987	97.11517959005131
-65.5090140300724	-4.642209452234201
70.59192795096125	87.13287004828199
-64.96645386816218	59.24062819030952
0.13098407837268675	9.749571341528345
28.787765656747872	97.43531290130579
6.3438503723551705	94.31494332985993
97.08049774339884	-64.96916163805503
-45.02801889563495	132.1006983139453
-71.67319025635395	75.24764665538368
131.8516439437887	6.311722766238026
53.48384749721011	130.10781508648847
4.959391147326845	-7.617590474502313
24.32509914829015	113.71327184976775
113.7733779687642	-48.32309050343263
-38.41180251583958	36.91470800804952
10.345090025903565	-7.527686338237554
68.56750195857786	121.21847803456951
-38.61372328126598	60.3242874093935
17.99010939280829	106.07093438562619
104.46120241814943	-40.04514118521271
53.888226271874736	25.901840327840834
6.114821726205542	22.02460408225626
-60.825731176144245	73.79923601700845
-2.3357889599896007	141.1467604182094
40.00002496662231	105.44004001677337
-4.500887213100267	94.99301453398222
-4.529251908310327	18.3710991090436
72.45180275549356	59.28670684285757
4.488240964116967	137.28397177104824
-44.25753524411289	104.93185909670805
-36.945310468741525	119.17945500587999
125.95848814288158	-64.38793907143818
10.046621236335884	42.30556001129037
58.04116990281165	-96.4976428702087
19.16733883858925	102.81734911006727
-32.025737807217574	55.517538741807336
-31.900406511496083	-42.225449474857484
83.22572814499853	88.90024638472671
36.83077361338839	123.75902563563977
-71.60798896666668	11.355732204141392
3.6197262792181846	57.117893418809174
-56.006731017828294	76.53349705076089
35.50192424941338	129.46341241545858
-34.9053298728528	48.24827226851917
-22.79851778923962	129.52936203216385
24.601656078347503	136.83347953962385
85.41242190981659	47.346540607564414
-30.378757865287348	90.39809976257928
-34.686320250740394	-53.30340382035763
102.2140402604868	92.76741529273362
