41.895979162673825	140.43068379022935
-3.9652267627264655	131.99473913572328
10.078941317970136	113.69432145619923
121.71041235833478	-55.36821451827083
82.39203879870455	96.19135260544623
15.192811341453638	-139.5527518779649
23.418622678770912	52.53507420015106
65.25742789576442	85.34248996930596
-27.439074825528124	101.59900049088877
-79.20980442045486	-22.397124280744386
4.781170293890658	72.01809753800572
-4.585473649474974	137.0075445086741
-91.03351643403457	89.23475358992702
-8.099429861699821	102.62079029468626
50.701129019393996	67.44640118117303
144.92529554577038	-32.10681477079668
-74.40014714206715	16.85229190546133
-94.13787805005902	55.63215318251195
-61.3792265397509	69.95731568624424
-9.191566319311153	-124.96365498734802
-39.281406399224394	85.51213747283097
-13.743989113192688	35.6651845924798
-23.637869261101393	45.91991121707157
-45.41108730464712	93.7759600126616
84.92806583242813	59.62068615421494
3.2391574033037593	-131.31328630324097
-42.64556692735562	-9.191141852063279
-16.00605192930264	70.96263028298355
-3.600985629677955	142.7191842160434
-38.32505358209149	67.93180397618009
-23.599250292664355	61.132418248329635
62.49400156517992	-27.852740404724337
69.30117520405278	-11.62176833934434
-30.334832754325568	31.660062965186047
-87.39559482896809	49.72637781941437
-98.9448793744739	40.56572933842564
56.55403562220625	60.69429412680316
-51.39679597569225	35.263271720113764
-28.88613160897843	90.29261380784196
116.16062887537016	54.376769337452224
-38.98371800113353	129.99165740569217
110.39119719270006	-45.88089073921703
-42.0861207929689	-53.837522516057554
-86.11241165229221	48.407087723302396
-113.6701440566441	-51.66488657795999
61.81490630436675	-39.732084315033745
-44.133153559803716	-135.4026485672226
-60.731521370197584	59.18374539226262
-56.25984178875296	28.28200895852431
55.42391096601917	62.36891581513587
40.901887279999904	-9.578317389774824
115.13431946076363	83.28952632406984
-35.95319326985636	78.54371051328452
-46.746314170063116	93.18495696513862
-20.12110742235973	101.30109885501679
-19.128481847739348	-74.19521654647978
-26.76044670365077	120.52568499754663
-14.050875226879283	67.85737413067507
126.08119999230179	-70.77450528371241
-10.090257845430612	102.2962259561044
101.77122979583356	-99.29344368573277
6.0322796835181975	-46.69504416234974
-33.64894766359248	94.26205743415566
-22.900720123094338	67.14627209932702
117.56853332576385	-61.866028317468334
85.56720689458312	73.25641530608749
46.748072822705815	116.6024417757584
-77.33905870796391	35.875918702761325
1.0034715397079872	112.13978312659054
-23.946643989208845	139.38130737325247
8.281085989539214	84.20512557828968
72.11890052989641	103.49340953321534
-41.322998991470065	87.30954706739259
-61.82912039852176	69.18086084694683
-34.56574566034462	113.2035760046904
-50.381212870770824	90.54458056477937
80.6676620657144	113.93108596861056
99.41655840295915	76.44171148130437
-84.61074246982587	73.06333693105815
47.924462395209794	90.52694983007176
19.217143614574937	130.49212843073371
-3.0667953898670803	129.1854979948848
0.26522463806777047	111.18198962687032
-42.3594840525745	-119.77695428832261
-16.711668129326842	47.07531593568461
69.22220709208601	18.43729248438149
-25.22082725860577	67.07467926399177
37.707124127807425	100.26689290502325
1.5979848317376726	117.6328197650535
-67.02100098446786	111.9443214562896
-44.76763869020693	99.1366407215864
-9.175141720739871	137.5832271016946
62.776485816583275	103.65161621654515
58.409949055952445	121.98695659736853
82.81277884814008	5.399622046590045
14.66655286894376	-74.05671534110608
142.93799606960292	-41.06933669379672
13.952307068677815	84.0636789003582
29.645515689069203	30.050525366816085
65.40507101392785	75.34864091625484
32.446198997652495	-118.36711332255277
-83.7982460642975	46.32391519860555
-30.936956696447282	76.79917166200778
112.1644964216305	95.68437595758249
-8.293941744218996	143.1695184851596
-27.173322881439212	70.55994504281986
59.741331397612	115.17829436835225
-48.41275825499901	-45.40882102640447
-27.078989081610448	140.06781727449325
-47.805931164422404	113.13096640597233
-24.588798690793002	-86.49942574392105
80.36620144279765	123.47230395742594
-42.01038046234408	108.5148712987281
-44.304722261045114	76.89549567824214
-40.88858672431597	62.562581723784405
79.08375056994862	-87.3155792463409
3.1217610779940994	131.6023392666341
27.749984517956644	-56.964391917408825
73.98574539604125	33.76389174944991
93.96474074423284	-33.34317221470611
7.761366073535508	-145.57295954877446
-30.747406245799347	-119.36310747123059
-3.3993124667148327	60.643037095378034
-62.39429982832859	62.87060361652887
21.437303380308613	64.6894861359304
-34.188685897662126	57.55864567224575
-85.02109421176783	110.68600163796373
117.49072256185887	77.91114826355019
92.502519328557	94.13589311728994
57.80010692876694	89.21925477787892
94.46373019212884	80.06227447389594
-83.13661599904252	16.140759562812907
-45.783366456056584	123.31693413582202
88.8153051392773	99.20803266901777
-36.12479270121514	74.01844941242818
-33.14932928528065	103.12514492654714
-23.363539343017482	146.1583174860932
1.0906367383923574	-29.720378957673883
71.02417011626488	-51.81946322227172
115.79974798284994	93.54407638417004
98.79348375713144	-104.60582829751003
-70.00956293241686	-89.24610344780343
-54.10205393132699	57.72276782422212
37.03709331034472	-46.49858067268538
20.05021915268576	125.82307709754818
51.87166862031526	-69.22669740769153
34.99679102196943	121.2194971871427
-34.63765225766384	132.30497547608533
20.454185580554103	-130.80447618697252
-48.41668843423871	77.9353235709304
-39.890613397132235	-121.15850075365559
-55.935684378712885	76.92195611886802
19.471413187143153	113.29810158533543
-38.17752289390774	9.103154755278894
84.73449990324474	50.22990169923104
31.765183683523244	140.1686450565886
-81.61565850866744	29.12210631131571
-9.5655184725514	104.90198291727937
13.739107567919616	46.228136469713455
85.81165621459184	70.62560493133554
81.90348761039184	-114.44389061647155
-64.04929942578617	40.59140236420622
-9.708734202573323	70.57916376496667
0.9536342087065214	110.85865423291804
-74.50523478085611	70.44867878061713
-9.155300862201631	-145.85525744417313
-24.003139198573237	105.11306057701863
-108.82403224977789	16.768017655199806
94.28406182530912	44.2094713946565
-57.74808204497694	68.06446760279668
1.8864157857221722	107.8624201247124
8.64020954421338	149.00241291829482
-77.31280977636061	71.75270297128858
-22.7045980286403	102.32317997030727
96.20704156226822	89.36044855028963
-90.58475202911663	72.34579010312349
7.71246368032997	127.39544113401848
-61.597703861666474	70.90857512132281
-91.20810575392571	77.34031622293786
13.210843758998557	20.14997896945894
88.63550178065059	111.24089250639047
65.07897390404426	-48.96965513416483
42.087048636751476	100.38432247891849
5.413525813948023	83.9898435005566
-80.9092476322904	22.384439084853597
-18.338594013681888	145.1974881782749
-30.376087470965718	122.9100448184901
-50.712717923672635	101.8068020620783
58.51761019354095	123.15610852128445
-37.92595350750037	67.6297040606249
33.220995468142696	95.6080529115585
-23.717928183954037	71.90997029413519
-56.988850899479715	77.08995201184739
-81.44247434879973	-28.08025317737889
91.70172577330328	-31.98460543271699
61.0608444336763	-69.60965265847933
4.210648648248664	-95.68967967284034
20.45488623205681	110.9670002916201
-56.5443937998767	66.4929946848501
-27.259411410598652	137.6788272375776
