1.4484164770938577	-141.73740392416244
51.73027744523155	96.06936290701819
67.88060287012063	26.690198283126534
-18.226488586071017	40.02453805780993
-35.35614985393807	-137.75239789779974
-31.076224406329725	58.95078435584481
-31.141927346896665	-145.95445045855303
52.15795537607044	-22.136674261974594
-88.21372104558064	-50.85202079893804
106.38536735689918	24.710339510500827
71.86470653025754	19.446474158260713
79.96383978267937	126.31751604910829
-54.39953323909176	-100.1717877816629
-41.04540884891241	105.68268371562058
-96.87067078330728	101.38497690509364
-68.88584020773514	91.3221692341768
-68.81175639556963	77.48538055486436
-76.31140046713458	-69.9453540585843
-109.63921454351782	-63.69655202330019
59.908768213766116	-65.33607991902075
106.84093174380875	-8.600237361789224
45.83122770558145	-71.91804700070753
20.403853157281148	-140.3174378344989
-46.79433779882824	49.31011018063364
97.92125755806263	-58.054672380501444
-56.05607285596938	63.81330934345488
102.73609936258359	43.439547353684844
-108.14571811150427	-5.544187043088596
-8.834134983752456	101.69694928712161
-100.34156880684812	9.67847774459328
-41.87310999010007	-90.3837441629611
62.44151615670727	-73.14872228929488
-0.34135129578019907	56.58808334678577
126.89884384741758	-69.05904292366212
148.0950089537738	-7.186349030602985
30.739497542525598	97.28567090807607
-57.26435968096916	81.96006066628779
-20.522568080572388	-92.9264005586861
-48.00788712159085	51.041377352753706
7.518155637612956	40.72433973144173
-18.80296182629596	13.031632005778652
-31.75707575655205	-108.07715550823329
125.54186973483647	13.446525538650762
-22.12344795344816	-39.78805891298253
85.07908393051095	-61.26991713835846
61.68827667072621	-4.753258022512583
-1.5603524239392625	59.114644872453965
-3.8037024027506465	-128.52724495778617
71.56863662069033	124.98154510440528
15.339122868296005	141.96527363748257
-42.807369450014846	-67.4682802486956
31.821267697733102	-69.33723671122114
88.71686727827215	59.60730069376618
-110.43577589545839	97.97918216046865
21.007985125341214	-23.37539172163473
3.1824836538607646	-144.82678388515194
55.067896034186035	18.4337440370372
-73.69383952418458	48.48094992660032
-64.96488677680824	44.96907490490354
-69.32758618257864	-103.42482430315987
108.19834215010621	70.11459468972377
-85.45763680211894	99.10260812157925
34.80746804057517	-23.41157615025259
37.43025597689119	20.571860464847408
101.12225311342199	100.60613299415569
-109.48347117877908	-76.84808257682641
-95.00545969016662	107.83986539371193
124.2328785990037	11.889196045113014
0.9606379700380181	36.07232231019851
-115.21131368301127	-46.688688752504596
68.73821617609912	-124.90839159335763
-51.826786130734234	-69.15555609071166
49.157779280105586	1.6868890345203549
9.692017635781504	41.82192635114579
30.90131502871585	39.37642276610412
-44.3037288092152	12.053269960917222
-41.43306293967042	107.49922800134082
-68.16772883460439	-25.196857887728164
10.086314925104242	28.878841983295157
-44.98019588785783	-135.85074460823557
-107.49624494662508	61.558434119750935
-87.37855043639233	110.13544007696404
-40.9577971827008	-96.76739185141203
-46.258198941775824	-132.81173532042504
102.51702155195886	74.23574952729557
95.46006170416541	-87.84025176825256
-42.85312621193123	-77.01360396324972
-46.87509161113789	77.83000972134143
-145.15901617735628	4.786489329506504
42.37959321985452	98.72987000885335
82.27856388066094	123.31454545004105
79.55569919909352	-59.08860693139446
-128.5340690897258	-62.42045004495
-28.965222286437147	-49.50010024394216
32.23018092002306	-60.24191373723649
39.55443510598527	-119.0504998104368
106.07687553358072	91.25831999342216
16.254996826709174	-104.35049761981635
-64.39669130881286	103.04216022070943
-108.66579228326518	34.163326159557904
75.28172378020197	10.316665906907335
-138.00246892088427	19.762875238664584
-40.85989963292017	130.8706207959558
-93.60848498365486	11.280166110209894
13.366547516141106	-13.454237830141121
0.7901381832195593	-73.14372151298207
-12.320169338261747	6.473409050353334
-41.119557088512025	142.17419495382555
-7.812506074910178	134.40350117360384
-93.72024378695053	-94.32116808872306
-84.58664560072387	105.5844302693089
-90.32378713539958	9.946626349908588
-10.125702078924512	44.113190166694025
-116.3911241669229	-25.41606344046943
120.10728197093229	20.160561530002663
-82.56522743750203	64.42591775080251
61.75051836487493	-136.13350993775714
29.754798199492317	101.50071686842035
-83.25337416736909	44.82362500066105
-67.55116188528889	17.971618348040963
88.11756723774417	-16.700607698184395
57.362456341696046	-101.21343761533942
-72.72525620762565	-7.877210202591776
28.336517359705176	91.05740321793908
-71.22762655953899	-26.50470663775236
-119.28054602048671	-82.40330658720242
-137.19371428516033	25.514699293058943
-14.094122676632564	50.186054749347946
52.24691734207918	-133.5515795356152
-65.68311501486998	104.7702074215607
-87.18155530642959	63.48182123680151
-18.499811397047328	31.195802988698645
86.23713922284813	-56.72850895642857
-78.81295902104732	-85.27823983422314
123.69659239335975	52.040282868142675
2.5160343142118733	26.30965234194091
-30.085968005463567	-100.41918604581106
-122.22884740802965	7.296256298981779
-116.32055106870928	-18.864092893973826
39.01021060104238	84.76778002786597
67.47939354377232	-103.01129738343195
-1.7488508681767603	-138.42533886974323
-30.727437035664874	-0.7831313537059108
-33.6221109998163	46.01020982507603
-116.04658190594043	-73.41339804460897
64.10706162599055	57.389387234253775
-90.27679352882525	22.074324347486993
103.30145872274183	69.5816390766641
133.25219792833423	-67.34688764113976
-8.61675692394515	128.05914970054235
-65.84641979589841	61.41011304823614
-85.32488098457013	-49.084291650345556
12.814783621559307	120.81157739415649
-33.86615452458632	100.93652490041283
83.32195478116557	-59.879466226537765
53.645559385819354	-93.86376071066594
40.55156356883876	117.09234036510156
-79.47450042015895	52.42563889087835
-60.356188291216014	12.769514624622659
-55.40050707194286	-100.55517775316684
-1.2771592842841386	-89.59996980869555
94.20441076397861	-47.001353643402005
-144.5431690443665	-34.56493088151672
-6.0036945343184005	-70.74185576951882
74.48546096255369	-87.90050753669424
82.85456976539201	-107.37216082672806
70.03132153367426	-61.22019633852006
-52.7735295468084	108.60565366871593
-45.927953518772654	-69.27277584879722
-26.251026140459985	-62.85099844859141
12.03248623504521	99.04320925308991
118.43012258219503	-57.65785554526087
-32.440509845211494	-107.48532707967068
74.62028031493698	115.13098601817009
65.09007304763665	48.68393107655338
-36.26110801228103	-131.23848725084395
-139.62783154375018	-39.66165808499701
11.746603622615549	-91.44907196568826
-59.91011591326129	131.33741397064173
-24.659993255695152	138.70383695827599
6.464765579990183	41.55557415023572
115.46567880973298	48.37714900090744
35.88830743561549	130.18240034179397
-60.814659538406765	-69.51588993900876
-17.92973171693518	86.48978473751247
-57.26889114813761	127.91841868661153
30.06267143979643	94.81960905122162
-122.67150220320562	14.51738597901522
-101.87131790478325	-18.609374861885435
84.0784313502133	-13.400956860964792
-136.16119148574415	8.472056454317297
-31.269446053962117	-100.16274243594422
-76.54573490790362	-6.2170838704614795
118.91719709251095	-87.62022764864773
-28.526457441166947	50.12511830041276
-19.988012620259614	-50.228315576737955
-48.94617630100209	133.73937756172108
57.048768293005985	-130.60767911036316
-40.644161006356214	124.45228790235804
23.576438952584517	53.29879712179805
