63.87216270880612	-80.15272174813283
-50.28221974958785	43.35232837751753
-33.41656929653004	61.49055935359428
-18.983625538710292	96.59846329161206
-59.09045152314905	29.354115215191005
-13.907992423226974	77.09540540767459
-61.51434442025489	48.874009205106496
11.389077706441226	-76.9195637900534
46.81701877411011	101.96170614476702
-44.18083477178586	105.59363906569723
94.41344269951013	18.67877068037292
-32.562090264839206	121.11115192724822
73.90107883075954	79.53231178615542
11.131751790816903	-143.07575005146478
-83.72198991117584	81.0954915646706
100.60588811271539	-31.170262255396633
-1.1621933946127592	66.37776940485254
-76.42149800192624	58.03149174909779
-60.0348576908412	59.906615368248424
-119.59658454222114	13.090411912453293
-35.21611378522686	46.80209154620048
40.90812682063022	101.65889276356296
-65.85188293917939	-51.06313127138674
101.32644795056753	-13.951718160362075
55.66861864450918	-49.401015373450214
49.964392346212755	-27.237593404058234
-33.211306842100655	103.55931300905569
80.86965093466371	64.99466104577706
101.60663134876985	-47.078900838316315
-33.189638317661576	106.52968354469539
35.77137663298735	-114.54678442896643
-49.425712605796704	105.76502467879175
-129.5328627692141	12.645884210928873
-44.41071016540902	66.85176439019382
-80.54414911353845	80.907065231465
-21.76977966602767	128.69142687413506
-42.45951183244569	83.16027903819105
-11.400784558521622	89.16345781837563
-35.149076673630944	77.3362604792506
-88.14298501848349	-101.61669478720736
-49.904056107909035	63.52914996413463
-42.49149027017841	90.05907631031454
-17.035582234451912	91.06994640018016
106.98055884603433	103.03445841808164
-1.9740386801737033	92.26107288460261
65.80345591011645	-104.03603010465726
-93.04902934170299	61.22863055752452
-23.378869613766224	31.241374358046734
-27.741068632492876	90.521511766207
8.022215796762953	81.00954034373898
-63.185177902888974	-133.52265238860898
7.6165288455263225	89.4534106133011
101.06945083933694	74.864472939063
-111.37452734367396	27.83140167943476
47.65167054509409	75.16011318719661
64.43944293543294	30.649386977864644
-2.0362651089779256	126.03529672453995
-31.546975270798463	113.60405341790832
-25.589652845331536	111.32757494497424
-14.854385241589037	110.31753504541057
109.75255964203505	-69.68725150316818
6.872495255306173	106.75726163177805
68.17009392616434	-94.95037213284394
-69.21541926591311	101.86889864415234
90.10217497056702	-14.951684258097087
-52.353490683898755	72.34568503827803
0.17873473017321956	106.3082697289572
-50.64115814150512	69.41352381287906
32.089116660970845	125.42882699314038
79.15605516227409	-57.55648369842904
-12.954960051303024	94.02587110191018
-39.61130298681494	87.96965738998125
83.73355912411768	61.565388037534014
-57.38712390008239	2.2514704421582272
77.8606414881839	32.7955605050992
-21.507369105286813	55.707315977677794
-63.716566779455164	28.283609552781208
-45.28843162541823	104.38061866216322
55.15426319492139	-26.374125551378594
78.51118471703414	-56.21018568532179
52.227694038169986	73.16474197443694
89.721418290008	-69.41265566810192
-50.826064994087076	131.56476908197288
64.30853736232139	-37.15560465038188
60.27652476371614	74.05722168010728
-85.20592522564108	31.66766280406309
71.49372927824103	-36.823328033736374
-80.12163231235876	-14.290067679841107
-76.27034560462042	86.16820896388008
108.20196470938178	54.53469764240958
-61.054416425549825	-79.27444461070728
40.44981673695938	130.70286557973122
-43.93001728930991	17.315704946814726
-65.65501194961324	-51.672357534076895
-63.43740095729274	80.75083052341452
-56.41592304444727	102.74247190954387
-10.131501899953916	75.91537336544879
23.570153992869194	126.18874025052524
53.705940588773224	70.09856177790193
-6.3066978697031555	75.1392223588332
-17.4740885710549	44.62758508667131
70.84293968017022	-11.995260910554498
21.344954849014144	-125.6428073843379
-40.064062009682075	82.516417001997
-23.110343817220468	43.404377882785376
-19.922906741188346	73.37336592104184
33.04706570865354	-92.86891081353275
-17.585890381348875	81.50089355512056
43.631637506054524	-112.74714483621221
78.9445520004023	126.9335972930092
70.69279710761016	-20.761224523258235
-47.6999413374734	82.15022459478702
-3.92526261021316	122.04940228682219
74.2943552351692	94.19694922071538
-93.05858696165447	75.55328568061051
-90.82928351198437	-42.112719974948426
-75.846819186661	-88.77722423143452
-2.768791232525658	-143.13962655327856
-39.910019445030024	41.05011690237523
3.3472388768626313	47.93072993964483
-46.83955787249673	91.5414210786869
-98.2634323051376	9.978387807194009
-19.12615036671219	37.63111524617075
-28.213565082343848	82.73779292183228
-56.055787296341414	61.53435057503127
91.15019765242606	-31.091899514442083
-83.39678804132735	52.4753927980068
-73.47602126728488	74.49144046937704
-24.415569297150498	92.12896668808159
27.406524408421838	68.11666023906162
8.761476651849135	100.36893187808971
12.604277853577742	124.15820519878004
-11.264528253700522	72.98336764938963
16.195461119988884	148.93682864602235
0.691991045054641	-68.06550719472864
-5.254449893191884	115.14471448088705
71.67101396536783	92.31817580872385
111.38595965023369	24.021199573561596
-66.16344477158691	71.71792060933673
-12.334242363214027	107.51477152173673
-7.336505325182397	108.57047553516679
79.04215999856257	119.66044856211873
85.70308857407012	82.84323433177934
-34.79859416596055	-37.654688715890615
-40.85601008421706	123.98873604879755
-95.19676929219528	16.456885050469815
-3.4621367423800855	93.30999261342903
-29.207527253460423	79.61919372107126
-44.84542478065138	81.45118484622255
-3.68852424556294	71.23539926516911
-81.91507906874784	48.91665121915155
91.64456928400936	94.7766044922003
46.38955664784767	60.67745208583428
-5.8049392654636645	127.89067958009923
-0.3271062460165373	50.642407366699146
-58.551567194982944	10.833080558152142
-50.89573638338616	108.72262084125585
22.93892563647842	115.76673169665226
-82.54714641225321	23.877400110417405
-54.58164678577792	75.78705857985733
-93.82885022908398	105.58268455308142
-49.292393619115735	91.0035992302966
-4.501889392198263	146.7194807377042
-52.39334457710677	79.26545465911957
-12.894824797518389	123.45124301957836
-66.13411958611954	78.32959974764712
136.83955799227346	-16.00036373284636
-25.50939694263984	89.28451997687976
133.79661584335398	-1.4194499137286563
59.13691999150632	111.86513135372287
121.28663206487056	-39.91067327935433
-25.25987453826541	76.86100414776404
91.35884823541151	60.25277888957785
-19.259162257102247	85.56647133136858
-51.559620694485254	-23.637763684932406
-90.69068335952578	43.15323230065228
-89.62184978689217	50.92545703227597
-43.818048862423694	98.85234236526574
-22.992567282181707	79.52453877214899
-90.94791436605003	25.932442498990543
107.00835380823028	24.315713487895053
-61.96674108256392	74.65368460640315
-21.160461158414844	0.5483512959403167
-45.74781001706559	111.85638643046573
107.32523305007695	29.383091539325807
32.391797377259465	112.75328804149244
-42.65519833535725	112.32490779735481
1.0229936868544	110.64985519627763
2.386792878381073	80.14864107174728
68.19786281016434	91.6726769777717
77.62031708270581	-29.359698122259605
83.67099445155068	-69.72474865555853
105.73919050693301	58.01947776859749
9.145081150767913	94.96679135880456
45.580619304189895	106.02933031778024
67.28912638111609	97.91381734864555
0.821858333245923	108.87378801391752
121.13481110371198	-18.51952796961519
-88.80425609834892	-9.649084530805672
97.04142584454411	20.896240901645236
