-117.55317216717862	25.66171237062033
77.4914217194092	-73.73663819063829
0.21088035637267682	130.7592263403125
79.43644616230877	-33.609359214981794
-12.442365847775953	59.44353813376715
4.621719243600112	119.50747014703884
85.7714982619923	-62.23430638164219
-46.95074287504409	-135.68087886456223
50.74258760021097	137.22704031545868
-70.58284791932363	71.34141470557506
49.936898282464966	-96.02298475586362
34.488916704758104	-39.13962400683487
-66.32624066270117	68.40282066927638
-2.388752021018881	-111.94609680680657
91.19586051964637	-43.08004674388838
-30.985380004858143	10.017830323692761
-87.91329619961506	-37.94794949089077
-18.00466073706312	-147.06516772348746
31.131529482977694	69.36935540108215
109.9593040686896	-8.932137121218076
107.07078885837791	-57.8731030434001
87.92774589903078	100.67604393580878
-8.441646424992111	60.5350144827132
98.8429292753762	15.56820815033431
124.60341728765246	-22.597709918141895
110.72337348473678	99.57783755973276
69.90401783413537	-52.48641607609937
141.26349192415904	21.56727927584899
-19.487156605339944	29.192360341055647
-11.307450250979212	4.5077627532117255
-92.46857945054954	93.87763987031386
-100.63379645330463	88.72029293189452
90.24514373158391	66.77967176120269
-10.870734558682152	-23.350915482348867
103.00760608871408	-76.02314795520692
-122.64805462907911	43.62263549185129
34.216625962192545	-79.86935144238619
-76.23884343179571	100.36755554872376
106.02483511173558	-40.531679435153606
-33.20840431526211	-92.40816938582736
-32.42773096620188	85.31958076493694
-14.188233364317353	-79.91088081548024
-5.142989317819181	68.33798227584309
114.02966769267123	-29.033306456755987
-105.93698640240156	17.43710529320353
76.97257442579642	-43.819245712769735
-16.440384053368113	68.47136922124517
-111.99743854142898	-5.665453480794817
101.05621079563363	-90.25124727340383
-101.85676068343773	17.646765715002903
109.85639309168802	-61.53536209882692
-129.69628668483332	18.767588919952942
-93.3527125961478	-110.0242070124586
114.74054667359748	-62.557666403573165
60.56127458455411	-136.8833455203239
43.09439993386095	-131.82121890469205
86.81060000447509	-40.88236997474491
55.723417904669155	-32.0353101793257
-30.886856033973977	71.14442325187123
19.42274252538422	36.32674128117503
41.4749434458317	-100.43248100338975
140.78346597531925	-39.089461670721505
-41.737140787714985	-115.36716700086438
-92.73202005040217	91.40560784277294
-6.98379242759981	-18.734313354277567
38.87650534948331	-85.1790067514287
-65.72974310937823	-96.44445151454451
121.82453806069289	-86.65802704261252
117.32297675635508	-60.708802266954166
8.251486475127358	-101.27526878938544
-112.29731357505662	44.96455196425846
8.066446129181061	-102.6363574815393
-72.27554298950425	96.65097206611344
-137.09212136751012	-47.37978480814329
-133.60769994417942	-46.59959289160885
-126.02734905271518	-60.801620833524595
97.04978693478017	4.992179420878544
71.01619784899906	-62.7478919743882
-22.421462546569888	84.06423202475628
-113.72222147987519	72.04690449847718
21.59540701791864	-9.956759043956444
-118.29100812104622	5.844991182280548
50.10384968307355	-72.16130119629719
-78.36233914321234	108.81685967077576
102.41454710513403	-59.29442525843757
94.49011062982393	84.72404281375051
-146.69847029215654	18.93656730450337
45.84958807365224	-39.75127508893947
-94.3011246101197	-54.6993068402415
-19.685564579537797	6.315935836814571
-79.35207302181294	-52.099468098996134
-126.09317194903754	-49.12249063141658
22.14225009903161	142.82502206280736
15.497651666561234	-112.4152867738091
-34.28405181178229	37.7917426315061
115.4133545139649	77.36628264374583
0.038659017391883634	136.46062965214705
42.150390664546535	-75.93403513697972
142.87339900754003	-15.107716728041847
45.92998185907875	-24.53652573803904
-124.91909976449458	78.13142945859943
66.479845712013	27.729704366940414
-76.5769643589544	107.04483042591231
-45.758603418893465	-120.94890679903476
132.7622640066825	-12.458263920853513
-40.68062914553575	-110.59515056056219
36.24285208979061	121.96079279562396
6.80303290197785	34.58173657310901
2.750039246187347	-74.10074277895008
-96.29724860143769	-92.64578120596224
87.13242729742717	79.64322973705906
-20.399863094994227	68.16127586605302
81.32939586186195	-64.8235826206026
-68.7102139077703	31.452979024320797
69.30700543322847	100.6215480728292
-17.856582581906252	-148.61249395288178
36.33853640621227	29.003567568506263
-76.25016629636002	-43.903964955372395
14.71895773187319	113.39575727466743
-46.88631732613171	-108.0858095806534
100.78942560585776	50.35446043143645
-15.381056824591003	41.235586596181115
-88.30742747719518	-86.19908147595292
-143.60058728739887	-25.288644280534545
67.2138494451343	-78.99279151612663
62.275819825365865	20.336524642940034
-42.226528015561186	114.71463838764781
147.48475620002	23.952492185497753
120.33662708540977	-6.486026402181922
-39.48286254240844	17.290611378235216
10.8305320556618	-68.83659423056329
92.43052356040582	20.635803064453267
-122.46195268792903	21.93131623938031
83.00493502260748	-5.304128931071888
-61.74278568103781	-31.547408176937907
56.38915524807059	-123.60468458328393
72.78679542350814	-118.7219271368372
-93.35984906543881	109.12271684719997
-79.7233533113711	35.9293343725386
-1.788300090588153	-9.629844976798685
-134.39985610756148	-11.809422741356704
108.01063343899675	95.06498259451601
-92.04262088849202	102.11943243649608
-61.20033518027604	42.97680727943377
-31.046845989823858	29.688141291292265
-25.924643968829304	124.92251802742133
-42.782741527828016	-13.945218918969466
-30.81909241286398	83.50639733026499
-37.70086077313374	-30.448837594700542
-49.167648578777104	-21.616261714353453
145.57529710136563	1.3079887880724117
-88.19283626117468	-97.54738458656915
-82.06929373133859	-79.92895545250609
-60.481083867543084	87.44116979355259
-70.40763455623855	56.266020036009984
14.449497011187965	-49.22438483561723
8.427333147408353	-108.18837692175083
74.12865635577188	-14.960614196942807
-73.97413289138511	45.1975859317165
30.25661717432482	84.16702764545916
-104.97585204063249	46.67725694417291
44.08842642143584	-71.31252204594087
9.502168217476003	-75.45553525130323
23.666904308532406	93.08473954463975
-23.098350048084612	34.08492382080203
92.32998090756807	-6.202109073274827
-17.59396175426125	35.657889243127364
49.328681522589626	45.0248738550842
-140.70640652434432	26.821938438462062
81.4118927720458	42.11016903919607
91.01264556813668	28.86572939014403
-139.11438096446253	-15.101469523787657
-9.762739184779203	109.86837426919288
9.159554012806893	-4.120999552040675
-107.53509178450206	-14.87272099239491
-8.716105283066355	-8.336599546619953
-123.25133526016315	-11.535633364180992
34.64975507735813	0.7973041994060539
88.5223773571601	-12.344501318428465
-45.894552770004374	-42.33650064515377
123.79553788677686	-70.13617907660995
26.636992765463535	-118.16405463847492
95.8478948234979	-71.85984945316042
64.14950499552664	-102.42694874022268
82.18821202554528	83.3043789768491
-116.47375937031089	35.236842992902446
105.21711829483245	97.92529344894318
16.730589958350276	-1.134433408297048
-84.68614815384036	-84.65371210092975
-85.43647676065409	-95.84687365189448
40.17584523762696	-3.2267703938712224
-54.19187909237884	-124.85597943377283
-101.64237348756437	-36.35256682885614
-37.479762478138966	-123.2643946301585
110.9133229478116	-29.968667280193923
65.56140272383217	115.13152193647942
-67.17804511049566	-130.510558866592
118.52981194390493	7.975408417790615
17.052135788595468	-98.33518943977461
77.69058110133471	-103.63923963293826
