-23.673995091130138	142.13794058764952
69.57960225824186	112.11037154912701
-2.8362802671332243	87.97867840362004
73.70114231189146	129.33366780594383
-49.389537695918285	69.40376476877917
-44.16797504432532	1.3627435637502092
-110.47484348245221	-57.6924716663743
-30.68785981711342	70.1387190928936
43.64693980572285	-62.738508717865344
-13.007840303742745	145.22257352709946
-6.1588245123119965	131.13140155915977
46.87129042537921	56.41518146908513
-11.04000782780302	123.06688286069479
-26.096819027843946	65.01629989914
-30.54818765821471	-83.40529529502558
37.893259515886236	80.8556371070192
54.48495388004231	98.17135892309585
78.82517785183619	115.79001131059852
23.391235028354703	144.5746887934023
-79.25936888958746	66.47706148335742
-75.7880471220115	108.1232646055904
51.15978639934285	45.86264121681285
27.84911871044664	44.47944555240653
-16.73357838311394	65.63577080886974
123.47335964072674	0.6730941887486837
-20.548782509642805	97.24760655883908
-49.97681110993539	34.61355169261671
-4.083801826035452	108.3742518333504
27.78531256188919	110.34832174140186
-95.5251488251416	-103.03980836619944
-40.80449279015453	-106.76818190100259
46.566823957434956	113.2609305705379
11.177660157920343	144.37917440970918
-81.7659109933544	70.95205058015777
-106.77080105004416	-44.185568789447395
21.175437400643	23.94765955842874
99.16798416023693	95.85408607270229
52.72878268970833	-98.74799261594225
-48.21382881346752	6.091487533492294
-66.58544122206854	85.27711020423001
-2.284293375161804	81.69575486171799
-16.328813684989928	88.54902395754625
-25.1592673891959	0.5736572351306501
101.61778334663536	28.94907484172276
-92.66941644746109	37.750076851368746
-67.77249645503662	80.08985254911548
77.16103707590882	-121.60514798448882
-75.53765971436495	-7.908286566937267
19.60768465433327	43.99333498106705
-91.97551139821114	30.856673989849654
-13.252327098168156	25.0280845826138
54.68610946249129	-135.13343148631813
126.42676630644151	30.924890548016705
133.14611420508834	27.572209468710998
-8.117905097822375	60.93521859102207
17.342571796156342	12.623855113933244
88.29723298724615	103.31747419721245
-52.690073134642795	87.17719710897538
-63.611624947516056	85.01948472550123
25.13644049171121	118.31280753279556
-88.47162193934227	90.79565267028062
31.75171415050638	-47.57180393448839
53.4749178513546	134.50611189321296
-49.61707916410945	44.12410045027838
-10.949002963512894	103.63666871507796
-2.263285619822103	114.7886363011246
105.77482714039692	37.53552345632045
-14.309297198282632	61.103069642775445
21.996886738071815	77.4369947303657
-58.56624014449956	91.8288977327375
120.23093294799939	77.96146560821978
7.227475125685325	66.72688652996167
-96.88204711267072	37.198030911480615
32.097985599872224	94.54977997523609
-72.73619499260158	99.17923773733318
119.34214493685965	63.31856322126316
10.39433601161426	135.86642079970767
-54.87519420630112	81.95274164204362
116.59798385163018	-50.619717493859646
-20.123571372739264	85.31551297915495
-99.72289947612157	15.929084395884269
21.49009896397517	-111.21072833972407
69.0610693230074	82.6166936619263
-11.747998948875216	116.98844389292482
-22.026335512723588	12.848837703934565
-29.56505362518054	64.96903602931329
-15.254211008316295	55.35683737000448
-15.860849834432395	96.38193273782005
112.62583094391395	69.13978787155779
137.24521303074349	-42.59429961127154
-93.97030135382656	82.27909236167602
-11.7574652266739	109.49187820202343
-71.24610949448794	131.4261264565985
-29.658771578629956	69.76509494438803
24.291952604139812	102.08680074590099
-74.0580728652936	12.671924009261858
70.63870367489079	48.01709105818141
-93.21002790352611	84.87134113503784
-86.86213009543643	92.53307029200106
10.67341756372631	139.36166814879
-40.44225602571411	76.28126653679485
-35.76774004091355	120.79401156227279
-14.631816594637023	85.47953158212736
-67.95318150084991	81.82624075939127
-17.354839672058315	113.5614320293438
40.03795587611759	-43.95344210926679
97.99151793319001	-19.421470607331187
-35.784991381354494	121.0801659642768
27.22655834120825	127.4583488559754
25.575224835718405	146.57512594170268
139.06281098191496	0.9969055942062981
70.28891170157135	124.84603197613573
-76.93721505239246	-7.908266858096784
49.73117715332572	-26.267519684446594
-30.438587790941646	-90.2412704223099
70.42307847008615	88.38331228881871
-42.507982615581675	101.71632908874976
69.63598536978589	78.70174314024563
-14.53003378213855	115.84540823956708
-39.20598139051646	76.87396611743587
-1.2358785808869432	80.95123171503278
-59.20455295091799	116.7497237886706
-97.67607343118185	-31.49392290227324
75.17790961559892	79.65428682994387
67.36868047755027	-5.477563460049698
-42.18164339295872	0.8235307187185056
25.816173082678795	-33.324174507381876
-56.317356189786764	58.97313415856308
15.598985851227605	99.79667342562375
110.31307170941227	-84.48556917538177
34.39550231859333	145.6648869653295
29.713966814644465	70.41702164147871
-71.0710154674304	81.42534809564974
12.604304548701544	-32.36313767069248
-43.90690796232539	39.78012068780866
77.43052569983386	85.63517543642183
-11.930271705020798	49.50759711397353
-14.814295938365326	-7.827006137451663
-91.69969068206484	58.91581908423226
-93.80482408913399	4.18775236484249
65.07169145997267	81.25300254531095
31.14566327185095	-75.80296054156388
-66.90912326537871	61.714998865646955
-24.21694316215983	90.74147035623398
-3.3174929003190874	107.96104728009638
-80.4925833063796	101.00924459033797
14.973058233730022	32.254410390654655
-75.43661217582752	39.780119244330976
-59.52992996167492	-85.77188783254594
-31.379591495200213	27.08366119680782
14.480335464523527	119.92531354135244
38.83557873541157	103.50918613318508
-9.391723272970404	108.89597004367599
-70.68354695454649	-108.18096211726957
-87.36354177967131	32.140543439047185
-113.66132170820165	-21.35755438948536
-28.945514083405076	133.2362351561748
-104.23339989395335	68.52702014433532
146.07270690057558	-24.291473327025514
43.47173374849331	86.15252632546364
-25.108037577109698	112.64004610391464
-5.652313145049359	-124.3247518720585
-69.63418842645616	95.49045509021278
-61.33170355436786	79.38227011796943
39.80599467395195	-112.58061065854201
-44.17623834661651	115.833917039996
7.377442832283805	131.05710069520427
-24.529557280567353	59.409585625680094
16.22458238539725	-54.77137277539441
10.498340975896843	82.40675361495552
-7.802040542220008	119.24743509944116
23.461263289319067	121.55218839549703
-99.02939703655039	80.85075096311506
-6.409685039976561	71.87602629133518
78.9624718725563	16.361184823280826
-45.11706310834385	118.01415982804957
-44.4854353094831	-94.88332443452248
46.70656431664432	125.57203003509983
105.3542169008835	28.401203464642297
-19.527855548617907	83.44228360563824
-51.41724601782236	97.31664762181569
33.0335762012261	-88.81914571035654
20.80354360054314	134.6547411058033
7.63229596130717	83.39166506892172
22.04018178708355	116.84994450596751
-40.12818266872943	62.475601966082884
48.8199724244892	-89.78610395599911
-3.865293737934228	144.08179973461375
-49.01118639086826	84.16321200392275
-41.59148772594124	123.70772019660217
102.8422936492089	65.42508980735056
82.82866510149663	66.3505818386985
-16.972431952947932	98.81231604933089
-70.96262394166598	50.290214049338346
32.32925883223085	56.14179195663861
40.32305628721473	-49.88539700604468
51.05025542467325	-54.51276972187596
-19.471364854740763	-114.95884384803065
-57.69967558849365	104.18181436995762
-6.945695283570502	100.29705144287733
