-90.29219406245892	114.56685470485588
-112.04535530646395	-60.61905360698194
72.46931061365554	83.3539931849684
14.11030525431932	-27.09386134936565
4.195397135763786	-88.37388931969171
67.14290291922086	-28.21980087193296
14.108887857948927	-62.2096992039496
-90.6189068027994	-32.10683356865645
-75.01431391823499	76.3908289112305
-54.51579417934158	80.79836577243732
74.46804397116234	25.44717777513737
-75.25071857702187	-100.10689850436336
58.18970988067632	-58.224771208767265
-54.93928284761686	-92.38897549402446
-89.05623173709957	103.29341139887526
91.64321184358111	-25.652011729312118
-143.53421370196153	-40.21848377552836
-92.89435840136804	8.916401118071287
57.12594646098242	68.28724724339216
62.31712793585174	77.51951700023682
-64.0412680735255	60.91614252308176
-95.54445113702018	-76.32517320384612
51.23936675939173	120.9994243776149
72.81892338141513	-30.66553767960871
5.737661983306835	54.2852808502291
117.2263287430412	-31.586151982244843
-55.2003068567726	40.947487291329466
4.776747355600905	114.1420590544592
41.62957025998999	106.06208469359689
77.65976813620603	-32.17881148703033
-112.01715378968088	-50.33618136838784
104.73775314666256	18.73354445393872
-6.63106853380002	-2.5235989883601304
84.67315696689616	-82.63685849925687
52.28663815781519	66.56594016701249
-74.71681556741902	86.88731564319367
-10.365025586389082	-102.78471431756098
25.778056108451743	124.07695605424674
56.14231002623961	-15.362809620473545
-23.381211423701835	-92.03571544082449
-13.322751224609945	89.09207833058325
40.29416911429549	113.62713411534418
87.6888624579835	-17.836802473129257
-39.62530274197969	-20.27257918581644
-46.887892897664095	-67.77117768809364
61.20888558692136	-129.99058828702866
-40.74639550902859	133.81831773296642
-24.487923798204946	25.667265176673904
-82.79715558003943	98.80165005250348
-73.15336423396279	65.10422035836541
87.98569201584978	-73.58435878591986
100.03350053278146	-24.067283524842846
15.762510357356142	128.14538328217284
-29.089235723129878	-80.76890934794432
74.28129363611914	-101.85655143835514
114.08474983540654	17.310211006312795
-118.06441758671035	76.53129597093576
-5.912903912383236	-102.58967109597677
92.69665541856298	45.247167434982124
-32.957146190612654	-37.20159770595698
4.407618930882847	34.355982994715404
85.25820541661646	52.922264360980584
102.31125704862178	39.76961300643541
-52.31332228684442	-20.67667297444949
-136.89080187398824	33.334163050464646
-24.317921264416878	51.81952736565252
11.698033097249137	-117.64390359015815
-91.47974152148078	81.26882556082144
-24.151135857030454	-88.76763064726133
-38.02532086259712	-22.27406117498941
34.98502215859555	-89.98455900179545
-25.590409330661796	29.597183522220124
-11.983980439752392	-16.816499622370856
-79.49659764200675	91.44858510624412
-93.45248272706097	-48.6852078564231
-18.84572760307316	32.994240202574254
-116.15502220500626	5.3338805165783985
-65.20356082881898	6.574815902345622
114.7648437684116	18.478959294012114
-85.60816617547982	102.95948545705339
32.76522015061301	-121.34529278701412
-69.7304433006116	-76.66577076915468
-17.026066414040386	-16.217477907374448
120.70683132264936	11.888997362704012
-68.33533285496449	130.56904217190234
-16.16199017519337	-48.461244387081486
-38.216017271848926	30.6892221176373
-94.05775386786468	86.49187977388424
-118.20863966718939	50.891215675146654
123.35671549518182	46.96746118058859
-31.64575322603751	144.2187741620416
16.040692397326264	43.310658596084025
-7.601108841563674	87.60617540831332
-9.585307342938544	83.2013497342822
-66.11706239323448	-28.801590382458944
-51.96709836257249	111.63048873686138
79.63545557110035	-35.507587096025446
-32.20666479046585	45.56752254450252
7.157757291921139	121.9030851133311
38.45461201736124	-48.89486401553501
89.60791691573345	-107.8086540869513
-74.11707436105935	-110.67181907424033
0.33459370181137293	127.65172798088817
19.75634457068125	85.29714964008286
-106.48421042656105	64.85396620489612
14.672992590021863	-118.76126973060316
41.262476816657504	-70.23305703832635
13.441579434339442	-40.251739463129134
17.91841765301834	131.82858529908728
2.1727280231491832	22.983560070154255
61.846492323973926	31.130759415802235
80.40879101442675	17.636241694955118
32.92770806195407	41.546543545693034
50.399945901236016	-33.52001476101917
-25.842668105591237	19.816852144463596
-106.37984527046446	-101.9921210180458
-14.730700207829122	118.68103692715401
-44.04082196647813	-122.93640163380596
-82.71583040812254	-35.88846210225621
128.21246390299044	12.294571848126004
-49.87279652703513	103.0530459795355
26.580971030174965	128.97886132449628
119.2162292082905	-53.56283937996621
119.24613335581738	23.646423330135793
-38.84311433878371	-119.4313271214669
56.58748109716104	80.87648489925925
65.26105776220486	90.04735432204302
55.651239042658126	35.89099045278316
66.2502747404374	-56.61242776773468
112.5103588947542	-21.701374598164612
-60.867774372229555	-54.85070941344242
101.60346381318908	-14.18185622222799
116.72044951205967	-40.10922434823617
142.59691113956373	-40.8287616576093
-111.67518884606994	11.976070541482784
111.10360733225798	40.63337988889222
5.809095695916278	-40.30074844040768
37.62247746883146	-92.0752371938456
35.999530822432554	118.60347770116827
0.06884576738597162	-68.27706468483665
-14.97154147979355	-62.20366942384071
106.77512967591151	-101.76292089587618
6.512949558197872	-27.072798389324664
72.67684653448565	124.24904799673915
90.15006559854237	113.17243672528511
-72.23287727334608	103.8148260395586
-7.601766377410226	-38.991455220319395
-63.49669859761109	-85.54752880329293
30.03392006159797	43.6203266010398
-26.86765469871797	-7.271390135594345
8.727328990796732	129.45152837727525
129.49189258453742	-25.726057903914885
-11.21985365508415	52.36943529924009
114.47870878233982	-19.636218580023325
78.6860421756742	122.61887377721987
45.40058609995996	45.977311350129966
-33.90745124190015	118.13484668344763
-148.59486752144807	-12.813659618627677
37.66289547786754	-87.39091772206683
35.39942450189579	-0.039486427951958857
-85.61544767121696	20.49204944221663
123.40632442018554	-76.67137768335041
80.81188691488079	-50.88413544318733
104.60674921172667	45.63965546124816
13.642633977177821	-34.673308362340585
-118.3414189682743	55.71463190634581
-104.32528968577118	78.91410247837918
-88.11613455626795	73.5376505385751
32.103706278605976	-36.153144332133984
-100.86600229653419	54.395696520397735
-5.0921974125671925	-6.31117201892889
-44.14212714555178	-141.26633679941799
-28.516800277589446	-115.68608243670188
-43.92091358887254	26.51419773309145
-1.9700456206958592	18.569729880195474
-42.93783523759167	-58.942763846676655
-77.84343483001558	-108.6677348732225
-50.992566151057545	70.98864690052936
135.22908930912166	21.38995519123636
-28.01762630838852	-58.12754309868762
-78.37698966991594	116.20088860313514
-0.5904913681797473	109.02650031994294
-105.84999745601553	-83.70596244154294
52.115479887998006	-47.72518934121401
-128.8775845254055	15.688445052105509
95.97242748946688	-110.01406175227682
80.63023098960858	-45.09000703735769
133.82079669176963	-51.97195438363353
-36.90540149303805	30.303027990688715
-93.22999672157715	-34.398090847430026
74.60861927862983	10.167121656627794
2.8073120396704843	-75.83168895451657
71.21268753778831	-58.28288087473502
4.006984827102334	109.04382234629847
84.08650959350284	-5.937390923055455
78.14544960163246	45.01174097682228
-23.990935383509733	97.56533042925885
-19.398288184556623	-70.63389545161957
-111.56444800678388	-75.11958233261024
131.24453886867565	-19.321908316085366
