65.8435432521175	-17.195479656825235
-76.60762117299659	-90.1088521184482
19.018241877187748	13.282065407125764
77.68478039903341	-22.39716560486263
118.2330044787277	0.7159235078037817
-6.013835951176677	-22.190425047308814
-88.7351883795121	2.944862353846288
-118.31128129204718	57.181328227462316
90.540619379856	-92.61296562186897
-9.808719711788102	12.644408562825998
53.45218786296169	58.37365731382505
20.411554196273546	55.69121444211408
-5.44236408112056	141.44060836130407
-30.32077400033757	12.961856797600667
20.680344563426758	145.70399788900446
111.43202485848386	83.74391285386258
70.9770017549353	116.09599074340872
0.49349533859646444	0.804442067063039
30.462623453314453	-11.985785989372228
-80.49109312068057	111.2257679536685
-102.40613621612486	25.88024016184713
54.283741847780924	-127.95384586456139
-131.02414643558546	-19.66122610236091
69.48817267822406	99.5317233229375
12.886267053476448	-43.029030431674336
-53.792044243855116	-122.93831955013725
45.701736234515735	-12.645495567015342
-13.15542857679906	133.38254530255708
13.296251861652927	20.89831174170731
-68.72355488732163	-75.20281400888811
78.05306206466862	107.88956919167194
7.173853802936638	-19.76090822673788
-111.71970567266308	19.07397392502683
144.461972756608	-26.059189305646957
58.075113681973185	111.51420986292335
7.734297939926012	-140.93173053222787
3.9489191963158596	51.0980709793058
-58.65272226981221	78.11782292391901
-111.85333436155604	31.26618957850964
-7.7581394568212945	40.705491552795
-0.7712226878708184	-44.57674442531207
-56.01880942708759	71.09617865200511
-114.4464226094503	69.97700873760628
-102.00159985082645	-36.970416285399565
-77.73374118282858	-54.48380769278191
-98.15311077284315	-93.07741843905072
-25.674425550008063	-35.90129310379922
-102.93192587319211	-35.99466870472765
-108.63221033876003	-40.756649912117155
-101.3633976483142	-50.723160348749786
61.63706565520332	-26.066627026376842
60.806932305685585	128.59545227519922
-83.1494765613025	-44.14640077400388
145.59652846473597	-5.725035561583955
61.81212225585802	-18.441937824560323
16.04549519306207	-74.3418505890037
-17.32944464963023	57.17594679895544
34.290464842382264	-143.9237913352924
37.55876948155932	-2.612299344492867
60.411347161591834	-82.267050786246
6.29620866899703	102.26692238393144
-93.14054984921393	18.54291234220535
-52.94104905912964	-109.29066468939965
120.84909373203054	60.97706754822096
48.77893426766304	-16.515020670408052
-30.59968722332464	45.513136244641984
-74.49891585297311	-6.444837521375154
-109.18088388430957	-101.57647955432121
25.838476085295774	135.50200012682254
-10.005567032142352	41.05532197172412
-82.80700853512825	110.17842142030672
-15.868983121440941	-145.36061162944145
42.570616449707174	-109.88422756582389
-1.4347944186376684	-124.05053945872955
84.00869703051634	-77.60491746551213
79.45262148932127	9.645501615667685
2.316564720984298	31.684621205990588
-9.283885325443626	-42.0712147279874
-108.26547967747787	-91.54302332979482
98.80900937907279	-26.346242423838483
-3.3889043623135007	8.459518276363644
-27.48706789175716	115.52807533518107
104.34492264564341	-19.440168188302245
-6.701115381416827	-46.78095485832618
-70.74940060338808	-97.96890103886993
-133.00505012314184	-39.9096840207924
62.19705597037017	132.3785319553913
56.47992551534672	-120.59365615342072
-43.770816630933766	-15.929640314506361
-63.67754807627642	66.69903439314525
39.50311790909344	118.96718999259348
114.00054715101737	27.468430135564322
106.57490189335908	-15.711283408565091
-76.90387234308035	-116.93230444197354
25.000203123823123	-139.9267118945405
2.2412328220046143	-19.267210530240447
38.99754611373246	56.60555542197296
101.8094783044065	-13.16031278024925
45.74654022913939	-37.67195492070901
-39.551001936862626	-80.64981531435606
-57.742173112028645	-79.61579306640627
-89.99738386297366	28.272839672226336
-66.3426895564788	-92.31437063461762
-87.56869381094995	-24.674035378370778
33.72525399761271	108.78471145138853
-131.53622141270566	-24.41022884798206
21.761812218494562	-140.8494760942801
102.4559270404045	82.78163484483449
-57.614160836376406	-40.654303316349946
65.65017583060376	-122.28273767866153
-38.44990478247303	122.091360393044
-94.27447017252517	112.11259044260613
-20.04722092974286	-134.04313899787897
-30.77824569658687	71.97402199105193
5.817172046191239	19.712410614444266
47.70596209327128	75.85770894920104
-28.06231584047333	-44.616790313148826
-14.437158122592718	97.21516513775809
-120.75407060154171	6.8196041416675195
55.528942285017195	-83.18477632441402
64.88563926319532	-93.42131328731942
111.30724274724983	-21.24892413626308
-68.6260298472304	-78.28081101887747
-16.748065458558315	-114.7874467529606
55.99012525424823	-58.57679937966456
-13.292473377062228	-148.80795179861948
-51.05570167356872	-84.08490272742779
4.386320572724674	133.85237089174618
-132.97364164294407	0.2593788929038653
27.847689694871534	-87.22570203119461
-4.941046011641629	68.22267628571197
57.5954333518016	89.05076073995667
-91.69715074087307	0.07599434339404253
68.54929868776142	-76.81696602562862
31.83176859423606	-141.08512900087652
76.54438797689299	86.40516071689846
-1.5127788842634888	117.60280312714185
108.88832507934318	-51.996131608909046
10.684713279434687	-9.96048985084293
83.41488706393784	-99.84944314835373
1.2549300715745266	104.41087564385128
-92.17709811876816	-82.46774013566954
-91.00887689786728	26.463470285880806
-3.0009051794079546	-6.62919003099634
36.151888042958305	-107.28666007036227
-43.983426407623384	87.56706174032871
116.92676566144439	34.84441106912719
65.66273491959544	63.25577586136598
63.794734687345226	-90.37152146839593
-20.48826733868668	-73.09407731983849
111.8193231992385	-50.04199641181066
20.87715239908334	-59.46039405510198
-95.65298147840538	91.50694479219105
-53.92658122228574	-11.128033969920322
-82.42551773080771	-17.32573132931587
63.3700234775589	45.1869298588502
-114.38413821275397	-1.2687552798302115
67.55266545512808	67.50409668449882
-51.467068970307444	102.8280461037465
66.56874383761736	-16.429298936793067
26.74118071088484	75.4537975390003
-17.615265471989165	99.12666545618121
27.69397405072833	89.3034825746368
-61.052296950425195	-30.77981315450918
19.475204930588266	-22.5228059858512
18.732298838774184	-127.10231552188345
6.164813193411907	-13.384053053454695
59.24172364000805	90.58623552990643
10.384108539464913	-103.2509690903646
95.29860090685006	102.84854901194166
-77.4147148868787	98.04590260791983
15.304666881130428	15.267598844491603
46.21936530683188	-10.175656491399852
-34.502041892756026	122.73894436028208
-11.399926070900573	70.80659091700034
49.38253013059403	-21.482020716631254
45.69235641732268	-78.34042209368309
-141.20674011791658	35.71959535038631
-15.280059214467423	92.18561196983738
-36.846588407358325	113.8525241185073
19.55572334649016	75.30824448733712
-112.98572115732371	-68.43648106982641
67.42605528359712	62.65268824081043
96.53585885979837	98.79533049485433
61.32351164963033	113.47166373813867
43.12605267570898	25.871940100373862
-27.746343097265466	-68.80864967368908
76.28008916547634	20.209339298485077
60.487296065831735	56.26790149191026
-70.42807088245073	-110.83571424089273
61.07754977851972	-62.189755313759704
3.366362398823148	111.25920476792321
114.73015639155341	-73.96198221883262
8.463651534862764	40.078742015647755
15.737999782009638	-80.13663147680977
20.05826684059794	-146.17827356204154
-135.83821471700958	36.98619438971178
130.01324797668266	30.06303898698049
-58.96297142471738	-36.163266059673624
-30.79096910299064	133.147557834718
