125.1500249620373	21.24286671362082
28.09193029930082	16.734270084394314
-136.98336397018193	-13.755242115481563
126.27919414876256	-47.702121911475786
-106.53575035977939	-79.42039033052791
-72.73058762929571	-87.19200371685059
-5.82283602127256	-54.681466280101674
-63.13549923043136	132.33118159076278
-99.55398064970296	27.53854046032363
20.26819949846055	103.2885794701041
-77.80786064334642	-88.63934849713239
82.87904392491382	-32.98151367637365
-24.418185521549702	119.67578713766318
61.22299705354882	-107.42019658942979
116.60039573987018	-87.99200269647605
40.74591890717226	-44.61197466327564
38.94117369575548	101.1945811936199
-115.4757233062208	0.7023887982145991
-13.48374729370132	126.64949398839832
-30.749845395396324	13.018804115514468
5.770297814444922	-62.18504249848975
-14.773703186481209	29.67571264474085
69.32460918605132	-81.28162721362779
65.38593974530077	122.33058050248523
9.6688011841306	120.61345200345075
-101.17481828677339	-42.12980757665949
2.595567250553676	15.015054202795042
36.06035012319156	40.6727091368077
-106.67904444546919	44.235083475726654
-26.91724153281168	68.66756510906406
-132.7225518481652	66.67126697421426
66.72821212929428	67.66142693602363
11.245870206298093	-80.80523846340354
88.25856154436919	-67.14378750608978
-10.466716597874878	50.586143096103456
-26.45826735883755	-104.9793020669016
-66.0305810423215	-124.88717310023071
45.4443860965466	-56.73982349027875
62.16628099119128	-38.49540142105913
7.184236741984622	29.70704210377374
78.2106532001666	-118.01532150379438
80.88180743683257	105.42497236204694
66.26728440776701	71.01088676726816
-61.30592078775563	-86.52631204696252
-36.33505650944934	39.57333131580172
-12.310516457860839	129.83029942316293
-3.9033870672053745	-50.40706560200139
103.43379707752446	-22.19918669844206
-6.740230825240005	21.84349894608431
89.22670735629634	-27.261411975020792
-9.31311383270486	90.90874081892214
-23.867637664107033	-38.626610625031134
16.0477854083301	-75.8988204779224
6.816584390432449	88.41681434289575
-7.467695239419299	22.668366505562673
66.77349177162155	-9.012971029082001
-46.082226220028595	124.60531045302378
-103.24349638612455	71.93010055886388
-8.813565768750918	-92.71937793815464
-64.59208431970725	-102.29056239461018
96.81825193548023	-101.28686434058898
-129.14310532274231	-15.239659989049182
-49.38483795860047	94.5542305497041
75.36657731817434	-125.25310686118299
-100.97953015042071	0.6314748999810866
-123.33893423418002	-16.008238407589058
101.99124900934751	-56.79616758211668
-68.67475965050342	62.2899845240219
27.531657539658	-125.76462980383165
121.80272189844203	-7.000160564664188
-15.097070517317094	-1.714285442445651
-30.071615969473296	6.910318405365622
35.51601094080808	136.65404758443057
-19.091293573597614	16.0350013015478
25.756854636373177	87.90385755223124
-86.66112591638347	33.26612095437818
-45.9636294143076	23.476613633848338
-68.67525836938923	-84.85356363997418
-34.65468274321506	-54.193070290118825
104.03545011418821	-27.65275280789189
-40.794756377948275	89.6185284981937
71.88852510680897	42.29329257392482
46.22442552207038	-71.32241319794421
44.34660081087835	9.365820878223662
117.12827680585531	80.93776353732078
-60.74953824076445	73.28303112499252
-124.76005593895141	70.06367208084474
-27.199109156538945	-51.165694809152775
40.491308444128165	-79.98314066749379
131.9089870023808	-59.94504922624666
136.39904790691506	11.77728243979834
21.25792960416107	128.67263111081408
-22.279466823722533	84.73312425231104
-10.74447454805136	-27.01194602869764
69.3111378934622	-18.79554834142341
136.47306861213954	43.60163847820796
116.23157395403456	30.619420237480366
23.96359345027777	-11.73171009585986
6.997489613262874	-55.84527145028019
-15.591056315622836	-116.82510190696078
90.50887019905443	-15.98958711452414
19.140380737058692	142.28743292724457
21.38607101639841	-65.98159461188219
6.764709402491645	64.71837039759151
4.775063993078637	93.04123326365232
-137.08552538652236	20.206232506773485
-53.004707151826935	-63.91340913602365
-5.878302488607145	72.85431995336062
-122.85602135485932	-20.93332556228019
17.992146096532277	21.05668699938487
90.43989470758207	-41.107441217726794
-25.010062158129628	-146.77963042910403
85.09152572278623	-9.472366163768417
6.920643409426752	115.72688566846767
65.74200683502457	79.00993748752987
108.6713421501803	90.50909143523475
32.405306285716904	-6.956677279913479
132.0669780960391	15.282788944108026
97.16220201984912	2.5455471406261805
-4.355285975140739	-20.28890995942885
116.18496996227006	-13.605477523352091
-102.10827238502658	-58.12482211754735
-84.30139471332284	-80.1513034520042
-102.75626060353308	-88.4952163836455
-8.296966218054097	99.1613389121292
-8.17530795717274	119.51433339657225
17.992533962187284	13.790793432646195
-126.78631172870946	25.00619477036392
14.018646209534367	31.36015723373621
-52.19109882758934	129.5718395949984
-118.41967173844152	19.586909548747233
29.668446289248774	-92.09650134787913
-4.011884115939654	-123.24594594711823
5.749505011310223	-70.59449385221333
109.21182123638566	13.490564169497853
72.22425880858462	-106.0969678129345
6.588870688051689	43.49295920174721
-8.126309535066738	41.65044345342317
-19.103254955121564	-140.73909812961568
-128.17586136766144	-51.60965913188722
0.04297187656085475	87.08562038966424
-5.625239719172459	-123.79186389313755
-106.6556317586668	-46.32510342505381
121.0246385610301	-39.59917361762588
-50.15977151662046	66.97633410716827
83.6885496036349	-58.73470504237415
39.59386825081718	-70.59411056890318
121.41416732164573	53.854791756925465
49.90207722103284	49.35728541800989
78.3079106343348	118.9923642160301
-50.224332073991135	129.45234950322794
-20.31196928571404	-127.58391041550966
21.020807912233252	-146.325593792999
30.90981199196737	-105.859454531935
80.854181954418	-24.177646156556513
-124.0392278008903	-17.83989070155154
49.54886426720934	140.64284135754124
43.948720860480464	-99.0890509300167
3.2805487126173642	80.3642418276269
-47.605610945688994	27.159413748003796
134.8921873623476	10.862954591578063
-20.00966810480146	-82.69007350348264
62.54353708416205	-113.37294349182058
145.04869876523884	13.659221854253818
-5.566936337390688	27.430322368429493
-46.91471222521441	-3.981670436439312
32.91737611606227	44.61854264720382
96.70442269403905	67.95615867581706
-140.31206687435684	-44.96819417952909
64.0910936182192	-69.43473265412463
4.1834732330038555	-116.07455866167405
-92.5921881387469	72.1261673231204
-5.1763533619100786	120.35166028554569
87.12479622886781	-72.50394799454598
23.494380664966393	-146.3265088615726
28.261969452153927	-72.83123331265348
42.51182355904882	-24.342513478262507
55.53750272618701	-43.25279221709777
-78.8879158945446	42.353331623533464
17.583864458764378	-131.75052663742454
112.95074315801773	-55.810535644089775
90.70301896328294	50.48570068894814
15.414652900627392	-131.60932119356914
-33.84568807538301	-56.17241846457547
-139.22894810789865	-49.890941511414
-57.97809602416112	-63.719908193977005
113.12815003439219	-16.80665776325849
25.935259725581304	-25.447715881374286
79.4634604510424	-8.0471635596055
-4.119832157994578	-52.712478873947475
118.19674194667944	7.29023717591306
-32.03661236792076	48.126350015214165
69.35416437524208	41.93886306053947
-100.92147796031963	3.30132890279984
26.978627652913065	139.97591028716718
-5.3782463908063685	40.41183927894082
84.48005966589866	67.73305118566249
-73.44800080512994	-100.22589977762395
119.95089366882675	-67.63828886848007
-37.33019824238976	-67.22918255348206
