91.0270194843978	108.71535042387234
-120.29540255418742	11.739557909515584
21.004695636749467	71.00191116730478
-111.41158816560986	22.673989003127122
88.75260751001298	-118.15460830589154
92.62081965508104	-32.970464802512616
19.875217256292167	63.426111743340385
-0.28668910002971576	95.93193265160829
34.86429400049538	-71.58635658639017
-119.96212597145394	-26.538433360215482
73.4644187156951	79.40618089066379
29.0608889140442	-145.02550348974245
-86.80264085806641	-71.94109635789528
60.710053952756425	-92.20089316769356
-67.2492678317481	11.078942767793329
-71.7128425768771	54.11206177753218
7.7293502054662016	124.6011300683429
96.17595812519275	114.1079772687308
-0.3312619711334092	-118.05558961522631
147.75207679262573	16.801208022568076
32.73429137240534	57.27634706649666
70.7754181845843	108.68749933551899
100.10962461652645	-5.258051929590308
17.19133963368067	36.017046723472994
-27.051113597599983	-53.06836603482128
-93.4779006467827	-67.52377757467443
71.52952432702384	13.980876647114032
-14.398564051125371	-39.497923015139904
31.018733044173697	-95.085852480126
131.63361397868735	62.66081970381613
-71.85366831257676	-98.22191287803722
131.01177771581217	19.20194638550742
-69.7378517695288	75.71648407391372
-64.99338657219525	-45.07234156969439
-78.02564004821556	33.39517129757955
100.97119757354216	78.13379886373855
127.92555499196135	-59.58477288157172
-87.79174538736346	98.78109259104865
-13.537286304649673	-30.954867586988442
111.65801721751781	50.66960124402086
-5.510562464601617	-29.506966122240666
106.21632667293467	-29.607878179689816
-113.41493373594255	-68.43029482872805
-25.878330471018074	-75.34663111809766
-117.72937879131366	9.850561640221596
-82.7845444269545	-63.61959224374608
102.86192664650834	-35.20484384164082
-57.52053324888972	37.20656635811042
124.49128822562939	37.6432456107604
32.35090427002721	-65.26666624732317
120.55360251692461	-29.655433841333565
82.56354096819459	14.372783376148366
71.8677569790198	2.8072834718864446
-122.7666419864909	-21.73459204149486
-82.33558058171062	-112.30896710295961
61.38255321840143	32.61056422969639
121.94411660479655	27.029520675375863
132.77647047929275	-23.714024066522565
120.85358966258417	-17.14635133537333
33.72408756241527	98.65115343863808
59.356002309456976	-61.71870707157915
100.32530993016769	-78.07224861566279
-82.08267070100639	-122.44991228725742
65.16079676389045	25.879616068423914
7.726661672369928	-31.64416275381589
36.48508866382581	124.8938325651222
117.11065393911522	-38.02655152950109
101.93181757754762	-30.54644729225479
9.533460594642092	109.40465551796807
57.46917186624063	136.79691905137904
-40.937700955486015	-45.2675721290218
-56.87755049340374	72.45168214762062
14.193876554574887	-36.9749674806083
47.85263066571201	58.04010556283811
3.7190877804545734	-2.3518420979070713
125.08759883981125	-24.698080787645686
-61.75638006642029	-34.062997139044256
-7.4412895467470115	23.77766987515658
-89.66794369999687	-22.80575336908877
-76.03167005138114	29.02955169262567
76.05027224483392	-119.90396186689352
99.8265359696288	99.59386268442938
-63.495721995876245	-48.002525657803155
119.76232464570718	29.05802689497521
-144.40437151751965	12.134226744898205
84.69630683094327	4.004741248775289
78.23645271654428	-102.56843156506505
36.54259061862894	108.16713553387322
-108.80662081954083	4.7065013082751594
-13.06768532263015	-11.147279974104203
-89.4942706536853	-39.86314891230867
-88.9061551393543	-88.57505675675986
77.02494701716557	-127.65595724080795
-62.83284724847437	-70.98504667527757
140.19810037982262	-15.991714513634768
-22.877470374853626	97.56586021256908
-96.7560131448478	37.284888522983806
-87.33469931223026	-33.374738729203905
-0.8790548153958336	-70.13782896149789
-125.81106524445875	20.741172786954234
76.87262300190262	36.05516365903204
-11.75770233395399	53.43426698673889
-42.51344518798051	139.0838302574071
37.2328453222524	20.56327787626062
-91.82438806382632	-61.4304526726532
128.09377648589648	35.09499521998874
-54.49495688510648	18.92915057418609
24.43583418555041	98.32134570489491
-11.036270061677065	65.98206775126748
-110.1170489810291	12.195440477452781
88.51621943951783	-52.68588217333878
-69.45568934432431	55.46333930192909
100.78466379420487	105.23611973370238
-43.60016099743621	140.6497393873541
108.0312462797247	-87.73925026837352
-147.04161135494442	11.031841375842037
85.51805291062138	-60.002087023843515
90.69885540343171	17.198475178215556
99.65812875086793	70.53285908464082
62.67443483385706	99.57032296028595
57.820539376018615	-115.72537500248751
97.98248913930472	80.00070271793084
34.27571204176288	-36.58951728215234
-55.74572179223009	-66.18311643818105
-27.63702247895269	-27.98009800799229
141.34894181778768	9.872158501659644
-134.64574184793457	-27.94231416097717
126.01680674643796	12.19597971486284
-81.62791006856926	-67.11339062662174
139.0726712617092	-52.069001850563474
11.843843057894574	94.00864549082415
93.45598161071274	-32.52914735519378
137.51935073843535	7.8474872645302565
106.76907805290585	4.417752514944874
-83.8503897919294	81.56590319589681
15.874314752080336	58.68878102171303
-126.76832393692392	-38.36641290896352
-5.435907608039401	138.32706409922608
54.25255475663648	-67.77557934798101
62.84400186848979	72.27814269415501
4.921584241580717	-110.6650447162263
7.311884542361677	-47.78284512833809
42.18724782680357	82.87870776852593
-10.87784681295579	41.95061637619692
17.711137040593346	47.56599788557859
52.07527547338089	-46.574333962640075
-37.64686490235572	34.68072901095433
-55.882881080150824	-97.43582891885953
49.77566347209099	41.86694479581104
-116.35566447939358	41.837867310568384
-17.370682847579324	35.99243605751438
120.45261048302638	8.457398692840174
18.500214872821314	-99.61137681429713
6.195801064141604	34.45735081757631
126.88614404241659	47.96331871440431
-30.0240591124799	-44.47908056080321
-146.64267125115114	16.91828103037954
-50.731547659792945	-136.37311746591743
-1.6276152711549148	84.71299606008203
-98.12489665095104	-47.69517946202452
15.316292253594813	148.31474055119176
14.716528238402985	134.79291950164418
-125.9521284822659	53.37914019653195
-96.98416639771392	-96.04193570551122
36.197124298293744	-140.204307698442
39.90096197458155	-99.0518542637106
-48.27226772292808	42.25807207851435
39.699841101877006	-107.39248825283396
103.91833180217071	-45.413089762276215
115.18777268808272	-60.16874344979918
64.27415661433986	65.71199520111531
68.0634064140641	-18.338227719797647
87.32389067706261	-101.39385935554085
44.67350594756001	40.31433623913595
-20.76910942674532	111.98235018675597
-62.96762933700015	-129.24922576841152
57.29886202255752	-119.64026053055493
-134.19117905700688	-34.53162765548806
54.316527939480444	85.5662099175167
64.42838713588094	69.15898682450255
102.14457052453915	11.198814770288047
-52.74278567737074	79.63852815563281
63.972532297621974	1.1408148548004333
35.86411887190473	-93.12473911858704
-134.68534305681916	22.169016569941093
49.25164027753122	37.88921510290498
-20.617803820333517	28.893032783114723
37.588846712859	-122.87188844490137
-19.594676958283404	-33.08038908009594
69.3716361664459	-100.95874092930006
8.523142763860529	122.78855457992816
22.455227720566988	65.34379786008108
-39.86605448735288	-1.4862190996721725
-13.290850316162278	21.264990312377613
56.1240086404939	-118.37567586985213
-117.60575406034131	25.731893989460062
68.1781399067545	52.62853099757758
63.07859020363837	75.40632741155643
5.227090731193848	83.5317794711155
105.29475259860162	32.89491471129591
