57.87790584193698	135.19626941600987
-63.800331499470744	56.0952560822096
-84.65910860124788	63.377733887950306
-49.92360995444279	54.32386649174523
-63.9344873508905	45.54886542272879
134.48052315119455	-8.47172947253057
2.1333542898794033	71.09981678768528
-24.274639899766136	99.53784294551208
35.04231972627981	-93.2830084522509
-3.605123895326945	107.76212788066327
-84.59085758935689	95.23127595661448
-91.15624490930372	50.00271301872285
126.29694917865918	-49.85780159655353
12.923339203439571	-72.39848098351285
138.47367363729515	-17.779551674219405
-19.661354451263644	81.3028003639367
-34.321555721005126	98.46866428373131
127.18918926453524	-31.531189349534376
-29.832942646418978	64.5018925571706
-29.647368027529573	90.2689539775856
-20.387960490175594	13.921863467468242
43.70402199700726	69.95078149750817
30.546290321848748	117.41633445115495
49.71398779998189	-138.83560645617214
-56.78495140123976	131.40672768371456
108.46357855870114	15.886461373840564
122.37694867887149	72.08496901294627
-5.472617916766988	117.1124064029367
125.56155916020413	37.817584463840255
103.25967480875724	52.12714155927878
-30.640170448520372	119.19834899058175
-61.21985786906731	66.11982761542964
-96.8553220949846	80.18380353380749
30.205457263040746	82.9167371228655
7.631218016031745	-28.190673154592627
-15.877852855986564	50.25810226816238
-35.323504030722624	78.93794539525608
-50.285518196324034	62.153002522062685
-20.992916143322052	83.16772216028286
-82.4484990378366	66.30737446838559
43.116682430597386	116.57455096591764
-53.31961048217259	86.81721377917201
-16.288071326284445	98.92069565288627
71.05060483827	34.268052128457754
-54.09915907492332	106.23679451734405
-7.735355833384574	98.84551272172037
-115.50005650376912	-37.866548649120624
-2.738798546311965	115.61646433203799
-67.04809405556252	0.3989293984137104
-46.754644847033234	87.16574702571663
24.746046375610266	75.90467697254444
-47.740341127967646	69.4169227847153
-37.00425887328033	87.58576787426445
3.6980209567891467	93.19229249036795
-69.95412373453823	87.02162944964792
132.14118331666845	36.08848390004861
-24.343201075232788	89.83578770496246
24.197363665093118	72.65514108528143
7.298426361430484	-48.76790201398423
12.060869170373527	7.776143578681719
-63.014047164035375	105.40365427843248
84.17967144029213	-13.410480663276822
-7.174395127183418	72.60873490084253
-77.99093059013255	106.52728448443101
12.721598219733757	-129.13113400233277
58.61079548777498	77.4938079773058
96.72856519545024	81.35697133490625
-25.055783941814994	118.50603540882622
-26.0170433164454	83.10618145188597
-15.227928564297779	56.44541396274246
42.12177803181672	-127.97026599581632
100.97984644383742	56.30475034969492
9.699610464202353	97.57487908643458
37.22305400244859	139.52502979571761
-59.26107480526263	86.71756937766868
-43.92651207248897	3.038882184926245
-37.358799695451985	-18.896792001792306
102.07963723485581	38.60961174558105
-53.32113150383628	-130.0040952989195
94.63890424894174	40.611544211384555
24.81653082373631	59.63541012007351
-38.12819861314464	19.063842568466754
-41.503564336267154	108.517759899154
-47.611038407830236	49.79204503009872
-50.7046627871091	68.40509343148999
66.11581310296742	-95.08149133527917
-109.73034167167667	-6.541211898654722
13.936689083345255	46.71696353764043
-48.58900463416985	111.63475190912521
131.67247855378636	5.660220553557545
-70.36663950143965	88.9774226008896
-45.83193488557083	32.047961970860406
-79.99336788883126	72.16851325401865
3.0593475250816273	114.67408156935028
2.6778040517758774	89.56493834383684
-102.76816996270281	104.50798070218042
44.64021272801567	79.64121834541847
106.77903383359708	-72.2046699694183
17.253067212339797	-100.11717919808147
15.991396330219093	-65.78415095723265
-24.276801989157722	116.66213291816891
62.05702651993798	102.34825750432259
-128.32210084491533	1.7837738636253897
64.58873903852009	47.029609571747486
5.59540320594021	113.57804809525372
-69.67704347125911	90.37545700256076
-21.12017342623647	-108.79315886795408
-5.3761679795127915	91.23470426304632
-59.12500589875182	116.24645983831078
88.37789832276826	-34.971908672923355
-103.30713193698773	70.174464005531
-33.55433620783128	110.62494476986956
-14.946706504752457	113.29184599554976
123.64172855320119	81.95634874300134
-26.53799036198657	107.9457511153688
70.6319860061083	108.27585660146893
-41.05456155325691	63.85308488601934
-53.029291875613445	72.60511804048195
42.983190862674135	-54.044709412661064
3.3904950775867637	139.39100743041374
48.9157748607872	111.62022448291037
-72.55770069611512	40.43275081774439
-59.06449457677056	53.56244323098451
107.32028581396739	-4.664170218476418
-95.38835263234307	88.35325389432023
-25.626835688489543	98.88082060587402
75.00277741644558	-103.3840012738217
-56.328197391511765	93.82999732483573
-0.2627273459350049	-64.9863515879555
10.331109889250419	-65.36223474951993
-15.496534069872578	-79.69692149532918
-18.80491945623335	-81.8841137539334
77.66455943975936	44.5767175313101
-71.4236556344565	68.36291871709027
-28.223623991815142	115.11316459145539
-7.407777273915092	108.28786255979989
-21.19617160980602	58.217263630969136
31.354376198439066	-45.021991276359856
45.80340739876725	120.05176040666495
-30.280553091516502	100.75632936895589
-17.81527085900225	-139.47867792216732
70.17292128922	86.81812219372185
-9.068821402208846	116.73170713022321
83.49065916665458	100.62079199822413
-10.585750551195563	134.34926815734778
-37.30296449654464	111.29970883119339
50.68916414335668	-91.21373798890045
19.838421231423478	88.29808993540067
-61.06101870047493	77.09044664169315
-88.26931963262194	-69.64688334976366
-51.45290099435805	52.230285029872334
-81.13539392665137	84.35156327374067
-13.050654559879305	109.70689728408838
-46.27639212884406	108.37586757359281
58.26330272639359	-48.918932817674786
-10.81494810702996	-133.69972938400878
-61.56273935822862	72.5821703393972
16.619754103596023	103.57673782731194
31.034372071880515	117.34622217699958
-2.1081833463361175	-83.78800614434245
-37.43564568187866	-144.25991765533786
57.068620604210516	99.40358663156469
46.29399574372131	93.27571661159709
6.1464114922344955	54.14174595927417
-39.11846741231438	87.12469690967225
88.9343460526473	59.53586575506699
36.95415542971885	-20.875643349250854
-26.18414241826916	87.0514762510402
75.60618570871571	-109.250768143521
40.583078796406824	48.046567967179925
-19.91011863884339	119.1827852957
114.28817395136146	27.264765715957292
-59.85762946185097	118.85744598709209
-72.70594843477427	47.648314817800646
13.25896354171327	75.90890158823414
-14.577579084410308	122.44535891303354
-63.027076242534	91.63507232328094
38.28243443332007	53.79947315744452
-23.828116754921304	142.95394705647425
14.417009830408322	67.43808944177944
-31.126305160649895	-140.7412612711973
36.38636412089031	-99.98722722900438
-98.08796806322479	26.558759773316268
-70.52442846614578	79.96090385573581
-67.5706627496071	-0.7135370564751266
2.3592141450278956	80.66859287759637
131.53793555426944	33.50714691869953
14.638879932061093	-128.22313358481335
-14.266943797449034	115.47175937029773
-48.1103144993549	-97.70327252777074
-35.49838342483731	125.1238352753314
73.9199796114365	128.88268999136972
-66.56824804501052	1.4877251529918456
-55.49778692421459	88.29347750390093
-27.219135018958873	92.87331201175098
-44.880365304412145	111.28738201856382
-54.23496636035107	114.75630970272111
-21.05353584834895	123.00053003415395
-15.198772465387098	67.85416279402153
88.58981006779489	115.05820488441977
