118.0371677407127	60.283657735666296
59.71769007985788	-88.2300630899576
-96.57187756706504	-33.43643273786653
-100.5033481348075	97.20044658718973
-6.522198366160921	-55.251560710088896
91.45624022705555	-111.03797637010511
-20.11324726909459	-40.30706152484395
87.37583261743394	28.282687722237668
81.7801772284244	-53.973408640757405
-129.42407221901007	50.14813567213203
-121.9088991403273	39.497789819605174
105.72106557961544	-91.94263733943588
18.24320126346913	-37.748466976359055
68.37443704153634	-102.49839386927904
136.76798684202163	43.254340005780456
-87.69846782546622	3.0250704987870147
17.420588267013624	-22.550715542221305
13.417781688172646	-134.25907866984377
134.16715999051897	-11.53177538890887
-43.588706713536176	15.670548918213056
34.46646753646981	-71.46772850936745
53.022879735492005	-29.53077080182843
-63.27280215671194	83.0633166857228
36.312214664389984	9.769018017957658
35.5821330376635	38.26937116432918
-90.06058219476543	4.248692976753107
-10.304326026293367	-69.62556605981443
-119.32687432627534	61.349891362147126
-56.65481187824223	-7.647476818708306
80.938086587481	-71.508363933337
5.210470686289442	96.1182446468248
77.31457271323389	-23.898677434288746
85.14603716808935	74.60877306100544
-95.24390503461598	1.9285067858545086
-101.76537108219327	23.137208687138855
-134.2119624408717	10.232748237919223
-59.29453759967666	-115.50352866239601
-9.413217911197778	30.679261694265872
-85.77729356063482	26.525479509479727
-55.68320758405185	98.33937944669985
124.0987774997553	-43.93386003178117
-34.329527473610284	100.55259894821573
-2.345263753565037	106.4505454818809
59.82687481832911	132.4802542357468
-109.79902370288191	71.38146789110839
-8.600902752079378	68.31828960138067
-101.0741395004022	28.23167645920412
49.173254123557165	107.02912776618473
142.45908253614496	-21.619101351585144
-35.65394309986586	-36.677148112200015
-51.855780000286785	-75.61644596730113
-59.41679076172651	-96.56431929210387
-7.4089293420951625	47.843788068162816
31.80713357029518	-119.67140498285312
-7.085919833480396	102.20887106616114
20.305773428843242	112.59688755426622
123.57678427897714	27.47812524066464
76.02573961858178	85.42385807062558
-130.47989026303173	-4.483609324304715
-63.78126586335456	-39.2026868071187
-28.370453398214362	-55.94349994067597
26.921205215803244	-42.636841698247444
62.75491090516454	-90.37767870639126
-90.33379714934499	73.64878878084086
-39.05302563895103	118.30794155463073
3.6486283560350823	129.31068430827935
43.841157908494345	40.55233909051041
75.46038851861314	126.90925920910067
-1.3236095336059315	-141.4028271764938
-19.636561891737262	92.9879748933232
-94.99327365118843	34.35631447171412
65.13980101555615	-99.28830179135335
-39.11224910886497	46.55575332278297
-69.97700188740842	38.02267009177002
-21.244153307080545	144.93169984602113
-11.665660025373302	62.7309831629169
84.26784967407941	-71.19996662638745
-41.057764152371284	23.949042089864033
8.115961854328189	15.196396032041935
-133.70567573299252	45.877385186086194
76.22597944716446	-52.44754341937761
95.89637422443379	61.18323701176652
107.6771109932884	84.76550628623252
57.31180502228869	26.66807807114394
-113.30067933360324	-74.41764839384051
17.474671999980607	42.89928339053764
105.66567046470256	-71.74922141272536
29.27028164842856	-4.274616274054921
102.1073066622016	-96.97435580942364
-28.717947737019724	-34.924771769221934
56.134653284866985	93.70815431875657
49.82329838919526	100.35113048691119
-91.97899476227117	-107.61809337665977
-102.18839453068797	-50.937298867004564
-65.37729535156163	-12.009006647929832
89.83562577765086	-72.50213246139468
-81.91406619003435	-35.014601899062185
-2.4920720919247716	100.39318283413368
41.884436164547324	52.64767559969072
-114.16609350029181	-52.26802517321927
64.8636126019111	6.382467861037949
64.17616149159376	-55.39580081286561
149.11166493756417	8.035955895168359
-26.451288571757992	93.5807497400581
79.60902716549445	-109.89650989565367
-56.167862402106984	88.10255723569962
60.41596948863916	123.0641899810114
62.15807875631293	53.30010595370803
-88.5723356321937	-61.19374821253482
73.84936813809294	84.35510787482207
-44.90154802446055	22.83227656374875
-8.477839390571463	120.87175285569266
52.46302024790236	-121.91555640844042
-88.4105521447302	-56.82621347127668
-20.161441128180616	139.55674950922915
127.59393333348218	34.65853203349901
-59.156531065024645	31.142151170972205
-94.92371682722948	109.29531789557177
-55.94699184297013	126.58467152894593
-17.13525276239223	87.99303084557324
-97.2538078788416	48.74278566833054
54.39066502974117	42.10842359853797
-102.24187678367178	63.737765119774664
60.14841375686192	18.735149137265545
-49.899267388130596	-105.01559619065623
-80.2295510736538	41.78351572482386
-53.36499795662917	0.160315805015995
48.552561179992175	-53.37051871287801
-3.6728491877999487	102.27487422210653
19.416086991802523	51.33374203952096
131.48394677706338	11.399278348306277
-38.776411985907394	-46.13903193976198
69.76457081317595	-8.963288637615637
-21.77804921747569	-31.197652858995976
117.31164035462137	-84.19795465247469
-0.8476482959597247	20.691515517912475
-123.25238821387222	-1.8686951955849045
124.50489576613849	36.79591351253537
28.358237709130243	-104.51745953990162
-65.34561198394152	-68.22085390035481
50.62746333815008	-61.012453478610624
-110.55325987523783	-11.109557971247629
25.82585654759004	127.89287215357345
-118.15050237581086	37.78813338506228
58.86556090560719	-71.56189223503381
83.87081520228716	-38.759654688135804
-6.8301428158468624	38.16221131833542
115.34955529749	88.41500549080078
-70.15423556854346	111.26220312547227
81.99216789183205	-101.53452420637196
84.29495793384399	-119.19287340615472
133.38398310856851	-25.085072748454653
52.42476355168792	126.83138956681647
54.44409983484877	104.44786112630909
-77.58580686932241	-31.59432212395752
-1.1800845805726463	-93.82263518305936
110.47267910068031	64.65717654147676
-101.67491483927842	-47.28442651162859
85.96955028181667	-9.268540398500699
67.73833257904032	-68.32233136687483
-76.04460891104085	119.69569038894811
-107.66647610902199	8.810762012189748
24.811926787792522	138.89727240414624
-9.735619873885327	-114.7975207323273
-107.66974555909155	26.000268313950773
-83.29895408729408	121.8832397671158
-39.01619623550783	-16.67947091602706
-29.197567944358433	-95.3495016321157
35.5442132229231	36.63112780304884
53.44737312026088	-119.19723731141319
91.81230874223202	69.57994974618474
55.00525014468376	-73.37359342021958
58.98191372876909	73.44769486836101
56.425814210078066	2.9288466111813016
-74.5974577447255	-19.643791438713006
-1.6523294949751097	131.40926865342618
-105.54926861190472	-85.86589569185138
122.87651632615378	61.90431875873288
-34.74097605157968	6.208328072423339
-40.07244350238198	-51.27468999724655
-96.79428168162615	11.430632347533727
-39.635413618342675	91.91699255485561
-67.26521233753854	-39.361231426526075
148.56405519857384	-3.891728420448978
18.111681111003353	143.12409336025715
-5.42411851377153	44.151018067414675
-75.92290104158	-100.70445092000234
51.4480224386447	-46.44908517717412
-65.0498975303689	132.53819082535668
-109.98310450749	-56.81985655540186
24.071234851704787	-32.027078046395204
24.56782356339123	-17.1573612904961
59.73821520306389	-60.3170783269038
-111.42102834911634	7.667750259002184
-19.064921021596426	109.49577884210201
-82.76715665004264	71.56644844255256
-123.02222868258053	43.51486132563882
-123.36675953334954	52.884035366124444
52.68481724703117	44.35055267101577
-26.90795199979688	-20.03317580806385
