-46.616875613562584	118.54225176064821
0.44425613851232654	82.22811768154509
-99.74307781437612	-87.02420566679221
67.2996153572907	-40.650189043605515
107.37556179169364	29.60901547588027
103.67116834907216	59.26951878730363
37.69470584004085	140.2978062712223
-10.617253118316617	-23.01027456769893
73.58063675483318	39.46140107692815
53.22049245913935	-41.653489138348604
-93.71346815944945	82.38293126139132
58.331761006938045	84.66365776051425
-49.046152682106865	-98.37868529613074
42.0200155681925	-5.730380216524763
-11.53768630909455	-111.92891735847489
-74.61299331257493	34.72238056528969
111.43806947139194	-70.68639596226569
-49.85619720736111	75.37836560637295
13.23695826694367	25.61168173972281
37.7412245541474	-5.325538954208564
-13.979246630217029	-81.84448664900681
6.89930081334702	85.50594751649896
-93.45837149580588	-81.53245391421757
-50.512723166404534	-63.596482367738936
-107.78554314204503	75.23431854817787
-29.137142322902996	-107.76925316748917
-44.82609642031455	69.59721187532777
-66.42696575409074	36.75607752778586
85.29325189754672	-2.203589833769783
82.82333115149946	-11.249219064686383
91.27966042277161	70.31731754146557
-123.86312780562405	-47.95368640174238
17.23197145067419	68.6705376532727
-28.549022504944062	129.7502550746586
-10.736573085815348	-26.57336683548298
-1.673683885138262	-84.21372648211958
-39.401235839679124	79.07992128379146
-29.20396520931564	-11.352350585204576
-60.346791113660984	-92.28487844689681
-34.35295775002399	-4.861643560306018
121.06424139591269	1.637765531178064
94.34192127107177	76.34996385915717
52.371144409521506	36.10271472122772
-31.989533148391548	27.95986838442608
-40.88003084289241	17.037021828419366
-34.93382513238461	69.14913175574345
-120.08144387025366	-56.93111999670992
94.17572044530002	64.75616236391669
115.13382896563992	-7.250480167483451
-85.5342916951449	60.886027068004346
112.0516916059912	32.504823381493374
-7.870605900972544	-146.2122680222716
27.550042957974533	136.10646491945403
27.308533038985416	7.803773572126542
8.582320786832614	91.9206852520986
129.74712540767675	21.079240532735945
-146.83581438482676	15.431261169635016
41.235952491670645	49.49858356539373
80.9025239871816	-86.25525862690264
-17.46505601090985	-141.06828482841024
69.4347048046587	-60.16142193466334
-38.227411466302904	83.16487186028155
30.07670717352917	-37.35200517210054
41.513097112528364	-77.24016480049329
125.15957080233501	73.36633282917302
-85.32655108103069	-104.90363804618258
54.699125993722376	-47.622943944193324
29.884123658761723	-144.03174145525867
-11.941803868364534	-47.136598554300356
-149.49267404214612	-0.46936856588929454
93.05490784089858	-41.578407118363884
49.52009286588084	-52.89166550410978
-47.194482968217635	-45.91503108315377
121.20711687122886	42.15275817034137
77.41581136001692	-88.38261244091828
127.48107842698778	-74.17891720708776
130.78067032354798	62.950941896020545
-116.0096087208484	-73.22104273919246
55.09441929658664	53.74265536107362
-135.31744403836322	12.998275309636576
-62.17670988411501	112.10272181979764
-139.08266185732523	28.44371179625739
-81.39479038906958	61.81871891841087
67.32324449622341	-23.57156283471877
78.4474823928894	-113.6957201730519
-100.62552106049402	-60.726200192211614
-63.290587105688545	82.6311729100077
34.656975745044264	113.51414077459228
-57.1124935939306	130.1634839384421
53.85982527450092	6.939945404871416
36.064260722191655	56.41748707207909
44.25626675377529	27.478082923723168
-81.58312117588855	-81.7875443364882
-57.13875812854482	26.28227182754814
16.316999083837736	35.78227678482596
-100.81985558876512	-58.11204060924791
-71.183310611397	31.12840538177839
108.2500839623731	-44.28892364261161
-99.7501584061473	-60.704649542929836
-43.95808246018544	-65.04005168491952
-82.68928130347435	-112.63031604991843
-38.49435151251998	111.63901297779239
85.66209229394573	-79.67290451112306
-99.14530183834293	-100.12996400821501
142.8846773385581	-22.348799492893722
131.57898942544185	-34.226834540750495
-97.1463507780051	-59.20227939075738
98.82000389704304	47.81569946910169
-23.426067014619814	-82.11833034938915
56.60356505214636	2.976567886226724
-48.36261524897856	-122.41262599929667
-136.68138026757	21.845816789696162
-88.69150447896025	-28.849055764341017
109.82204630684045	-87.69608108677056
-42.23795496981894	-119.6855938629957
-139.43916304282482	31.6819786883319
68.87492443799698	-118.67599801933531
-10.460593289941606	22.971505216189207
59.66262648072577	-47.06453826644229
94.50055321062563	75.60948338835878
113.69343596774061	-73.83018718598201
-106.36602290174125	-90.25893026462609
84.26980536750072	-100.02525846795467
-26.711766997803284	-41.48972022078686
25.90106725630024	-24.283901218955812
3.106573231302176	-119.51534073942469
80.68051414709119	18.03395377621103
53.2082000348281	127.8960906996141
-117.53861337283836	51.36009093144713
117.27417274636423	-88.44389612920833
60.242514564807166	-3.2805014080163666
86.02648330891829	121.96586890685447
94.882663893197	-31.969263820724922
-47.63271920209256	72.68401722529606
25.61947072332433	114.47528104849353
110.61831763720033	85.88991814372243
120.5853195952927	84.09080051069559
100.85224739515775	-44.12099771067575
-71.01711606736714	65.54384719904849
80.56913775098032	-24.05434348853458
-105.39419954204192	-4.103434740138535
-100.85295291037686	84.3967907638117
5.35754793062442	-27.724452918285227
-126.25004928353569	29.843575999680407
-55.37322070666174	-6.857309956177476
94.79440706742271	-91.67010819470644
4.474873941848858	-42.48795500055653
14.26357024660702	-54.94317724855601
-81.32561391530587	-95.9067586615648
62.73371785725312	101.72873672204567
59.629388625480175	51.04778765859301
-1.2003134376514837	-108.03987252708843
-8.029146019310781	-134.7433286310219
-100.84018828090959	28.61888940924238
-58.17942573331536	69.91573321480895
75.08594508497288	-55.367250045218526
-36.40154703200635	51.941277739563
-9.836933230878044	131.43358423019396
-5.460387772267117	-103.45421300900942
51.8852485143386	79.71154750826553
-65.28072721904506	-87.27445249145637
38.80176151983435	-114.04271157606763
-23.264885498181123	-81.69501451201737
-63.032948987235116	108.20451652772564
-26.725811476654712	-45.60427290980674
-122.60061792751827	55.06123038755134
-78.90894936378153	9.999108995115593
-10.10500690686441	-64.81586957383817
-92.72700476154439	-116.15841271706766
-35.62022769988945	135.50843222831617
3.4059035420324415	121.85849450055717
75.71198631281	-81.864975483334
48.372930835474996	-67.4241209912453
-97.46700532917897	69.10406299441759
52.63027538077215	-59.728653161593314
-100.104430790607	6.780830695274876
66.38926355821977	-91.56298458260136
30.29174991695289	66.59206506535556
11.3692558448297	-116.67260956413912
-62.791384234556446	39.021820419018596
-57.99222784374713	-0.34624868859545044
-126.94589363822408	-43.81625425049639
-53.853403475895874	-112.30679836099479
62.77426112838244	49.265710895764904
-1.030779862610182	128.4282383599346
-11.576659781173754	-63.839159600905255
128.55263607020473	0.35015719493021696
-9.796633746783042	9.582897388163303
-9.065986737888876	17.107983485207768
-41.90092935009099	1.2572167194490744
99.346708410493	-10.936047064787617
-0.25929787069249155	-63.63988744998395
125.84547206661117	-33.87959290257783
17.289849522838804	146.14954771088046
-39.35816245651181	-94.68350308674081
-24.582273725664308	-113.02473801447115
85.42552877343753	-17.90936121309821
96.79666594109679	-2.164551523958981
-104.96042166678684	-55.56831545472604
-74.37662194939213	80.93374476569265
