-1.969119797487401	-122.07362391235301
21.171825258888845	-85.19111866122103
72.04643657965119	-40.1270091266085
24.373803384526298	39.39985456274288
146.38758625650541	-16.226633036167705
-69.12606404152594	-39.224126182271746
15.603577953307436	18.70826002736768
-142.7634060085625	-40.589899056931664
99.65859860944018	-99.56489770538695
-47.34714582762932	125.09627951216991
-67.19267843596566	70.54956761967296
91.22022398133753	64.37354395647095
-12.383887816142625	135.92164904180078
-111.8036453430636	-62.90582776274075
-12.237925155268943	-33.96885512641249
-65.62960925691893	-107.70980702075961
37.84877226500635	106.77747059261596
49.154616409271696	39.24162823998194
108.69475730772163	-26.22156975997826
47.74611876196742	103.79585163953384
-9.76118767644988	-46.82091723221026
37.11006171345282	103.98157576034028
4.975454079342396	41.85338949936317
31.62268380984961	27.484899556205693
107.56629661045162	-60.48065954376666
113.62965678849473	-78.30387882737426
63.92954986502738	76.02153411825381
-40.300156545581565	-87.56550730196453
-77.4778098550094	-66.04258518626504
18.432171351478686	112.76156971057709
-33.27671649233396	139.4700034821751
-95.57691493943146	-18.75468540931986
-132.69139592466468	48.97098554658145
-24.657286770524934	30.506201209247653
-25.991415923504707	14.12912517731484
-80.61321228998112	-59.03668370694242
122.60009647577563	3.0888570365398373
-22.668980206240402	-133.70063894219038
-4.679067617685659	60.636632971066774
107.98946715592217	-55.04960716988257
117.26954132866982	-72.79638595796621
95.34646908205303	46.57679822148475
-29.117368970689416	13.392311964287472
-118.73805317019058	42.32989419338959
-141.9693448359501	-2.7496722385805104
78.67486592223769	42.83318735382775
-124.10890009680541	-16.486939243095676
-32.4081326846959	-4.42740089265343
39.366473690230826	-104.64934662499205
39.49944127446383	-56.47580412811762
97.73674727375355	66.55152136515706
-65.47541780910191	-9.316861149094487
7.239918989731121	74.92838912552827
-34.900896772600724	59.91261497555771
-69.02913831423356	-89.44865198088634
20.105793611007226	21.60544693015466
98.8172340708045	-83.44242166703992
102.77320532353548	-48.39367492906323
1.4014735294015925	112.17194608667538
-16.139954106328133	143.0590567551352
34.328909356813995	63.530580138549105
-105.00153078368122	70.2579152512281
105.4377129794983	65.37748202043637
85.28094378049153	65.32227637000234
0.5671995228051049	16.031594846502152
-18.098744452575968	87.3320019879344
27.712349336121665	-6.425003845935982
32.6335983817254	5.650114263240265
-27.65908620255774	-117.94830151925552
77.27536988886584	-0.2759259643384339
-48.02827213676188	-26.47902925167235
-113.73712793731217	15.099468358912914
120.05002927091188	-69.5225344172892
-96.29936611531296	-9.827041024809821
26.89199792257832	110.3865221161781
-120.56843492230826	11.757968579194308
-15.055951469596229	50.49934530430014
96.94953036190005	-86.21920186537984
-92.31783679585659	68.35531738299764
148.79913519132748	5.245036682723777
33.271216024110075	-26.32383935583902
143.29310961668614	26.362158198925744
-70.01634024726027	-53.30476895509674
100.63599778997367	20.35747441752814
20.644013403958063	-61.062334341256076
-142.61455847074407	-43.92124474444891
38.151035561347996	67.26693939122936
-65.91183606526504	16.945649922582657
11.233467124720542	-12.548070500943387
-127.2577871923069	8.183727464144214
-15.704324021713482	14.034990118990878
66.45623582284652	-8.25723673799818
-24.164366696778668	-22.134143972879862
-40.21104197470094	98.95123246697392
-117.87646656072513	-30.582228434505424
-6.403499669693165	-126.9284336028701
58.80734823225756	-71.05407997466048
18.462094207848274	-53.41564122377002
65.12547707294762	89.1367092148067
-20.733997254530664	-7.746345924344526
-86.63006088461314	-17.81594729113824
118.72733485253698	80.56331643484805
3.7354102761985777	134.22626370566766
91.23381200087691	14.925654332341702
-88.22684614184875	-81.98560297328793
-34.81487085877073	86.11343849935686
-30.370298824330046	116.99146828740575
139.90349872514275	25.584461400483814
-72.67069764556332	-96.68403362044099
-65.63141748280569	69.4185845642589
26.51316924052013	-15.243489528832269
41.313375761999914	-62.08623537186145
48.48516970070104	75.06089983402192
-96.80870943900395	-79.35236058148939
-65.51436545630727	-46.253537254120076
-73.45237796987064	117.33649586483703
91.36730230305704	105.86133503890709
-99.10036269494114	50.626503698081045
-131.1492013569809	-18.744926599919697
-93.94514854571382	-66.68021060150048
83.6952883930511	79.85014243810348
-103.75221871657301	-45.04721404340723
112.59014826577115	-36.36675546949284
29.493827493260557	94.17526560550638
-117.05714444441323	-11.955703265530117
78.06255553215603	-31.75391083505277
91.26405901469043	-88.05104565805603
-63.598740294738064	75.14892917691425
92.29844401391182	68.83726323183141
135.3504875691126	33.725448364246375
33.15696310078806	-11.39626373311939
18.924529806240912	146.60554080807393
-3.6186033685911667	142.00268020977921
67.93291616281432	83.22249048186282
122.68491650850136	-13.942441105803377
-2.6454644179436535	-106.17929032945253
-58.90484245461369	-119.35289128648095
29.79884511338299	-48.99572549451535
-53.100413568710984	-65.97234924955555
-122.16499291986288	26.394507610269187
-2.995488755115722	130.74976431326326
-27.295231790100758	-132.72062381341627
76.43604452309631	-39.637851982947694
84.24867487237638	67.55820837556706
73.10449578613948	1.4446458414970864
-13.826780705619045	113.77026593994167
15.116398005944319	127.20164827081021
7.035073263165645	12.432804552794899
-0.42441008774262556	11.353988191303932
93.1326227369132	27.64535169867977
58.370473063157156	-77.0656478608506
-76.3190250132175	-82.04708993548432
-73.80008443360408	59.15343783620073
-107.42787333959885	-62.6993645876673
83.59985512351946	6.568921835071765
64.84475654982572	7.318097552025094
6.547322575776252	131.9084507765789
67.15350338346417	-34.696798457141135
2.537061304777627	-120.95536272231783
0.6290488663026584	-37.70971803143478
-119.91864121868028	57.840130587049146
55.22441313342187	-47.46475516241991
-73.0281724054789	59.70989017916393
-22.889913496051104	-120.78157680176756
-39.059582919132716	-32.70835894322584
-35.01691658873262	-58.61345561239974
-55.219376411450824	75.90858501942212
-70.49240098137936	43.47715064515587
-4.94722152112014	85.16526430554012
-22.789403594607716	5.886596299447175
109.74745504407711	7.032512608011046
50.881528404502625	-38.23919912668559
147.7763577747294	-14.931946700616804
20.785970897508847	51.420178519413355
-91.37163005607002	113.72570915028682
70.86837182138788	110.37382167111842
-76.75956654478681	31.142245137801968
-109.77854696146333	32.447221315026496
10.35517426872737	-110.56784525578804
-13.310899519736632	-2.0381444166093226
-127.69454397883321	32.58697123961931
-138.9318795953491	-11.698514291069074
-139.2055208287767	41.273223639510945
38.72944613286169	10.089300268357851
-115.43022063584158	-22.25266436811697
86.88327305408455	-110.30627757266879
101.77892193293154	-8.849242867809624
-44.10665551768166	-22.931637975625133
-65.2037464497463	15.62649397351858
-106.21644670788606	77.76055891327962
75.9934133865467	31.768700329909375
78.96058358902057	119.06587690864876
-7.863344507685973	-29.7764187182614
95.04637774872158	-48.944739614945924
102.27323510883801	95.40534556918355
140.5794413289694	-49.10715523055705
-70.83109834173104	25.260194009639477
-44.26826158028297	132.52555621396533
29.86882595102825	41.37174387907133
10.764808316082787	-79.32823217622187
