-35.70769954593632	78.47007957986509
-21.076048143332294	124.9561861117192
-25.03540539430482	109.69881465026381
-6.044771191343154	-104.0807223655269
48.78821479753379	-82.25472696661541
30.736346703438308	121.41489694253735
-76.73459188517481	-20.654444969175955
-8.364792242637288	96.94851129050363
36.529675147610256	-109.72109296549877
-106.34207587027267	19.056330282162726
66.17573733868205	-70.45295641152376
60.81064455693195	49.055790353840784
-49.22217996413902	58.27877624443989
-33.63546537210117	99.61970180015403
26.081554116882252	67.4145585705274
18.20122811947462	137.92178668369732
19.78999892995932	79.3784449035954
-0.5913102331055984	45.293149664983495
-56.95324357700152	111.49412567800992
-27.552689843646423	32.86864322283823
-34.169586821149885	74.2114004452
-7.0516460871303694	24.266636635253256
-40.52890166453178	67.47023752759972
-1.3958911781802317	111.45681937405034
79.94724516395954	-112.3707791765097
-42.8956746247668	60.9861567058297
-57.65986169608245	92.89665530270278
-17.537544078222332	55.949068688463036
-89.64637385954843	80.293827264419
-54.86362472387944	-24.841300739955273
113.57187779426768	-22.08053385670211
-39.48908083663413	69.35921255788332
47.720676889002796	-61.39968590326452
69.05442752387019	113.91148673287631
99.27658754235591	103.89299219594245
-54.7526690018938	79.99265971049401
-35.8254138667041	62.68824085874945
-31.337470673944857	60.6146721125716
-61.01593879324402	78.48603501048973
-27.359030008989013	52.33814725002289
18.506053432373264	69.19997741764604
-56.13169606888866	38.170307181917615
-67.55024053577752	18.03501771768801
25.663519665888447	140.46363439266233
-57.70112296753777	93.88551053496413
-4.55466674452047	65.37798668561946
125.92429567695298	57.78206964285695
19.156368019314538	42.47591188387306
-52.727994545248414	54.299168256124275
40.61213645720083	56.54052976369407
-93.12055206807398	-100.71973766174665
-68.70290240458597	58.661134944322534
-18.876272400528165	74.85983020875831
-56.27403200690085	102.56369580785916
-48.672303251812416	103.97138526757976
69.18841189072889	64.08741879459821
17.835204110338182	124.74680158169619
-37.38756689665637	82.67166308061867
-32.7056637750519	72.42212330108684
79.58456414370585	5.305653025039051
-141.25905738230912	30.216204399412906
-34.409458024635995	25.440541461484088
118.06045776340244	-5.618179370282462
-28.181551596013442	116.13075969521674
5.186543917640621	75.79180476466014
-51.7198702865211	-9.831679313658004
-34.64995961950516	120.19422598880503
-11.986031978733646	93.35637482508918
39.043871659245525	106.16244350443752
6.113019060816704	142.20964866319576
91.38965454175498	81.94161488241897
96.97769416469818	112.05155315922376
-51.35780967144836	105.23239599343522
19.349475783783195	-40.4567834068707
-91.07557736522794	71.50586797173644
1.7386509821675624	47.997605365256156
-56.854070347204974	-9.836541688701075
114.4380558195645	64.79274735275857
-43.92195930213994	103.9282953536778
-46.94163099511176	85.41352839581486
19.758027670436224	80.62412230211008
31.533795950669692	-141.10756200611772
-17.43955734356234	76.72313091218987
115.60400495727632	46.618032172261785
28.348759404657354	-25.15845600791213
73.3818482014602	-119.93111425177035
-50.77325107936105	66.89327378684789
-54.745693034097265	83.9762407937312
-87.6856447654706	85.59562159674154
14.38963656952536	60.37171939964852
18.53712867156402	71.47850448533725
49.417726871215194	-75.89106556282927
-44.220596680927265	72.0607671067341
-70.07477611067146	53.846090520995226
-33.874630959244996	118.6474084928822
-1.2199319370700734	15.061931097382866
-22.61103591378798	116.14686498711666
-95.2341588351169	61.68744004165179
-14.618073462415472	-128.69592147824252
-109.85428234196674	62.86169228556653
16.82856690523019	73.97938392382487
-45.87900057411978	82.42175635766007
-87.56241077011104	75.7571870898183
-71.81702714494202	85.67564884566389
5.383080202272888	145.01343771222002
101.2979446599218	-65.2056822170417
3.411039913532233	71.90381945312612
16.073034744635255	108.67462084214921
-62.39750230503915	67.69353169686183
107.67099410792923	70.51961023695793
-56.865227402206386	67.2707600456737
-59.41164888552907	3.9485684736002593
-114.62748881506624	-9.818107582835784
44.054494919456694	107.64674252264544
-37.61357674332921	99.23328409640715
-46.12057294484159	92.98264179051573
-90.5500731759303	97.20861227365886
-22.435608413344962	95.20623453947536
134.3930306728369	-46.022020168341875
-75.34324889357113	-62.42445524932534
20.851548415870084	12.338497254839886
-83.1688714014404	91.1861735953183
43.60378642890221	-113.39330721661102
59.31141321405523	103.89294403350871
-45.161318782541734	81.42152600746157
-6.36123107228093	58.74543888371759
-0.7016804814648746	76.42316381904297
-23.386302155290732	111.15725013110026
-39.07169174255028	58.88097215057951
-85.7521456185732	102.88963455628476
-32.417536770883636	44.69012079028466
-44.07443830098681	80.3369594725609
-7.316173061266185	59.64943937519385
15.796495793368171	38.21367115056135
59.37361235087896	-50.458260149356825
-62.90266985564599	92.63341641684018
81.0720101921784	72.6874186332415
21.884381167908614	141.74765726022957
-73.04560349566904	104.75451214127501
16.646394526560698	126.01795582671329
-18.070614487227775	88.4084923140641
-99.06928662597753	-67.28368124567598
-49.42476241265212	104.72368643209754
-21.19063837424641	51.62843346485033
-79.40706293891986	58.56620393366691
102.76985822190616	1.2333977083080854
-100.5436320478724	52.24527867403558
-74.42238477533638	34.97227897252593
-75.73691547146674	63.96367300430493
-123.70218081841439	-3.4614121416012793
103.00420899492607	47.02967434053256
-9.754315619647786	63.37620930550923
92.309293702447	83.31776791045506
-55.18258948239513	91.29519763432351
97.27016885408635	33.78677113728286
122.56957124962605	22.315650551925668
-11.746388765088627	100.21402929041805
-78.21562821253265	72.95840635985024
-105.7638526172787	-38.30910563125028
38.11196837225607	49.66960501772532
73.11365928182876	115.33428334575328
-57.81509731335695	107.49695391560657
1.0969784546146142	-12.091314599181942
68.02039954294449	75.1447218264355
-39.889534620427455	92.17175351520957
-50.75528866602409	71.2866334633162
65.01841478240775	114.96721220021507
-49.37024163868187	14.344341906534476
84.85246231510739	106.98616031197392
72.71744958706928	61.280272526226945
106.92136348370518	94.14585031174785
30.707853892180264	67.16209537940442
-87.4888455570584	114.59650204498159
-43.53310487390963	118.53652048457563
134.58569263375992	0.5706389833736393
-30.683230809445845	-129.45493986013216
-58.70788379621558	125.79232694211342
-53.2992457783673	81.39902580313252
3.715305507552468	76.14576218413484
-14.34661815617752	77.5426076160122
82.92434829074836	-62.94221430082984
17.102388248145107	110.55305788044262
-49.946040281352545	102.12766369978347
-29.134076894824716	96.05787099747539
4.662389662504021	-130.60933777023496
85.77241706320474	-11.078613080134339
93.01177680440424	41.214191753895946
-107.25102923292576	55.49645530292424
-33.765099567692936	128.56765115127152
-44.30351029953445	137.96900458895956
-3.2996348777945452	-30.82844012310757
61.25031209195722	102.66261985010985
78.6724998213409	43.05376485778658
-12.87666947396399	83.09640011149634
6.225715531342114	79.43863695158812
26.962853983209556	122.31176820649883
-0.49862229593138846	73.62073221338085
6.916814076293826	149.05488580336439
72.26968229248827	128.90404839047702
103.56760821800198	-87.91376404164993
