-27.600515565043867	-102.38162714440612
-60.169293443555965	-79.8770621033124
18.159673970583405	-72.85711771511889
-14.480495238987464	107.49341785054308
100.3101020928961	-32.83674149411909
-78.27543238885414	42.45515445606227
72.00598085969366	49.08737953686907
-8.773387252321662	-77.52457525968968
-71.84752853740747	-106.0619348378358
-91.74148752215481	106.89377720556212
-115.83942487548238	6.401445746192794
38.841206519865544	-102.9246720074669
-10.16607369756501	-129.11761617646766
85.26784750775656	75.62498791432367
37.40729532737503	74.52905980832725
-88.62217277499991	43.84105619142518
-95.38573558521438	-8.354806675461766
91.36074853381967	-32.14106077200381
92.44248296932405	70.89371453904108
-32.89400205916931	104.34928162933775
-30.029892041512305	7.219229201419481
45.72864207338781	-0.7127437755602444
0.15903523281710333	-8.39468439991012
99.48524783301644	-101.1397987708713
-55.71291724950187	75.60243513866304
-96.1919383879662	-36.022700665883875
17.679883607738685	-11.573371363400469
-83.11481822862338	-47.31822138299591
26.544645749866046	-120.43499332478211
-58.150121850229965	-48.664997261347196
-32.8865267590481	-115.74866992689647
28.0424920989439	31.895088503710056
-73.00935694403188	-81.9568425163078
-137.2254980889188	55.653251614785724
1.4424832647270716	146.43666705718604
103.74540751096805	87.20477727211681
28.337436353992036	99.07452212578427
0.6978687148758665	-20.256710427088148
-77.04794520610888	-84.10060249149831
-35.49771149294931	28.961752110083854
-50.06401357210242	-47.26873220578707
38.33288801722737	-109.61452971747671
61.66220320095492	-70.40730711315679
-27.913576027446013	44.17933241396277
-52.72548353981985	43.341573347125625
-64.8297614372042	54.63835257663336
-113.92644042559303	80.15340721529935
66.64950868443374	128.581682486064
148.95280969710856	-12.335044417016881
86.85799102613937	108.26030794568159
96.78029218641575	111.20303124968824
-3.535885550215079	-108.14808230413632
49.394450149190206	95.10041804255779
38.84709592083737	85.55202334536304
-67.13557212897007	47.620802049198275
112.46751393306579	-45.84568612078987
62.714529191311506	118.33791749056115
110.90700647786736	-97.76867914461087
97.79268703576295	-68.55604076918685
131.97861604168526	10.467564635181633
9.171156040753207	82.49690109624603
-77.69144406943082	34.70470656512973
1.980025634629787	26.787380873358455
75.7939202187472	76.74535757005805
-117.15071765578274	26.932172137349962
-27.09993760236258	96.92629076006558
69.90415763343485	46.81849958897247
-116.59383206975629	65.67522943020013
74.22059941733893	-94.61076677655282
-140.30458222536552	-45.03022856114471
-93.0830321910194	9.731595285488472
-82.52213377156855	-117.91121614204832
15.832194935348692	144.81940217821494
-9.624366163992509	132.75069396281637
-39.80673942111951	110.4722594269741
-111.26382706742602	-33.38861810204449
-87.29172259764233	119.0103908543131
-25.47246035882734	-96.51625896656812
-14.529509767620038	102.8020042619999
-93.67431221454011	-110.25348618884162
141.92936884092018	20.11138239930666
-40.62680409827855	-71.71646134026658
-82.40677821766124	-102.9264596452835
50.54249805401108	-97.42505766465139
-38.78878523494162	-119.79199513286326
106.15492921647254	29.77721592579896
58.77624417372722	-70.67228598305626
26.23725906181325	59.88262314058386
-82.61163023513384	-20.501819663639985
-6.700690506161413	42.76794691108242
77.03867594206446	8.285985911191652
71.49458029636742	71.21488549772693
66.19693208951433	82.3871907051732
-130.50922561110022	-43.91091620269958
22.719378341582004	-31.358484377543157
35.430811259910186	-6.660304257134432
64.28034462466064	-49.779391146838506
-31.725033525801713	11.353994249332013
19.805010052363958	-3.594060850058904
98.35880902899248	34.18911351912518
50.29674416476234	-99.68346931144917
-23.51885115666421	71.1075734794222
126.6185945475009	-72.35128849297453
-29.210251865773934	-122.40297004857419
-1.9679557355504405	-41.84269246995551
-88.21639976369369	117.14769899670134
105.03908120555118	53.31366581956897
-19.196191612600167	54.28687096004243
-42.682980307906654	-12.769289493362654
43.983093224014645	-26.362914650894115
69.48545255489951	-81.92343049827952
-97.11334158961236	38.029634753279865
130.89210223882492	49.95331816895708
10.602212397538228	-58.10342664384058
70.31546531698307	-28.854416259678434
-68.1913400825543	-113.45948736668214
91.09433203808068	51.49018309948772
117.54887707102384	15.423459050879687
90.73217982700893	-32.579135963113096
81.14085288110991	-52.81868851671412
128.08955392471694	74.84583474305276
-141.87815794509632	30.921928733954253
80.08265795443779	92.75906300905952
-71.62742678440655	27.70480539871809
-37.566839949126305	127.94748728567532
8.734536914525373	-110.92251749614199
116.43023388810111	-25.354756945662995
83.5988452931715	82.15496510288625
-27.084015333346375	7.51736665202036
28.827092189882897	-54.05133049080369
52.1261121899884	-78.58832643659048
-22.528934117773115	29.854268969659895
-119.76711751125993	-36.83749792074065
-15.90344023771522	-68.97546133868674
143.31850670177298	-21.741579952757824
10.952719756940667	-140.79607679312977
-10.751851668694673	-116.50364180875167
55.1726515800715	-45.948545675985415
84.14773899552209	-85.51066498293731
-5.812728996982446	57.9018472309904
52.23064570383556	-87.58907591750457
34.30567154803535	75.60149209955084
38.3323182051931	76.95542324533668
65.74195116654255	46.43958670736692
-52.46116800268429	-58.765278100034124
-52.359044159494886	91.51943624134046
25.08276790408009	85.11079499015835
-25.191702038351828	70.70974895902032
-51.31284277954716	-49.25890919330959
130.14425583813477	-26.409769626112197
33.54714784628171	36.36763075547591
-2.00182101239441	92.26563484554654
-44.970567841420724	-122.82990117558388
22.528350079446124	60.49275509985754
74.57134026055502	-46.29279259831928
-20.116336511567518	-9.436376500726015
-107.77565725208976	-73.81048091724551
127.22358557308087	-38.3363330236224
-22.95251291265467	-109.36317144947851
-102.65801717057447	62.33222348192564
-36.845834561713666	-58.428473197058814
95.7908641746147	76.5960401085819
-80.30341064117617	-111.69018750656186
-16.54021070903246	-63.23707958850522
61.33744383930241	114.88021064776623
-12.097677212883058	-121.17355733479943
84.34425958222202	49.81410852886857
1.8855112786415316	5.659024335217776
-133.87298431512713	25.062380868485864
-21.495128578673278	-85.36357645411375
-28.21741217632838	-23.36498296330689
55.5646943803174	117.39322853180568
137.91298519402807	39.324561758441355
-79.11135866768215	43.70716890354249
-58.55330558148078	-97.09303247264394
-54.08514825946794	80.69557788361348
-44.29427512721372	70.86443451100385
-107.64305630569153	-86.31670174646055
-42.049133686865126	0.9086918736224042
54.66191926483347	-42.31655543360972
-53.735472789631054	30.955381488323365
66.3558140063287	126.82301784141161
64.86893736945589	117.32270601937309
129.90958126597195	5.148941160031276
17.065997559489098	147.48029074003315
-40.65245387572142	-40.78037440462082
11.993628459332026	99.94258481917659
-125.77626873078506	32.119662831633015
119.73810345341005	34.97982012756986
-36.03155715723963	50.99648923210898
-92.24303946561638	-90.92615418826898
59.12225195909872	-80.81796099471221
52.146414906083145	126.5886984255325
21.50769679904945	55.17872575666058
-121.60667033239451	-6.152439735395173
1.3679872197733893	-39.931902794645346
-56.208793931889396	17.318642015120858
102.15388930746458	34.89747629821558
-61.89227453302222	-30.92669419947285
17.67222556697249	-108.27123284446105
