70.62083909459402	-10.881087085287522
-23.99855077936729	-79.47713965043391
-56.765058720101905	34.587924600941555
129.30704303438242	-56.75114908355066
72.84199140966794	-40.449266572080234
-91.66301252671423	-6.547362558589891
71.2354668611276	-28.950593275047332
-81.23327990212722	-71.19444021801556
-15.691350883353909	-113.92795969143705
-138.21154009703704	29.670833436269582
-88.80491914990704	-88.03033890723175
-80.86746007087382	64.25204944251607
48.37826432526341	72.06817665095484
-1.2135912439405	1.5536045784161492
-90.59417211573424	72.27853755885569
8.180229466259687	-52.098585376101454
-100.089943236259	71.18275529963306
-139.83437105695577	23.65810003098626
6.231748138869454	-95.81061144968368
-81.15647662643886	-18.41066526591616
-60.72017409263899	90.19851703458427
79.83795586486731	3.693417207455536
-1.1197388804835766	-50.05701232919191
117.01050106279826	-63.002993690492914
76.81812630388987	2.6290105236261327
-22.000107331645843	-38.247170188915035
-68.21707291731894	-5.583411575682431
41.70363477640058	-75.98313302049058
64.39639718631035	112.56551924997284
-88.6742258149708	117.44014706232097
66.80002808132944	44.805217813900065
-17.58824413975376	130.89844271023367
-56.91795031970079	7.25714670933375
129.2035211371191	-72.87652929208373
17.140177035443838	64.08923756841696
-44.77159889522851	-113.18285568337146
-2.787095048588651	-10.136077987118387
98.14504272469756	92.32992119794353
128.2486353648929	-20.040363914352444
38.01086122564541	70.30771100707982
39.84217228353163	14.748817957899437
97.09379017327078	-20.05232277506464
-23.072537133527764	22.717453600012245
-7.803866774182468	32.63008847196896
-35.47553381495038	132.1571709746837
109.83181949125724	10.06135453455198
-22.12150728597227	-41.26641738590046
10.294436207678922	-145.47924445529324
-110.53226872269694	40.2748109406568
30.272191893100516	132.80687466088403
-115.4700959028567	36.666919166558
129.0441812815145	-49.289103687445916
40.59576028961911	65.2747725976179
76.01141948403611	34.2527824364757
-61.98451397950533	77.5536860858375
94.53502347126395	-63.104391986305096
-42.07784752679047	44.419189779874905
-20.045393102505702	-118.67302526665391
142.4409024745083	34.40432063670979
-74.0001236860734	118.89261436367744
-67.12106087152947	-40.07922079926942
-103.17166912969829	-11.445283797688813
-105.16764221353026	-36.220435886152465
-105.62992776464253	55.34088391121278
-93.91172745461007	-82.29441451457141
59.90215870991347	-115.00213506839309
118.19794270535844	65.97411101278075
-35.32517980905526	29.843010387111015
-24.71241264933427	-136.45380150841612
19.782822622028377	-75.30033579880208
-61.24950282081584	-59.817700929809575
-58.02203135060119	46.22530143177903
-9.391877127959205	103.57181687667456
-76.63829692506297	3.272973013435358
-68.07904342950346	100.71406681839574
-39.91350578594466	-78.30990892696904
-28.274942753087387	-122.95891718137813
-132.66491012072723	-25.386049430281226
37.1212738053	-98.70850333019604
88.3382829728097	86.16382838477877
108.39157564379161	-94.08054935678378
97.96390597052479	99.78962604830451
-37.15160960681062	-84.12877948825394
-109.53732114917422	78.75924894458633
-101.7649865507102	35.60627625630692
70.50488086575679	-36.068928997586255
-91.05878375545409	-18.836547971325537
63.064138979581685	94.86648970209123
-30.389685469245354	-114.00254837848374
102.81024619698431	-97.6999039226894
35.87767842210365	-18.26846212219015
-72.21549898746913	50.93435761241296
28.12675624311324	-67.05642592686242
-6.064071727549206	-47.57951869503153
49.41443404212168	-36.785267455343686
-4.156454008664518	-86.55333450264084
67.37799192103793	-96.18465109875856
-111.0951875142516	64.24574034748969
-105.25377330941372	10.067756650812305
11.99500275959366	43.257015938596055
-79.24337632286519	-105.35511381052325
80.504365492532	71.63414097831426
-22.722769798637334	129.87738906683225
-15.52487347531555	-73.80307531234199
64.67583299442418	-44.10384730987594
21.435362237104428	-65.07171356604128
-60.180384677133375	-29.71973933278722
95.55988361538758	-43.519251715578406
-72.04802942596542	-83.26285706646715
13.13398381242532	58.36521462177356
-136.27691474508293	61.7795241287353
70.05949993847895	-77.09527195987054
79.42247629601358	-40.542049265430904
117.58630588804873	-72.79318484229448
130.68059512939357	35.26779427856904
-44.697456038193636	-57.13777443039087
-137.7140722302933	1.4577800350007422
-75.02989123723715	27.336428877366565
34.695240388207615	17.83970934133105
-20.278013512257232	18.536235233837285
-105.69169552029915	23.346940255705345
-28.258519684341813	82.71158990876357
23.587802404662654	-128.96956562727917
30.336041996734565	105.52424886360329
-93.12191670490047	94.09734279371959
-123.79102032522668	-11.53099235103601
-145.1617899799824	-33.25837883505958
59.9451737835035	85.09452679292347
79.28312200694604	36.49143620565988
46.08474233040959	-44.46426025438554
86.61821514551195	85.42867608569105
-67.22157268051637	-87.2491400094127
-25.76029692014543	-123.52753594425522
32.70808402283562	-128.6111766501595
100.86404292848464	66.98553451704078
-40.79619225573352	129.42342725458494
22.630924558597002	65.28348737442683
135.9930375506132	42.10991232538049
-52.09649723098263	-51.644253125095595
50.60768669778101	70.1199763921067
20.015071451610467	49.240918529150264
-57.307755373018665	26.302003092872376
92.96252071531815	84.9317455261739
-39.40105126711617	-41.858549859567546
27.96192368486306	-146.41339490278503
-114.19020669034992	-90.4616560727738
-34.70106045856225	18.312652260964622
64.71835259062746	-116.50025619922076
35.209246583902505	-85.2456899023411
113.62034050657452	-72.47221769886815
31.980193166379365	-21.654543243035317
43.13699694751414	-110.39200868290203
-116.52451031759614	-50.5693914718024
137.34780671473467	13.655106851306453
-21.39368455718166	-139.77260259800101
-15.689239125018787	1.7079447095854132
111.3536672125098	66.42564626838394
-7.350946632767223	-56.93208019186229
-92.63375279935755	58.76446787052194
-58.36516290830978	70.33111112737888
25.28113451040462	-66.34834494334967
-21.704698837718567	79.67753611280301
-9.324418500944379	76.0419229433798
5.853348431752909	71.20033349748671
-2.0843877560678936	121.02843915693433
-81.35217836743031	-34.10387701561078
53.74406988058273	-131.2528424312374
106.8229286141922	-27.297135889877858
107.8371708307024	5.699010089283083
23.412255271422097	142.29032451007396
-137.31302518659803	29.94386770066524
25.2851288548959	-1.7837409993450022
76.87638665772091	-88.24197128105531
-47.74220652331	106.67792930969159
-78.00978365739682	121.29323972483702
124.85439148322791	21.490303219949194
-13.997621923084749	-99.36484697173496
4.139355322157903	-34.61305918602044
4.313792352313043	43.72364514116191
46.47784857311548	-91.2558074179185
-148.25219452250835	-12.270639720731584
-145.96518976964745	31.61030509361994
-90.15371945643469	51.133587580466035
-116.99030173753849	-78.7617027225842
-64.54808677787466	-24.815731961058205
-13.739870275487105	-82.84496207955905
-91.68666615517735	13.645382213580582
11.048952060900918	124.92424674047943
85.10404092637866	106.32057841104469
30.729259095280835	88.75182551776868
-57.30137324508355	84.85462052885687
37.96582010779492	-15.287091960795564
-25.910751197012242	-74.77947528572847
-118.62752446942535	63.529434309913505
16.854550707294834	25.50334494555934
-13.511365779346061	-129.65406947020054
-95.22828310030408	48.44446397231222
9.603804782355377	-77.4393610134372
43.84361007349262	-92.75169521988647
-86.24375769669312	-52.03836816908445
