-77.60516991879481	90.54024726068126
44.04726826284649	-40.923785882504866
-45.40800565733767	-106.08933388747836
43.525195227772954	124.51224276112777
10.158637530244178	-26.114195039540377
-24.367074970864078	-123.49762597263017
-36.04745810627178	4.032245181092463
94.79061141096086	47.27587986326248
43.36581246129039	44.90951277382197
-87.03185267909329	-65.18064511942708
-29.72296896095956	100.64892952125211
-98.61566964643048	-68.21074496687798
110.82590215663767	75.91468585977432
-2.644133355853403	-125.51954005218973
113.71208400512499	-36.704645063949535
-104.46082647352246	38.898512287150076
124.61692025512305	-45.54516008558193
-108.83187362686301	96.39232267177465
-82.8107020776187	-11.81779499049187
58.74220565004582	-19.96012593997877
-106.77672158092648	-22.959847541028786
-88.09455591091361	73.15370991224715
36.361778453488775	81.14043087426172
100.28647462219381	-23.475527021020007
78.2484664102218	118.56442781710629
-67.82745642321146	-35.20677448963653
138.02436402866837	-47.829928784385785
85.07216456459847	5.624329354193141
17.35279816827855	62.79042950086423
-40.13568315062557	73.03299132400976
5.793379187214105	-142.302896335526
78.16633493360708	83.91921652065028
22.427037712833965	-57.99052137624712
-82.56994804998592	119.891431049467
78.73379646652391	-120.33258664598884
124.08287840970722	-52.42876207658083
-45.795963300612065	62.990071764849944
-75.34759792806616	-116.79228177399177
-53.423976510891045	103.45360751350334
-113.67688146980186	65.8589403119828
-57.331401762972774	72.89913209396776
-43.26133921213437	86.50477568968962
-57.707590235271546	8.153774115615292
81.99751493254911	4.067716152447626
-12.953712495418678	86.7849349366298
-31.574274594327623	-70.29650055930324
-0.551978986307675	80.39897371481037
12.323933432189419	102.93465419584763
-31.20117954771584	117.3708878357201
45.25268057005629	-7.623182983154096
-66.52715924254673	-8.517685958794058
0.48889836416678417	-47.494966301706626
80.62026267234334	101.80598709619571
-31.463306503147773	138.2509438861262
17.442289341592627	-132.46430822834844
-37.86236673046884	-99.85520080688183
-6.8470049884873685	-48.28228454165119
-120.70072757039127	49.80637261565301
49.66575425264734	-141.35251526374083
-20.991357576237093	-125.09735982701169
-21.695700198255693	-18.24434735955524
-3.5968491961456808	-97.43734080655067
-71.11094785201739	20.712529522531053
60.580542410739966	125.7698568147889
86.65273185652642	-83.11587376182162
-94.94890130340914	-110.43929290258365
7.654488600011793	136.80255893761105
103.1781551062944	-77.3105507146137
83.69619972113566	-33.795658263813216
-76.28036826300604	40.86537933741025
-105.30754904753206	-81.31956890659012
74.56275047903914	-119.17058196390506
-16.562509766170777	-41.10845601401531
-73.03269116999739	40.6737108802705
62.63953808774687	23.3295350761026
-20.272000221298295	18.181351018010005
14.289437574426959	-1.1319976008224768
-3.4053963684350035	94.10091830304151
-79.95544768889998	-40.6832241085733
62.80869663947293	103.13703788422876
-19.082082548575897	-0.5162895527663636
-53.874890405097915	-136.0684827588424
27.626309185401215	-136.45986693057063
-29.042423826464937	-33.25352943565445
135.93806045975197	53.73954459744576
-147.66965600156922	-13.53301743018157
-4.803177579521436	2.1740401092758943
10.121679155937214	113.88554560314208
37.28305041128769	-52.1927446595701
-137.55480876251823	-44.30283866532085
-28.41363747840833	-131.93702101264807
30.323561723543595	-16.74354013886528
88.38988563950518	119.81333419197534
39.67483530320774	-114.23503389610899
-101.98975258123934	-42.46937638073783
-80.80004363444509	68.20980907434429
85.45834786956479	-113.57622799322685
133.60181486468522	0.4168660174504029
-79.70724267229684	-53.28029363050302
25.96214734146909	-103.95229372534774
-45.23164824439809	-38.00795666858871
-91.10874378852952	-107.63876508582317
29.218250027564977	-37.455363849533846
113.93185592165207	35.43433634823701
60.75538029581518	33.4642561883734
55.75816888719342	-71.80085858333597
53.4266498695674	104.73281038101996
-92.85178366177671	31.653094357718366
117.12081803839291	27.562129523841275
54.70173147201123	102.06462531218861
19.493779272099154	36.43727749633404
46.7814605365053	-107.81246093025551
-96.26175253750262	24.306116399591925
29.378569030996427	-90.11931501816417
-9.969119460207065	81.137530865888
-22.87315879070734	-127.81451285201598
-78.18286527465018	6.57476885335563
-52.04271438046457	12.11127179968073
-7.719105682848012	-145.54084810561895
-33.727136701524685	45.73617259290046
-4.846584771889213	47.16800927378882
-130.79964604602873	-16.78687120029902
-38.369364707138686	-65.39300991959738
83.13805668861269	24.721792455748652
1.7311387656483932	147.53661056221316
-89.57365660473675	-26.680983737640247
-70.26181885381486	-24.802686491412086
-67.47239772274222	30.313578725629444
-9.274477398232001	-89.17761297369258
-81.01483759892999	-108.2035453951796
7.040344465201539	-80.48269698223582
-102.86759047274778	103.39303538286077
-19.408351629772476	-93.5706236259432
52.66387962546486	-39.9615320585959
-58.907427807521806	-12.806575277902501
-87.45962573774678	52.409190418675344
-120.95088240715344	-76.39567733472967
94.8859181882378	-43.35527866558857
73.23957193677865	-19.954829802822946
-118.26200155890751	8.736442327840338
-21.739178212142058	-27.65863814119798
-82.83089326920886	91.66434280640279
-84.8494047678447	101.40477050576354
-72.28705842398763	1.8318469381584825
-69.71180821074873	5.853216224975138
61.814854768797254	-128.42083786514596
90.04263354076024	46.099411091692964
18.01792057069322	-55.11200154551685
-25.70404326418119	17.258826000589444
-77.90627200913491	-108.99460317856663
9.073170582715475	-44.57375103958804
-9.680428529162487	-100.52935422463601
-28.623706868443417	-73.86718407312834
93.14714739974394	-102.21817848674566
105.95867207868622	25.342722174721228
-65.05732460910254	-112.37635411481752
-24.870459681634056	-126.22927087361717
-98.57968068896298	-50.889390964291195
69.68619824330305	66.32827317423258
-105.04396122261711	75.85581530608556
-126.79951492369047	-43.71535159069931
27.645207438900375	135.0308530176617
101.06882423304313	-89.0740110351683
-122.70991808246008	-59.41881085781819
96.0732608591522	96.97707518007468
119.78979424617717	70.38317866459522
-92.83275118363689	20.331988358954458
111.00467332348288	52.80487044820346
-89.87831175541601	-118.3413279673572
9.955824705760133	-24.402618408007683
-74.73197403040582	-82.53046876770462
27.43764201028666	8.291776698355129
102.39768650423362	49.41759001488397
100.87742621294528	96.86423399205876
105.49905534039846	-80.35463171975987
48.67080984302919	-119.38669164109456
-59.83307357839169	-11.980748863725399
21.628278576645705	109.02259362788372
92.1946714081372	-5.880788498863449
-74.60224625057609	14.440401629445436
117.32582441265622	-76.26102025710942
17.151551595853146	97.78527548790683
-29.882104401509405	-45.89847468431804
42.7248544325801	-124.96360433372048
13.18320304021716	-58.21375769111969
-80.54250922441045	-73.64727940853564
-30.769660983246094	-116.39440959135271
94.34751532970441	102.95516717333236
29.313014773830037	104.22525205222156
13.614343486525625	29.055390852253772
-117.0164632740021	-36.00443250120347
-84.0918860304866	-16.84588749402749
75.72429042671234	-38.28452692146163
3.5557280864807552	-58.90109560753506
42.18900818655509	85.78419644195802
57.726781545810496	101.55952890050112
-0.22536550829583965	10.178377305355793
112.62987591833755	-0.6537532376992373
70.64087785189126	128.03033417070537
-93.48724066282948	91.5729517438328
