12.202978260790669	113.41852733201321
102.9415232793425	44.90199621039262
-48.39882375654589	109.80073591047021
133.54950256320942	-46.745060479543085
94.17816318649338	-59.90363510713654
-53.84867152718977	-81.51871301207342
-102.24724717595913	-49.9620430658415
79.4489760980323	-98.3115844641967
40.343792265743346	-68.39348764559783
83.9541769093119	-119.9600371053804
137.40618987759333	-58.44862478965516
109.57206452683187	-73.78238563358761
45.34219255825228	-134.4801530151051
-120.26911730903893	55.6960947801321
111.001828707388	-80.82663653070553
85.7627659358234	-89.1364083917067
117.06395493935744	-88.54135475106922
72.49742651783562	-120.40748877687236
-7.253270364340699	-132.21917357179342
46.35841980930503	-105.75946003611698
-92.91890645430057	-99.6376278299299
-64.62521086926075	92.88155221142476
52.588208184048725	-106.24634224715415
29.893736363721047	-134.29465181262725
-98.38901413426306	77.39048148213976
76.37532505102402	-88.74452768849916
4.2281034981207775	-88.3482196645824
126.99929299888268	-78.48527644800447
38.14013863968968	-123.82645614613965
-46.57864294524559	-140.83123441842304
-8.49104672516715	-93.80351143478676
-125.60117091151335	50.863608574073034
-44.956685269967956	125.30154370044902
38.63249706382523	-118.70065508978568
52.07801117662133	-126.97016781712024
-39.722879520230364	75.53494568888335
100.1024968008662	-109.77329103202479
46.18435437285239	-64.94467164730669
-22.789910943666527	137.88780408260186
-108.95297402490922	6.152797978582899
140.16855024430023	-2.6744393890073237
-84.36513321575184	55.77911738854803
-110.82665810790424	-74.26832420908563
-34.40256177562957	65.49578591243139
-94.28919824317418	-56.17233995561734
50.86867530842523	-102.07919330349807
138.55849069361946	-52.566052493526136
32.53533562474078	-84.77431254899507
4.55489019830023	-145.5759488604889
-118.25313192823883	52.7764979565399
-136.60923007495188	-4.414135054017295
79.70596402381307	94.54512660538634
-25.252318617153115	-147.2517010906092
-89.99420795462444	-91.15180233009762
3.384559293114572	-142.81303672545505
2.6099709762428005	-136.71697504255792
18.600698776040222	-96.71500495752943
-72.52660093020589	62.43265840980865
72.60904198048581	-40.64341804738292
31.253559568210477	-145.4261001991529
-37.75572139196332	86.68798374439653
21.56821632281035	-101.92947855089653
50.98238623718226	-132.55420188886956
31.780978917455915	-99.85111041450033
-3.2550378247710214	-67.1982612662159
145.80392872028224	-22.363718085994854
22.81003789873976	-92.1206373285935
110.34203982552434	-34.16797761802275
39.44644643395026	-122.79317343553103
15.690327474302649	-94.58983803474706
54.82956151959145	-99.4074689292032
33.600280165092634	-114.53338570204271
134.82880799471613	-60.801785053786155
-123.00063288497833	-74.19303754628882
-27.303250831260048	-133.67843454332694
8.863922007953462	-81.18720896846794
124.47462332396277	25.566151385854322
-27.29822887953924	-127.88868306595344
-9.039639071071248	-112.52313163038035
129.80926769175298	11.006644540027025
68.13612400377001	-100.59037716494677
11.382323260682663	83.36081251331214
-134.13979788065313	-8.193503822567786
84.08517387669414	-123.76859715283446
-79.08506062592755	-40.875897649233714
-64.00789365170068	117.38659502922864
3.3901227642797633	-142.64896729622905
99.216549571109	-110.05437172178569
-35.97900026258357	-113.06313234542999
60.16923407663184	-28.85738189702597
-19.84162407472202	-55.164183455353005
93.59308565640208	-116.44819480384432
6.8059901962140215	123.51450222087229
102.2994078105484	-68.2749924294752
-50.03276410216159	-125.99419687411931
52.50666385382504	-98.51221656489076
-87.78870172087004	-90.59874311416581
68.96517196899966	-117.23736645954484
43.00522566339398	-67.20561475964463
38.15494715300899	-144.77217459417903
127.05944810088252	-66.35512255145859
-79.94770343495614	93.79758296432964
-33.56205207028954	-126.57463387942627
-103.2380445443683	37.121781401629875
-105.84784570368886	61.96432267822071
108.42503945626589	-28.3351502231184
13.787818423897349	-133.5935280800772
-61.48206448179487	-53.3722918075795
-38.66687337821382	-75.23201470127967
-66.93067426599147	-118.84477045790477
115.62540828428152	-31.04297370442337
-93.38229866316432	18.977972499017426
-20.31231332666057	-97.27009217485887
-103.13614271335877	-49.86161754323162
-84.39838591216228	-118.99373793345391
58.032854278045626	-130.07568607413722
-43.473013900293985	-142.3372170006474
51.9274620736383	-139.75150029560334
-33.53832059409185	-146.07257621358312
-51.40876510229342	-105.8315195329184
60.24678282540317	-63.50665773759021
146.13885042509406	-17.750032222229798
7.435531964777966	-133.41766337969935
66.54362704506536	-93.24153351320062
-99.25839943211069	6.509962210447049
102.04519672418428	-99.63844357885979
-120.06790384248995	-48.85244279582281
-107.36428514050507	-25.25930436171279
-103.82286970580351	0.24366880001996374
69.60374158515233	-118.26789461906164
85.93056283717057	-116.99297403710314
119.64559004365049	-83.81580142850133
-54.166405966201715	-124.74222780874618
42.96308066240869	-141.61766028039568
82.3121737201418	-37.99933619277652
82.4704887008336	-60.968731250299555
65.86736036607205	-96.90718562335707
87.2984786302395	-88.20893992324679
-87.3670308746575	60.07356389363155
-55.513277246870935	-64.58637973058467
120.61913048321205	-66.74525580115841
49.01448343242333	-138.04504147938096
34.93799965972815	-120.443121518172
45.52895797290343	-141.6175687501109
79.15577060465552	58.37917414977649
92.6475414497164	-99.5015841329813
-5.22546865345107	-122.9648107604173
-95.18355110945912	18.72712893895776
16.550788578705163	-108.90048292702403
-15.312237534020143	-136.78394643417238
-16.09329866859272	129.11871320761136
-123.09801589363359	2.8029178430104804
28.813417864315063	-132.738476084239
56.98134561728034	-125.66342796862364
-113.16013137966992	-31.939267977640977
-27.156274408430136	-123.72787284562142
23.054011038635256	-27.769947766738888
57.596451099818374	-132.7770766403077
-120.74193087513437	-5.995177070618484
-82.13198673366193	-85.11675938348432
-86.9303224404807	-91.5624673677457
-133.30283265348314	-11.243394974535342
-76.48818680881813	102.53672877493435
-16.12192328377465	-65.34057572983559
44.79262773496953	-130.69265613088075
26.093722866601993	-145.70680725171408
-2.3640805146167554	146.14339934874553
-94.74839377946151	-49.78086024984922
93.35023430598504	-99.78254953271069
53.60395515495412	-124.67604096098964
85.8793076841903	-86.11058224801373
-59.34380775730088	-102.16213275179909
-80.7489040076838	-103.24859990872918
129.05725968036876	-16.70516425287567
-32.881400542920034	96.53969289699376
90.52158269733796	-59.531603713158745
104.36542001420229	-105.6572752555873
116.1985396848752	-57.54183385754751
55.08654520032033	-0.4645457004540064
16.668643717210028	-64.86457885566352
29.949535920359732	-110.94741452248327
76.1723892616572	87.29019261897785
-99.02729746823698	-26.108253743278084
73.24445188356424	57.13537746083659
37.852102522639655	-144.07636991316198
31.82721351565905	-106.93414750205258
43.45687096827375	-129.082501302438
-61.33519334395252	99.11685139255695
23.219439198907185	-91.81423643330922
51.135110002799905	-139.69405907947854
-118.04626263187272	3.7930077486120073
-22.802363275240964	-134.86932623843666
-103.22770422086036	-26.95797747353271
50.19645235797553	-140.68448722014682
54.639929817231994	-131.5951884866171
-127.93967716949744	6.536366711477218
-97.8300289366453	-35.172109126426726
-128.3060150006298	23.42557984436582
-86.39845142778212	77.48441684352525
-95.59816445992867	-5.5620053811965064
