-26.916157978707055	-147.09039666390996
-116.89440869953977	-22.16812001585755
-57.29255754931072	-133.06889676520595
55.538329464675115	-95.71565840540995
-91.26948217315758	-19.19905429852918
-77.87327777616844	-105.88277289299691
61.856303400606194	-88.35387209947778
-91.23016627241583	-60.45278596160639
-72.92601520692094	-95.7600824884109
40.25143251512215	-46.20907225433758
101.96090418951204	-72.24330018755111
19.972562709538497	-50.92137768871243
18.51938761673341	-73.22637753368656
70.7749616432542	-124.00968532943968
-114.00977161389456	45.56776549233426
-47.548693324261784	106.1171841610423
31.42933697386275	-91.64919996745398
-73.75642052162347	-73.31599038769846
-60.80826087132696	-81.16624735374236
87.23326295494665	-47.07789132779087
-73.86867122444164	13.889215490503148
-93.52228341748328	-81.06843087278564
68.44547363712321	-125.01608908867593
21.691340327015446	-131.12857812798086
-68.29609466903742	90.93037164682777
63.61695960441874	-72.44342590315574
29.35057733964597	-138.34913402528719
64.8770377342352	-52.77906127378391
38.88011558428359	-109.76078529655108
-26.715566826932704	-145.68639562745804
-108.32043065397296	82.98790503177409
148.83802167118836	3.4104642919680304
-96.4482314048184	6.52078131450709
-95.9962728931407	-45.126143272812854
45.49394322629059	-109.1386980311382
-48.185327301323625	-113.96582618775976
103.6510216832138	-79.82413578123997
-70.79562276877543	91.43219453396361
47.662059034924454	-142.10525515993012
31.817541609006152	-122.34029138956248
100.36743507461603	-54.55046536590849
95.07467873285255	-112.4890300704426
41.74828400795599	-108.63868946783504
-103.88749465057559	-18.675422253286175
39.09418778575984	-130.87209091466087
-112.24648508400863	-16.46964042224013
131.00447015890052	-33.84811077566755
49.213520365180656	-139.26212812403173
45.41818568624848	-142.88103792667926
20.142812787332215	-146.12615889392202
32.91168177996233	-91.99557496677444
45.02089761884651	-75.39951760236833
98.59887217364704	38.98603353689704
-96.56483389963202	-67.4690365241003
43.419485913770636	-85.12599754200276
46.943790478603475	-107.6179385351949
65.31819651339116	-129.937941122541
68.5700941477406	-125.05055609632655
-114.91266728159928	26.494960446210275
115.59505070284483	5.081605800942177
-123.81342292822127	0.2246096693032133
44.57969868995847	-61.11358658299791
-38.34358414951742	115.58694019408806
-133.72387687581227	16.25801771549814
0.3713784646040087	-114.4761182980369
-124.78456696307136	-62.17069397486581
-47.503463129060776	126.0226051186946
-142.6182472424076	-16.30192310488606
-128.25598057502165	37.08157903958543
102.17735747880411	-91.25205206280924
-63.20451890163985	-125.94389519719624
-37.54789628238546	-85.02842423381682
-111.28034417651938	34.20969902657357
5.769309046524443	-111.87727647579392
51.691693996989535	-61.74716478571254
134.61513616190473	-65.89583314616344
-55.173430725265696	84.0813528945276
-110.69384380386562	25.08824422493309
-111.01944804718003	2.0982462009131893
-63.15642841166099	-129.35263457845988
-87.65329048459654	-0.9888522821791762
143.98399491935433	8.582044692808687
-65.72846979933402	-82.88328009806398
101.35947978980195	35.04670623216579
-73.32386280122518	49.34503683063118
124.75447936110291	-50.0380528347075
-87.31892889560945	97.2731722265147
-103.20368781310931	16.19694780256651
-69.91209639903721	39.506858660899766
11.291145296903261	-74.42284262365368
99.70087291470962	-105.58915105832278
-88.00165601979762	-57.07975164531716
-77.80597720938746	57.37118803350456
-30.618499441896248	-99.30786393398193
60.72914641158331	-86.18786747260064
-79.5760865395584	-68.52526802755062
-31.38521932292655	-34.76174025208308
143.34850836595643	-15.157755509525225
66.42771341643297	-120.4547406764225
-69.01842158553623	-94.63682114210775
-17.67609888678899	-62.789428300402186
2.499982311188475	92.72808575605893
-134.59345358547898	1.638482810315762
-134.18003140340747	9.597210409004347
22.464215189801124	-131.4195223082416
5.381146677115185	-145.1184232469957
76.63976865923411	-89.6506450027141
-85.57270625019501	-97.79472959410579
-112.35386491028237	13.563193750042789
-93.5773808465866	-87.97911518389903
-2.1322320603153884	-96.48005136097095
5.066005741989766	-116.71486198026993
-7.685793321850958	-114.37724544040974
47.55923447945979	-98.71846045192703
77.11636551514863	-27.904392966251578
-11.00368408753443	-81.5839253989431
-77.10887568750667	13.936200619356141
113.47791428948126	-63.51231407745569
128.64099959182042	-41.07617810824483
-16.177297733125467	-67.26638652476437
-19.365051251615963	-129.85214200954883
-3.9050307632666925	-136.31957490616028
68.50280564586627	-104.86544099117309
71.6798728208664	-62.686833475606115
106.85762495539952	-103.1439543550906
-74.73589746401146	-106.43508773471115
-103.44993984658386	-71.10654731348332
50.18314446586969	-136.00123187079464
143.22933927110063	6.001804869968334
-122.06450384594756	-14.40255619978396
-2.13695589246446	-112.69274101632753
-65.26141325897862	-134.60609584824522
-113.5801277242696	73.6895033819478
24.47471361410235	-132.33821536475148
-70.26821608292597	-123.92255414575206
-104.95659506174377	-102.5864113329606
-39.79682505132575	-144.44475781562366
97.55133893535064	-64.64295173517905
-18.759765699656842	-127.46180515234597
-78.01715380173411	26.822487695013244
76.67119573334	-62.58630887323441
-76.32497783598942	-32.98605969082587
-56.38418193487318	-106.41779074731545
48.369241104702894	-125.1547865147025
-78.0572466334671	-105.09659587885552
129.80763310765298	-72.94910749925396
-104.22249365239186	-71.29059784618514
89.86621398994939	-116.55116518942853
113.48485669055029	-40.46708121974783
-91.00775178381744	-90.76237769770277
-7.964569490800815	-132.4069405418855
-39.535169336509824	-95.47930881885934
2.3490000364340724	-67.94118118851516
-68.47419571440408	-81.2367423034704
44.25986356229415	-141.89632449509455
48.70049849968332	-49.961876556889415
-78.72016728338666	-53.23844064295973
-93.83825713739405	-32.98615852920349
50.30982449390485	-102.01675902667141
-84.25633071808876	33.264257188408436
-51.30933135059655	42.03524603838749
-86.05269167141164	-51.945766458317976
144.39828733746756	24.294408572638087
-113.0459205847671	-66.15420796715871
-127.94110124257023	-22.74637089410745
-89.2381280414496	-81.7676840793967
128.24903060333162	-39.82377839774188
22.801515006553693	-141.15071797792245
72.35204256651068	-131.39416390018317
64.51733946043323	-93.40726281758349
111.16245086923131	-58.39169300934633
-87.80712322208066	86.72874044436453
-18.46487359436286	-138.31711993703954
-112.02256582382336	6.252656787272319
58.63031243132724	-29.818771854446442
21.321454643278297	115.60440494972218
103.44546856989676	-25.524543235025668
-112.29459021897097	-8.527953655832155
-17.740012203716212	-147.5215377569426
-10.913013146749716	-135.6836138614076
2.204560138765414	-142.08400570478
-117.6582594278386	-62.82009554030235
-81.76138772240256	29.886738894599173
101.57558508333712	-97.375833504462
104.61293539230738	-40.43116414572421
64.01482519139054	-13.99635801383064
-3.592031499734784	-120.16438594216244
3.733078898358469	-139.26255410620797
-34.554682556907636	-136.82337550264165
84.60520445355947	-56.84931310111615
-73.25081569825451	52.58714032229908
-13.360582154173397	113.92437968928333
106.10456748949298	-104.41113082124612
-46.692604848206074	-87.05505157089418
112.33984871637492	-98.49401396388998
75.4100511138347	-107.59974006178933
-12.428136368549616	-80.14779356234676
-83.69818327403473	60.37305182308772
34.641253648856285	-58.57254278948129
118.64530284851001	-17.91204098286845
