108.23154245683428	-71.72297149978358
64.6284526381351	-85.01315424017352
-10.865667465114775	81.9932441739607
112.02703215151809	-98.68502018243237
-68.64574827350542	50.98572016643152
-15.404892892889476	-144.31815776163296
68.43891564523024	-118.4060629761416
-70.56731872213271	-94.26891742918438
-86.47646187837012	3.561235602770322
65.86863207726203	-127.37995384701108
-61.222124293028955	-27.36020552940677
117.86129233656897	-88.03501857439814
109.8742060904522	-97.15641316166428
111.34930265802998	35.31762606538415
-40.28132124224488	91.30694792053454
49.828358032812176	-140.97782201035454
114.45616247289368	-96.38587744800736
-19.17247131408205	127.55365820880526
81.59240705591922	-123.2520097949237
-102.59073826775342	-62.21123994131504
40.5138459327581	-130.9514395043607
0.5152197161216151	-123.2300398878895
3.5736825215394954	-135.53017968348763
-4.553563082237558	-77.64406671978129
102.08341734275183	-106.40595665996476
39.02905534509167	-78.0915511619504
-3.569040891012451	-136.41903764531554
-75.09321619193324	-84.00551988012357
-28.80456395364443	-120.45529560384801
-29.32048470997177	-121.61693881417237
120.28418446046089	-89.06024893356167
46.40538984413873	-82.20442092566614
-90.58932034199998	83.1156255264877
-120.32306068329065	-18.318824040663095
64.86932262685212	-131.05434162064662
-50.89990772700581	-116.15426115055381
129.53408853377772	-23.882139594541812
-51.504056118532	-86.57450564263584
139.74442411860184	-43.78490871282858
25.54553674891252	-86.41515065054392
15.076048723230654	-148.0669933385744
-93.71494082220369	42.46497668358308
-10.735878289171929	-99.19679512382474
-88.74421868759059	-53.293197981132224
80.6717250652596	-56.73179003546892
0.9242398424299157	-67.50278603807305
-9.825401372274037	-148.4535023558369
50.40407244865904	-90.96900556344248
94.89793138910584	67.73911909278313
-63.68600104807642	-46.1791055781545
-102.31353670359016	75.12508365940465
-124.61883929403031	-26.795307594719112
84.05634331861035	-89.87850163488054
20.710800820468396	90.93491431643523
12.442150578299524	-50.74072332258448
30.980887886064178	-137.45653223474605
-66.79225597410542	-53.172362400632025
75.43387714049021	-95.9061878179369
-130.02463134625884	43.98239702691681
71.84567512995909	-86.0481754158973
49.10333218770729	-78.13364827957777
50.699492056457366	-93.99446553013503
-101.99734085766386	33.66863971131722
105.86276026350819	70.27705363563992
-111.87765828226756	-2.0748901745151467
47.76325872545508	-9.26564956556704
-51.06380503117459	-118.86923013556705
-2.033037201250085	-40.898295637143335
5.78986006229882	-129.87157904748344
52.69114324555146	-61.395446049753524
-106.06849133795784	17.450645723093064
65.83434084217787	-78.26114537389155
-112.21138994850396	-59.65223165518179
81.78094167586384	-63.61915804216901
-16.54425784172513	-139.0007245686481
-33.727792632883805	-123.03066056785002
-70.56899482239344	29.602046302521103
108.46233510093336	-67.89144931616906
-12.252922279835916	-135.46048580639035
58.949318315845396	-97.95106411646275
-15.124274932912854	-139.11293058199237
25.423499532863243	-74.72705795305966
60.11966876417872	-125.11940906244565
-125.15879668428357	39.09868023915229
-34.873818266496066	76.2191823309138
64.78620361138363	-134.53911429844544
-100.55902875605615	-88.11383405034356
-79.64704197232791	35.343092353374594
78.51520537808813	-86.53339966696996
-114.62588245652114	-9.779100159177013
-74.12288837421531	-41.41132531670746
134.36743536983832	-22.90235516705974
34.45666903462712	-128.01285225153498
-73.7254768546772	42.21016237716702
47.75376984444263	-42.333041911613456
102.50481362959137	-99.33052431693673
22.7452260398216	-72.27559308827033
-10.944772038202927	-139.03956452031446
-103.32766093968428	75.15398798087142
-145.1984852470128	-10.081690458038812
-118.45138366501438	34.578889932116255
-16.14381472938729	-132.8634834865212
-22.942247751372197	-93.22037063033096
89.00986019645674	-101.92657472920075
47.16552590702717	102.32846260909578
95.19547858495106	-47.518625155381486
-7.830094551034871	-109.89181967722985
76.09702764291245	-99.99069431656221
108.74848102149329	-102.89022869634397
97.68332485781184	-48.08402269458217
-113.90263837679599	-66.7790573142131
-107.49124278934599	-48.207141711265145
-114.23399442741282	10.509097632854603
-87.56465173994404	5.779616953078827
9.597514076907236	-134.39059101052905
-108.5881984172207	-9.009334062058842
118.77998907560179	-46.3099083296472
21.27868197570625	-145.60336557789094
94.81492042311771	-95.70464213465067
-100.42698614360485	-74.71239503412761
30.657847048240445	-100.53696042042854
-83.19406150323556	-21.275640305993054
-49.77039258876221	-83.78885007393771
58.11643639095058	-43.37742558063218
-12.343667414021501	-41.63151852281434
-10.247987421166949	-147.67130596230308
-48.28150651064786	-132.3287775420505
52.90604194047779	-124.20882543516917
-21.994016200420376	106.52665705286998
14.509838221725547	-148.47005615018992
-110.59586621163305	-0.39394841960586063
80.8561088168378	-66.1755651690338
77.64670992548913	-114.10799077007077
-37.71518507980797	-76.3531878111601
-24.181166707336246	-147.53792314597766
24.534961720292685	-146.94999916266147
28.11427407886727	-145.8764985490639
-101.0796131339302	25.850754249548025
-26.23080409945468	-146.12844140584158
-120.57085259962354	-23.443482268209777
-20.264351913380718	-142.50226649420483
45.691868234271105	-136.51960012874318
-112.79460734641413	23.105417224690804
-90.83521917656084	40.45069091526908
-35.497543448506434	-124.56433513117334
-14.113560359229382	-139.50269524489107
124.77834918834598	-31.65169835175837
61.047981146417456	-72.89637379465934
-41.10907073318779	17.988659380408784
109.68081018657261	-54.215472795551925
81.57511436320368	-114.7403302260058
64.61334423551115	-90.25481564355738
-40.169881021185326	-74.76149700049835
-60.69421735221653	34.42614201538124
34.144652601217274	-136.82464501400082
88.44801880953985	-116.09234913645454
62.443382409470246	-91.69604030322209
-17.40164499413043	-141.2385305195848
-55.149053686927765	-117.93307886793853
-117.13073692096984	41.56828275768389
-41.68501431049216	120.9097139035035
-28.671385433537296	-140.10191353154906
40.73542616517022	-93.76145398455351
-94.97883606108101	-23.97848848313026
94.51255127160749	-39.53935906519117
-106.76742060711284	-103.54651922852334
-134.7646724409352	-14.593885432999553
118.40869247560948	-30.744665250111797
-73.43755400375527	-83.47928481388783
-94.76664566690005	8.724210965490396
92.47818486728407	-109.69283352707144
76.11085098211095	-109.51980648106972
146.36447706922388	-21.960571383605647
39.14893611790545	-107.42751618138317
-131.3660185111039	45.0058430103043
-90.62712993718979	0.11212691627607212
94.14380328519253	-103.6148257118685
115.13463245232712	-24.520286271327848
139.9049679545939	-23.89386390705482
-2.744053154387334	-143.1510458571681
-29.264400239086175	-94.49179041151356
-112.12998719326048	94.28503491353663
-113.7348892922943	-13.615239734277415
12.075313768079091	-126.24775043857444
-53.38951542930957	-106.68927597396895
99.93432851152095	-42.77610013524184
-103.13508710352419	-30.808022877853077
-34.683546527377274	-108.48373331840992
132.63644852639064	4.221132419883005
62.606563859983694	-59.94275877053267
-109.30654576080961	-84.51814277021279
-62.72428892010449	-131.34466656553744
-6.1588772181028695	-142.41219592976879
85.62543279137729	-0.3775489499550408
89.03924103069377	-47.7275765742855
-99.94295822431212	70.28673308987717
91.90783802281878	-71.72965386846722
99.9727134657113	-67.99784577811481
-30.03033667091334	82.47717352489904
75.55856301028697	-123.14910139962579
