17.90033277284068	-120.08210912538297
17.387043494504503	-130.31649400760745
-69.560288827164	68.78140815571176
-96.96923730425587	92.6237249859001
-65.60766500628	-80.29518752111566
-100.22157357357132	-31.679809434264293
22.073674483241557	-132.50738872290302
-134.020649337791	-8.868578910098735
-39.53545690376319	-107.39988232419213
36.1746388868368	-91.7222578039591
102.31092432693032	-109.20228612460133
134.05204452090507	-36.88191334829885
61.89018178159448	-127.84438624158223
12.885954019805352	-138.42152379944486
56.05142429739713	-133.63220497429427
-70.9124846247945	108.46578888655938
-126.50749325388288	-1.1639865174622308
-89.04948309555117	-92.94771418509312
-25.250628589564563	-115.47784413610933
45.2992637216239	-62.155333845767835
31.66274301921965	-143.96535550806271
-52.84444794302289	100.83455302580498
53.85438115873356	-67.24092663011355
108.19916784451569	-8.96121393217425
31.543559890602534	-142.9205660316013
73.10059698513543	-79.4691345657848
-37.59801212507894	-144.5880030555082
57.489701238193234	-125.62756063376516
-33.27078493871437	-114.547349486514
10.537280058260116	-59.162958389793545
94.28555970606702	-105.93623409807346
-12.559122021676282	-135.3720276523962
-21.34380738246453	-137.34752993585008
102.31115068922561	-107.5153282230388
69.18919101239364	-118.0732616816142
113.39051153313491	-67.66599578024838
-130.80249945811204	-7.038735286416205
8.221749990184707	-141.38287496270684
-76.9087071274218	-50.393019046791565
-85.0617669944319	-36.31063597325259
8.267236602276101	-149.54576386740308
27.67504736572548	-142.91200842124906
-17.699924110016877	-82.02555078927375
93.3013897227524	-65.83315104708716
-43.57484231202125	-122.60730321535081
-13.295945573267007	-83.58262822361621
-86.00658506652206	19.454218527472342
-8.295235307736556	-108.460728448851
-120.17257596683584	-40.95737962644303
-63.8221772194793	102.6791895214099
-72.96128895107857	-87.10386973451831
-76.2317401118992	60.21065344404582
-1.930100230272936	-124.5298433546367
128.25603729206324	-45.89315660342313
-75.00728037009486	-69.11779443365448
73.94662431526595	-122.2684161255777
3.602088518643295	127.35463543299066
90.57858818105858	-116.48132872420501
-27.375226844063313	-146.59647691859354
110.08492236346939	-89.25200020143329
57.8397113116647	-128.34176530480156
72.78713042642376	-130.69851069298014
108.28888238337528	-74.66333567596023
120.94794702660172	-85.61103740245777
19.285213402031168	-145.73313514138084
-67.43795746208718	-32.280162666343024
-26.747341741191935	-144.23549183858407
71.54589804243913	-88.51360275616646
70.43690252006947	-113.24987804721354
24.902406070828256	-144.51106013150064
59.270660575523195	-136.08437450952056
-42.7994870240625	-135.8728733475969
16.078710348316527	-148.21862922125453
93.6693196552369	-6.101871263787787
64.73120160223601	-100.88660315668128
93.40819974936949	-83.65570548031194
-16.72094732284113	81.3769165643381
-76.8112149004028	-111.88704293617953
57.99728172777876	71.0112297882672
119.46615270315924	24.02459469352807
-83.34710091996489	-74.68881749120142
-59.36943163911876	-120.40584726836086
127.88394567321457	-42.14913044520922
148.04181158947037	-18.691543869299437
-83.89222483646931	70.61134208893435
-58.16317581449722	57.83484627365663
-26.09863165316216	55.65048091426873
-77.20825043199231	54.61223306088568
-26.335245721468375	-143.29801459732624
35.37705128958772	-109.37843355828676
-13.235248007643769	-78.95957892396963
35.78196180296334	-134.4337997565943
-115.72184236785321	-51.63233737828364
-63.4441582472816	-130.5243641713752
-64.61656164782734	32.32178778944575
97.65773213194088	-109.09752257759615
-119.0951268105561	-1.7527184053496052
-38.801482066230584	121.94649717243267
-65.4333129682447	50.28123174856727
4.751309704057315	-133.55374403658914
-98.24953454685391	50.88730688566335
-78.45076116988638	-24.428772167135936
-35.66537200543572	-122.90257708222482
9.51200944831603	-96.01131610755498
1.2456102307134638	80.35540900998515
34.74496306562507	-144.72825891233109
43.06006730659502	-143.1720209348856
-125.83761361032101	-44.58277129258723
107.92867190343625	-19.125045287141877
-126.51305244646619	9.522034523068749
89.4459756033082	-117.83417934786965
-120.0711707242996	23.86888117234391
22.158824444799084	-140.6812837867194
-124.45679656732538	37.77678726250884
-93.18014672548237	3.745326148092155
86.22004967157613	26.77713580495798
13.772444999829654	74.56079987873575
104.52259032615581	63.621533999653295
13.377332783474067	-107.83757929351783
126.63838813608338	-76.40759187145976
17.505315329370436	-83.90437209924485
68.27757439008322	-116.8356199766223
98.18949636529312	-93.00631259304222
-48.560283976877784	-136.32495314591264
-18.70871390910578	105.60153618221136
111.2650475410383	44.4299135960534
125.47152220059117	-7.3042459405166555
-86.1994378595309	-2.939187707252992
-134.9524302801583	-58.02273456140121
19.656928020674485	-129.33606670112897
-3.0119291860639446	-102.55291227966352
108.92212654648574	-8.532933237554772
46.26823419388584	-141.77581354411848
73.87108511170891	-64.69020109043801
-98.12203756385952	15.4835460035603
10.201141275472908	-148.21279239862105
-22.470611645714573	-122.41898424411832
-77.62438783939092	92.31998153727301
88.05883522170558	-89.65116271636658
-7.076496253294197	106.00820055109133
-23.678911881558598	132.97994477953915
-12.468241817017066	-124.19955790556448
-87.04226101593592	-116.84913709827609
-6.330904494698892	-110.11068589985508
-97.237084480737	-54.62667965926105
52.13530493645173	-106.54333172826516
92.02997613043479	-13.450067376448827
52.21028648504412	-132.58396827719835
10.295494208790444	-106.87839769236436
-1.9885348776156058	-14.040734356190748
57.16847956022776	-115.83064403842194
-118.79014542075845	-27.976832062273115
-75.07108682306986	34.68408183399008
-19.212398294159428	-147.5139651478097
36.70847545269851	-66.22143971043694
-109.37504176905097	17.47845329387612
12.396045501922963	126.95046994092777
53.37265089452118	-139.8380542341507
103.09926709151844	10.854245922853906
83.54119388853748	79.37130584311315
-11.221392704915806	-93.0993861937188
29.794737130807597	-77.43804795175186
34.14692552722326	-117.48654303268228
116.85196787565171	-86.80307075962058
-14.101335504211121	-139.04796535447045
116.76595972632629	-87.902288653589
85.07876391497929	-119.51632544768314
29.845498178805702	-118.09913318914968
-145.2375239534193	-0.43287868241230537
-7.202952091357171	54.29189537246461
-73.58089938878366	-94.41583780003506
37.196508929015124	-118.39198481143718
51.595249861064886	-107.12370147597059
-3.7893428206336606	-61.76003376366023
18.190209139603475	-60.02118928569072
-1.068767863533083	-148.51623327136224
90.4301598116069	-109.30198345777518
1.5336078786347522	-96.88137639583123
-96.79287328962138	-50.84335860569004
6.4104441237108745	-149.85350004922347
-34.77713517738713	-110.26813371007965
-96.67311399693972	-93.55355089204794
85.22883400957993	-37.37543264406624
-26.44300392687994	-114.61993062520033
-64.35228339691868	-38.29500483990327
2.4165043370768715	-126.37951040586282
-5.998161883232159	-117.0386818606716
96.12786723424504	-60.338137195407505
-20.617905277081206	-129.839495565062
-102.6888727344809	85.33650944291246
63.584276459292624	-84.8873441720567
49.391194420134084	-98.6730358192276
-133.37362547875946	-3.8850000193533405
40.73737616739373	-63.21704796243589
23.2258420158909	-144.5656509216044
29.866969163700286	-138.96332491607262
-96.296464045799	40.42348645641656
31.871073851789046	-142.8189169621121
139.40461232604994	-47.873715106984434
-20.561545167090706	-141.76533150812452
