40.48178587125794	-136.72396927307358
50.882401833989405	-102.05632787720084
-80.51018819129679	-77.22843634713543
-0.9333560136925372	-149.1264213779664
-95.1602802151908	34.94188639012959
-90.41935774103376	-0.4820873025907123
69.27461702250541	-92.26070822217004
44.503574612416486	-135.12571373409418
-57.817859174470534	-90.60191398834037
140.45879086437523	-37.25176999620535
131.63690368471745	-50.86407658436768
-25.85674872865594	91.61053515098055
113.36232002122658	-52.31009122933227
-102.22327626770246	-95.0403993941748
67.8792590322781	-72.50281463418106
-51.33711403983512	101.98413470028706
52.67857983929475	-133.42673288863242
-15.649296311949243	-101.45307446648386
-10.808254503253902	-82.60470237875533
-87.13382493218005	60.65455508092965
-50.684643293508046	60.17888564233923
-95.93677667736493	95.55567305399622
65.09641157263903	-99.43656295060792
-2.7143921017552533	-61.47746263402203
63.05013619761694	-120.82766242808606
-125.60217349644552	-69.87486656795734
-101.26735668466678	-86.30756072127357
67.45143809240096	-63.41598010574131
-76.3609717576424	-119.73203410669437
16.546663431187593	-87.88908447727025
-28.59786990142466	-140.88834192442215
-58.940398493532015	80.9486935805791
48.77365372725136	-132.2904528549901
49.93926378971958	-134.8437433686639
-75.50699049234107	-103.00766804830262
94.73284321164833	-86.11263667625968
98.99140908565599	-106.79085161511982
97.42426091255847	-57.43173513197331
24.39405163999504	-133.0441290632693
100.42748978044563	-111.0786700602652
130.0894666607807	1.4512257105185522
119.57717511561911	-83.16412114916191
-125.96489003246722	-9.353506589780643
-98.5245235151426	-97.68667476864321
-76.27216143212125	-47.7602497413782
-117.30250626973648	-50.1423603319678
125.00546780314723	-82.17594405224006
52.30486706273496	70.2114942310539
-60.171821728976724	5.12741647949397
-94.82481133734268	-16.401653209342253
117.21823439970157	-24.28988241455112
-21.153827546613147	-107.79598514030646
-87.81240218168902	65.40412714823628
133.71235363513293	-51.81127048340154
20.786614390476476	-47.65948127550521
-50.332722536166145	-72.05827364312671
-21.764052610590088	-146.2922210645844
55.905925654288005	-88.8679814039967
-55.23033858893981	67.04590572096785
-33.197233789921974	-125.11562858725448
9.147145510846713	-121.7705355059446
-24.807013905885235	108.54036586712739
-30.44331020439484	-143.20500893373327
0.34177387717735264	-111.8815713600436
49.05757123786937	-86.28373422058425
52.596341253611875	-74.56848805545532
-11.571899173048616	-133.44206988279208
124.6192415764472	77.50117374394814
67.59373298368436	-122.32329581249438
70.33697720792895	-62.49326304595392
-27.124969851199374	-147.38710858428578
-99.86514461281742	-18.051641747155045
53.48540381449165	-139.6565431461303
-121.84365101507376	-6.539158944604204
82.70847698156786	-109.52309490518668
-45.456999924117206	-142.10768273055817
-52.864509615074226	-119.33209688705249
-75.28686079390164	72.37456348093991
104.51146765406693	-31.27724023049001
82.23771154190632	-68.41557905633952
-79.94652834672723	-77.5854490412712
-89.37669591127123	-33.80090502233066
-101.67412392524628	-34.281941783484875
-74.21004354237617	79.05638427374525
28.57375812726538	-72.28062647837271
77.37041628767037	-55.065402408528364
-111.56050546027426	-66.71810704598595
-48.95308528676353	-141.52283458075073
59.23276510414657	-116.05204811615216
71.60126134327695	-124.33117902973329
37.93928910710879	-74.28182280158435
-130.49824635738145	-7.385955666824586
-85.74632533343681	-106.45872726210919
-105.60046333156933	54.91971094238182
17.350715588418765	-142.49394104259153
-99.59869904923748	-62.65137659928586
-112.38986089180074	65.95618838084633
115.371984524846	-63.813184781535945
-130.45637342442203	5.7336493831787925
6.169487386656964	-144.95544369149553
52.85870156526943	-136.198809294451
25.770621109588824	-137.16090403492439
1.1197375707540065	114.01361872563217
-121.25361883288681	34.20931267170635
-21.58943195781828	-142.87103047164982
76.20421478933586	-127.01448835177692
-9.126247438210397	-94.19607991966996
71.34065388125227	-95.32954882438715
80.1829021406888	-87.72990578620026
-14.329422989772576	-127.25389872370779
44.80041352964585	-86.6161660960314
-128.6396932846634	-5.627077197086689
67.831658441833	-76.71046307466715
-6.482898614812832	-147.62283696343528
-58.78527247612888	92.43158360896041
-133.4711227301904	12.511026906159964
108.33025281747881	-88.95253752238425
-101.95104371700668	63.537786488824715
93.78655191468097	55.83926106716439
-24.32019404196411	-129.96731027973004
87.60872936675237	-108.78908739052441
-3.4028296891055536	-108.1129584300891
-4.291319190337879	-148.58601242934344
-113.44837408730467	-79.19390315506008
-117.31784161749809	54.590008459786866
95.83290416297484	-3.798995828216227
-30.205512202652056	-146.13895931278816
-131.50726990101202	-24.17962378178934
66.93533076436275	-134.1407838531842
-74.69805291528269	99.85293299259381
-33.49717335498226	-78.68483180374008
20.163720564368887	-126.23686456980259
96.79289177656136	-95.036755599813
-97.49377142240785	-91.47282408013442
55.115062774569225	-129.23143255725336
-68.02260717714192	46.66825552454625
103.8630450921352	56.687243717349496
-90.40727732613811	-47.246386905509354
-14.97143337005442	-120.03821861704765
-32.77332652555209	105.36408817792027
46.83575734944943	-131.48899122478326
-76.29504338885837	88.79628033674213
80.11354265664917	-82.79478105893497
-121.67011969441157	12.389850204978886
32.71008024373749	-87.60726917126433
11.714994844670896	-78.99916161420398
-4.137400268909596	-140.95156005962338
-52.7058193356511	-79.43141804497964
-91.60495190664757	76.89120064496193
71.99280316436531	-101.38439738346683
-46.2217242573885	97.81536428198092
58.47345202652161	-121.54561455709775
115.5833988129858	-13.453577933285585
-113.87384431292422	-50.110873297761096
109.78629457907407	-26.72304239300907
57.31472789520182	-110.78872618219249
-89.63814195509677	-30.493256011734942
117.33553343954637	51.98325936449781
149.74942639321037	3.104609936380231
74.38975456311086	-118.21304008700929
-22.844354721008866	-110.48884375746611
-33.22008572279352	100.83160921519637
-23.11601635523036	-147.75306478980852
-98.479869151865	-87.03118095946165
37.38525083718641	-130.1535868869485
-47.645942183503806	-83.0656317886494
93.97808989381788	-82.56126987848559
142.3079150973539	-32.52145979861912
-109.46454572474644	-41.13389458386903
43.052236821995564	-102.57927987672788
37.59264239309553	-81.0298405431405
-32.015219433663766	-122.27075885952212
12.935510605645371	-136.14594366738098
-6.41085389726597	-130.68871779532697
-37.52406138439117	-124.50242613441054
56.05375314583727	-106.65375825594327
107.9114592201892	-90.84812195266774
22.32359622912708	-84.4856586233208
-106.46395805262486	27.883772418041318
26.088285102688946	-137.00152773479712
88.16287965992133	-97.5015549602902
-7.229771368020212	-146.33831587396006
68.68171798108006	-130.13698782605877
64.08136558449797	-58.312096051660355
-107.23870952534071	-51.07634743085699
25.40784499692527	-132.82666495358768
-90.74982861162535	32.09526933427526
-54.934907947304346	-55.6711541103742
47.604057166957055	-128.1111474584383
83.97359353416296	-72.09256910490666
98.88806891838661	-107.70351149496602
-19.316142213016388	-148.74089111473123
9.11060228477804	-73.27440729409126
11.787783419342151	-132.5760468255635
13.180934101106743	134.46754380673704
-55.84266811633107	-101.62338273228399
106.69480348699527	-43.192462121665564
-2.3616976646625423	-18.833205524348333
-129.32985962827087	14.451122272229384
18.38914867834909	-116.47215766923064
