84.37354378622815	-102.62327232383231
-82.29400172512217	-48.225529835412736
107.79933922063351	-92.84449486155248
4.233222440755421	-109.52119697942503
112.33411376839598	-86.49272659930283
65.72317297644067	-130.56836921757275
73.44921856266619	-86.8357686758433
94.44372525156771	-90.40077509252524
97.64127835655552	-30.410257877776054
21.46525482602468	-53.178414785170794
-133.09915658518756	52.51758708755737
65.00546941056457	-133.97322989592948
-118.12391020710264	-19.460024131205376
-38.83730451107743	-126.05838183816903
37.29447808333987	125.93227497471463
4.9241471228453175	-135.33956639591858
-104.73635844764655	-56.56920930294605
-23.19955575664277	-114.15882184735169
-82.93429636322335	69.73181965943704
-81.19394654682853	-52.66066836897097
-101.20682062515806	-64.37617935812641
-52.43996495736286	-98.40295024664
1.3819013550448693	-82.57472373435107
-136.17982362505128	-62.33907178208514
127.65492816448909	-31.52834850307162
34.2059430824687	-123.77310196236493
-101.39823401662962	-110.52280105325433
38.455965307047876	-104.26971027313436
6.722764811709442	139.92251301601772
110.52906928932342	-74.01895076454801
-15.38503674953856	-120.68168984940145
20.900655787096312	-111.92414246958502
15.8382643469859	-144.71279581566878
126.63367633914557	-74.48739296350476
-103.48347891087123	-73.46517589487537
-98.21102868999718	-54.407096580878516
-12.585066523163693	107.31991320848373
75.16800288094477	-26.418632733344623
5.565772979996488	111.6320536566774
-101.71650724536883	56.45919311363649
-24.302554851959187	-98.42061222054149
8.36033041939503	-141.61563726189826
-30.491018876981475	-126.22080414082751
39.981204101646334	-114.04511851276129
122.4175772505998	-66.44472097129112
-103.56161558478964	-0.8312852995132848
-42.785061320797304	-129.7207092296578
-84.15849744318619	76.28713524442745
54.77032547271903	-54.00385143777462
-70.29554607167485	-58.10855104088442
29.534513303930826	-112.40313374384975
9.50666050090929	-80.61472040676173
44.97888107819115	-99.52980106550022
10.473950111667493	-94.13349188009975
46.83218711899683	-71.55476181851022
65.75895623524139	-128.64605937118816
72.42250517303115	-94.86640479332385
-91.52217862289439	19.31298074905072
110.38435164668803	-95.70622318514566
-94.66207276646682	-2.6523825687440663
-68.49616946753916	-123.63360308605152
-33.77732324077391	-120.18711874556601
-107.98258385024484	49.67393489193279
15.299435914896392	-145.97980075136755
-128.66160610838907	-30.975114737885914
131.31384034065965	-66.38705294804379
-98.70027861777854	-5.913276697050038
-98.41007225346948	34.912197684608955
85.80719804330876	-51.98282372162862
-108.23256710354481	1.5723212902511639
81.08654164473197	-103.50959343124508
81.22322941200824	-121.70205725678728
44.380970772807466	96.40509333380871
-104.39928533369941	-18.28731499725057
138.8303854188464	28.795616857545557
-121.29993754341712	-47.8716186065104
-59.13168363737228	-130.68076818386672
-95.62518596471979	-81.07174346053266
-87.2484333294507	-24.495768477139908
-20.960526226970938	-119.36354260399982
95.39546109088356	-62.46536313758187
-107.22692143912188	7.964796324416665
-83.10035742922307	-83.0820213196238
6.37258832961218	-141.11516226875753
-105.87238077235293	67.34083876703531
81.62005139433914	-85.79301014545418
-99.67723867055412	-72.3488887933247
-6.285358697789917	-76.93250562139362
29.61368766104887	-127.0486161787423
89.45150076100605	-105.94100478901282
-57.36181455922158	-94.01013315678921
-125.03941114563513	-26.173399363809995
57.342720056526915	-114.9052380273081
-114.06580135726132	-3.549792247891194
-90.5553779115033	-33.28050443139654
-39.90784843973084	-122.04287867339231
-25.112062320768565	-146.50060451773854
-129.67299438865695	21.252028793416503
8.894086777035945	-148.54013618161073
108.6620050296353	-97.24244821320114
91.57154011460514	-98.61631901054727
34.987666726123074	-145.60078353960307
103.31161534377756	-90.45131951625865
60.06247953181387	-41.21566163825348
-39.62022235283406	-127.77700877173284
-81.25606296434034	-53.99616788544165
89.98274905013783	-77.64464189019726
-103.65588074751112	-70.55537572246205
-141.28917812742435	-26.085216507754204
-42.705724083750304	-51.28300842706857
126.5403140859259	-27.003189340797576
38.855271985825865	-120.25051075475453
12.097308224840571	-128.24612905874432
25.600569026034616	-69.19737060569831
37.03122815894509	-105.42474116845945
21.456285642210908	-70.62915341317017
-92.05694429886275	-64.92700839476284
-117.08331137502135	19.239128479343194
27.818330613251128	-138.59514913214034
140.47098518285088	-40.86427335800707
-81.53841013303811	-80.9359307071583
99.08773681380409	-4.009225973981307
66.65862143139528	-59.62338745685259
-55.77107230082161	-139.08398676986894
64.24694797759652	-131.75705060849384
104.30382955192356	-74.3235714544027
-103.87311797706698	44.540881123092205
69.83348105748715	-88.63308424308678
-100.35960603664864	94.53373530640172
-39.61665957835281	-136.29307391315209
43.302511193552085	-98.01081580381212
-70.11106039089822	-104.14190679977806
-110.85129803995228	58.545405754124836
26.046461954994257	-26.877096980601863
-81.02553221086838	-72.76266722819686
64.21919507492987	-129.437017231064
56.08557371124217	-128.58254130102756
1.582343981103618	-140.27963143572669
40.514470373316826	-129.1183116277953
11.863016530199467	-135.29932724875536
80.67339127016972	-94.62968278173153
23.99731177837814	-132.90497854179293
-103.3182363458843	35.042808216755276
-59.791158798720694	-116.27011759414495
47.54077433011235	-118.40295136410889
75.2447919403701	-95.47555650873386
-147.2231323305047	-9.174704800182733
-70.89861974019219	50.33840565487384
-4.495794375973207	-77.7521698867993
-6.0706272397690775	122.14712271422589
28.426691977293686	-110.08870892788677
-54.814883552228125	-82.00997781770731
62.27071876976844	-133.82900124424083
17.760151242180154	-127.6070927415613
-72.84219540356916	-37.457990717097644
-37.380873523931825	-86.4525558718314
-46.944230728851984	-50.23063534763552
-80.81392001804099	-5.2214763340000205
47.91255652945285	-137.58963688943263
-62.649158701249256	-71.20271135370169
41.718290814993296	-51.72440522806072
-111.55346510453357	-4.160786234358905
-112.30383434768156	20.508412034330956
-79.89172492011427	-39.177582758035314
123.76021541854989	-36.45929781742456
-40.62959302650036	-143.65518716506395
-28.482952020681836	-91.86731751518523
-91.53194287174499	-60.6668364004048
-135.14819100001566	-15.038139128558305
16.163667995969142	-108.38062444703245
63.403601588939615	-127.25019943591846
-104.82543659132409	55.853636508321394
68.96344341225436	-110.12385094685463
73.6463016410573	-76.50226384717767
38.27750254909627	90.33895155157164
-22.286738998907026	114.45415870703863
-76.47990481203666	-103.97377828191992
-109.8493826272001	-44.23518590738026
-104.09789757144537	-30.44597242006504
-83.03953365554567	-89.66091795595541
-113.42013785792871	-62.0381011879248
-110.47102481350078	-89.4463441371308
-116.9721294736757	-33.93377446343988
-74.03397846994807	-129.78094608154717
-6.423913811981018	-105.58049909304599
-39.916459335258246	-97.06451948270973
-86.53571072972733	91.19738578307447
-54.42872040424318	-139.5889860727845
-104.48209460793994	-43.79485184783942
-99.81909098441257	-15.310556722272807
-137.32236211492176	1.5309230809152041
-24.984611563886304	-69.83215867483854
3.051436577366693	-139.0157959889362
25.89064660527711	-124.83122985301614
-110.3318251216071	-87.81286519358021
-21.578098889170683	-129.13117681726442
46.40499593706506	-49.85202411829358
-104.28489520269356	-5.483355798035126
-80.81688368413808	-29.68850795378212
-21.55714245741608	-130.7174582551465
