90.74803848149476	-119.35206009357525
-68.3373267356046	51.60290528916201
18.87851393946705	-64.75992953560481
-100.78766867599148	55.80400367967488
-37.355939177588716	-138.37916109146846
-116.84405943460105	0.9354020978684503
80.49605212823587	-79.24461275343342
-99.28685814089343	-52.98631176564138
20.75114317456371	-106.31560596516921
67.92603893117764	-115.207407398033
-79.4302818394659	-120.00562969183818
132.79788539876074	-65.96250379868823
20.811869391768248	-134.53328907095369
-78.33759516268633	-114.6813048295011
-42.19248326119086	-110.15708808893787
-25.207548083514105	-145.22557663541235
-11.942621831939578	82.30354100395526
66.94095402570991	-133.18407896723903
44.240337642226564	-129.2054193603092
46.60439728047081	-65.97336762496329
-85.258884161006	20.12106439267208
38.29652223521316	-127.3727170830222
-117.90493190400306	-31.999025760401974
-98.67659257037894	-60.35573793296086
-120.0759233618979	-11.572122367549994
-43.96309115528184	-123.96909468248589
-10.768101453886128	109.99524796412256
-48.57219141376459	-101.15436651243836
-82.6553684603154	-61.31105961182398
66.67058490670527	-109.70228652187664
-77.19371383457296	-109.30552001195076
119.49523883596372	-85.40284564963704
93.46696578991691	-82.47108708612562
-31.840798316728147	101.32502190521636
-113.8376362942703	-71.13256685789455
-25.293051525131563	-147.79150830959634
-70.15812124142934	10.261208984545732
-53.408160438103096	84.4324491657851
104.84921424748386	-86.70581442647318
-130.55795864431693	-2.8948361123472766
-89.82783877249454	84.44455295291723
-83.54912118183807	-85.03899527042759
72.04724386589365	-107.91682593875484
71.58816189088891	-111.70151806108541
-4.592632908144222	-101.90555063629108
-69.74294632861366	5.8521810834886825
128.7121210809973	-64.41800260551305
-4.872755492092991	-149.42830519919258
100.5900627980922	-49.11134219167621
-14.274699401468961	-96.98871454328982
101.37297417118366	-87.32164072099987
-82.67132188392524	-61.8719458169573
69.16474233399353	-81.30698315310252
122.65461131152473	-53.02360123023725
-97.95897201941635	-17.0572041160534
119.36391126675902	-31.010186911661208
-40.69753271995621	-111.81208646070847
-69.55595167519144	120.1325775452921
133.94836722235797	5.911583764875435
90.19260972545152	-113.14442652412129
93.04528773503331	-115.8712797487677
87.44254867448767	-68.243910911179
78.14238856402339	-116.57893508668731
56.10635040846388	-93.26803786508559
2.384636272665865	-103.9251069662465
-98.11184574155372	-26.86693210157563
-107.77737356665892	0.2329409106518011
-5.860713395677321	-144.54899866574303
-0.6676752239002127	-3.2320425939097994
-98.4482070301199	2.857706529594445
123.32401303372887	39.18168955765563
11.697783851899596	-112.94799750302626
-61.75429159328663	-116.22028088260103
92.09709142203579	-55.397751566844434
-118.37255348127566	-28.29291412567462
-58.16438377439863	-109.63397935526038
-123.31732138235651	2.845703984617669
9.263417407366518	-61.98881909198249
62.90467284508315	-111.60420615149124
46.89906672452093	-39.078954767238244
-27.676600157258452	-118.16630260414641
50.22793276066014	-105.94148317214608
125.53924920209687	-74.00016003126102
4.809339276913259	-138.7748171231011
18.552657312359248	-115.42137961522971
68.78185859655575	-61.55731000053437
-12.161791534275022	-113.30205830341284
-130.00800968424485	13.395705752006554
-63.11985385623344	-95.89245688121578
-25.140578623895323	78.41868498897821
61.56217252402323	-90.91855426215942
16.329216190141175	100.06845268916206
19.771872122064888	-49.48340937107723
44.37469551711097	-139.49905642151865
-117.37917985797931	20.148301738393226
70.05676376606648	-105.97655696637598
99.49556308520928	-79.71364844110181
-3.9153249522636173	-132.12012994328532
-120.75527272794208	12.85474533051506
39.1052466315064	-76.59944011085793
73.21638764679811	-110.05859915085361
-45.56157454608057	70.18383337439451
-90.23611401240265	33.608933030791185
64.91696573567268	-135.06471213269828
-95.55499678750799	46.672389083387436
-104.4055115188707	59.61413499471715
-30.55949557629635	-69.20145339173062
-24.670371599667906	-132.90715059963594
2.853014452397482	-130.00854831759506
-4.439717957192557	-59.12478518578253
49.95922617723171	-140.21155812095063
-56.11207040586263	95.8403388806827
-35.075476791321336	127.93696376832831
75.21371687156466	-124.07287078682329
9.030138913222784	-50.561420817390676
-89.06500268565988	-87.52544195512984
82.34416901706273	-64.48379896935708
-8.033736243381698	-114.70883238583788
37.20238184868157	-137.22596994210016
0.36937922394972655	-126.29324871024407
-111.21245838966219	66.73465869478115
36.259866434344566	-27.883866188687172
16.99544462530585	-124.2568331708342
-58.4021150942984	-116.7262134438156
-64.46640222732877	61.401922633614255
-79.9222499718963	45.01988551317751
47.399728983703866	-94.3763578754988
81.58396406553305	-76.55565420999078
104.82545497238083	-95.70706620849963
139.8948932994178	29.612257707011786
-15.170596799351536	-149.14175536113407
-123.25104864467795	20.149619827221013
-74.0894253466801	88.8499929545582
80.85996145872966	-80.24028702415283
-130.29393228790474	64.88570666339417
81.14595388945949	-119.74777505529414
90.18111798575015	-108.91077764426245
11.913592799719643	-98.03551085333615
7.421325045972975	-143.0844774442048
101.65849886051957	-87.76803520408723
-127.23520584800745	-37.84701911788609
-66.02206521216212	-131.43749770905643
45.83873674779179	-124.18160237857028
64.47226153614213	-101.26156489386442
-70.31568563882408	-122.86705892618413
2.5570240886893205	-121.89697062422336
-31.70863524305814	-85.96738478897623
-81.11856727346286	-119.74827463442975
-10.03806205045663	-111.69191289864465
25.106272039369106	-119.9483557170314
-123.67538081158499	10.734781478801299
-93.29924935966567	-79.88808120580713
-86.97099953146642	81.34035890828923
36.35373325942134	-129.14162780239866
28.088088763209495	-124.04270907265374
118.09615062810192	-92.19747620619512
-112.44236193197459	19.196160279564907
66.97377429077997	-65.47400699927105
107.15745413990847	-54.992514204159114
131.6871967374258	-68.46247953312705
28.92175722114698	-135.46850655193447
-6.22187592011156	-34.51626411802827
29.429984152421316	-79.69175198935868
109.55493165507967	-75.63273049280718
-56.64085962466297	-71.65945442989138
-97.4287809793767	-98.57047310936677
51.128413356312294	-139.12828517595722
-65.57055831722191	-3.127491976537957
-69.37585249802757	104.20367490305361
46.637744687753994	-134.26165571660155
-105.25529374217149	60.021513239355855
91.21860817438785	-103.695396434446
114.68874229089094	-84.61669972894859
-27.31908035990843	-57.29189156464258
-117.55788716078119	31.27303550477826
38.30043312271685	-118.82179641433181
-84.10142331337082	37.489404691844356
4.615903120694555	-134.75980752055352
57.255204368880825	-127.54329451752234
18.44855837823371	-137.17400776211943
147.4229693823555	-18.11760149583856
77.51508295861879	88.11116727886507
27.205679475209646	-67.0374804090784
91.4747981891286	32.873073284399595
-108.33816122236342	82.7977496836836
-132.92957652389018	36.17129995252994
-123.78326142535683	-65.22743172807459
-38.93109874708627	-112.23414189034628
-100.32382953262578	2.6694273781706244
17.618344173680054	-135.3482498773377
-140.9792746537649	15.178573923159878
24.61793556770862	-129.36573993556902
-96.98618305103986	43.55436483440448
-105.87701080461045	56.0147470481197
-45.21813084309653	-124.63046553318206
-51.9077453829221	-123.48986715655641
-39.64200550452575	-80.94926145147896
-117.7642853679114	22.42465649801741
14.895654596427073	-132.78859589536825
-58.38175162471332	83.1837929437696
