-39.84734779745654	-37.139420043641735
11.066823274140734	-103.65487604531062
-53.8646632024095	-28.433185171286812
76.04967639533936	-119.64296328194663
-110.29166972300148	-24.481791382279287
-95.88576127457482	-94.84904543899033
1.5056342766555477	109.6202898055436
112.37009637247046	-57.36169286120993
-126.59999885184251	6.281418863972271
-68.88490347778598	-129.13501635257253
-32.60171510617892	-98.49895228602746
55.822644704876645	-107.75649700989425
124.73053173162009	-71.05139448020246
65.279557784883	-114.33744527088382
138.64420380031382	-31.691139972359785
86.80179965935969	-62.83268847896766
65.26601465067952	-106.88552525525996
-3.4204837641380474	-116.95688489774852
-140.7969298262798	-14.757229409819205
66.08738272762571	-90.42479513627869
-24.483007987190174	-71.06348693527043
-120.15658856753151	8.339281779898783
1.4207969275726144	-132.95575086036462
66.88777884245475	-45.68962054296932
-110.82644202335881	-12.540077048071197
-96.0940617720866	-13.862243629696279
51.09323646854992	-118.7422898129494
142.8590932606552	-34.99716797857343
61.095023074304564	-127.5326933755909
-97.3894031443905	6.047833703634149
0.7709001329393318	-123.83477464093058
-90.39861793012388	-101.80274267228299
-60.520475618520614	83.04767879034786
56.077301449706624	-133.00630920197125
84.95211729948866	-119.91748691168608
105.8892480543628	-41.0953265256228
50.15777427747336	-126.86339810712167
20.501909515429617	-122.07237593469135
-1.1517204451031349	-136.78338554263797
84.68197622092964	-116.05889949998034
14.96892973251205	118.84069851805734
-73.98778474957999	-66.24916759014856
52.83698770216915	-117.88035056378129
-1.773833326566193	118.88332035398798
-63.28294655240874	-70.90531100796352
67.34260069846168	-103.59847765448647
105.64541177656685	-39.75737934995795
28.448727706008746	-105.69116509644742
45.7254658419906	-123.0846480512552
-44.32947754885108	-121.76233157965365
11.920214001809223	-112.55313614329594
-85.69200091438016	14.294683145047516
63.51531353344481	-95.86451353611008
9.83695660543571	-136.71868529400928
-34.53252489253397	-91.31517119788519
-14.751701272819776	108.66088637676746
-11.386192168910924	-131.5875055814191
-96.01325810388165	9.612925971117939
-122.93305287520874	-17.55389735247081
14.732053241563603	-21.14448702929691
34.49015676498588	-130.8945358599013
-119.35160260035585	-67.4277195454049
66.12196442647675	-84.69741384512876
91.79967712552582	-109.84628540423294
76.89099448708382	-127.73769373603888
43.253285760319436	-141.97799383604638
10.425398527255252	-146.33887578336905
5.084869704704046	-124.15218322204657
78.84066096440657	-106.98361053437576
-4.592133574553283	-143.22344140070155
31.81759093301206	-122.03767833940466
-90.93055372877191	10.596519221684398
-3.686618936202472	-114.74380063735443
29.655923242177035	-122.98339214352278
26.193632639791478	106.44409247669435
-39.534847547332134	-136.8274798440884
-21.68322804472671	144.6639601117857
66.3178493042925	-80.1704453490706
79.45309593198792	30.598813877422582
69.3048348802135	-34.765564173596374
87.1385942544396	-75.20851302597099
-105.6399908834586	-20.449271391360664
-38.24477437621798	-133.72717229350772
124.0199247609555	-81.36941441597266
-84.88562210134452	0.05184969147456572
69.7120715784752	-130.81431785639137
-30.334118950896684	-59.732428088680976
-9.829475222756862	-96.78142976145601
-100.28329099980743	-44.1374047703352
15.559399777984842	-63.64817077921073
-73.39128494901894	-53.78295970507374
-78.38341375697006	83.66739375767914
-60.555090514157975	-50.78154608109599
113.74427288291119	-91.71877719549602
10.112663465622916	-130.84546598770183
60.67729502114318	-132.06269319857512
94.04873607448214	-108.29436106202978
-12.994954709194616	-131.96746296804045
-88.00287111848014	96.07851799031249
-88.61112009939819	70.35135225142521
-91.49185216619907	-109.28523769322955
34.80895117860267	-55.02157835492152
102.71715785785807	-47.4277708226813
24.1728375052687	-147.99236866794888
13.753907028701354	-134.95664597454675
96.36583669060481	-94.02058507957334
-55.549017020545236	-137.60222216066188
-19.829207657031652	-127.25846605211957
99.76526122296355	-109.05872717125804
-84.50805621944552	-123.47646708912961
43.01320711071248	-123.74348660835847
-67.26933238449125	-109.60346718214166
36.1481077996416	-139.70807357759227
-54.81603213389756	92.94845978799886
-80.09310954163594	-47.48135601581603
-87.96304781594752	-34.18451926323448
-112.78715857108854	-58.130606693857494
-59.648021690278156	-136.47498998537256
-21.07596309198112	-104.8112012108346
13.265499320006857	-147.27905209072114
110.67453331695027	-101.0305030672872
119.96906035045207	57.73596692418977
132.44639760712954	-13.689106660863626
31.540733319437084	-99.1248070699345
-29.61342565986566	-144.25608694018126
-1.286664444198882	127.12589001609004
-65.00850918700682	-131.09167001482896
-9.868737074213222	-145.73083491797973
-84.66904439297942	-34.64191469040877
-112.61030672959829	-59.41213803810223
-67.22043109462702	-91.03245378572491
4.522871408979057	-148.2405335963745
105.32273008588156	28.89986969606943
115.52549811315072	-71.09583361757848
39.994646332867994	-85.68425648511844
-52.385373008556364	75.28734301442852
-101.10522674933624	-56.98161617856005
-0.17309248173901626	-129.35221561518503
-90.75118760775511	72.43626270804393
5.460095405998341	-123.00148081289
-19.624170521768423	-110.64175780269804
-117.58993938419313	-23.059247389192144
-68.41991041810998	-106.65895594648124
-70.7599880690691	-43.70940332781924
38.6075974852374	-115.27400286865232
9.474604422980372	-111.7856728955748
26.10756318710789	-131.4763395666205
45.43522805215829	-140.35223637251386
49.71055823384511	-141.51898084455996
42.43926455868082	-135.63273596428795
-4.3376491556788235	-80.59101970502041
-95.0324130162689	-66.58387383444182
-110.1116041724802	-30.83624072373304
49.34820041399698	95.55968514497215
97.3988217587396	-57.53606678644329
39.869415694750806	-142.30424928390667
-125.88974424893921	59.33797504866787
33.26810923740101	-129.60438111255004
99.51474158924518	-72.72879872857584
-30.956769805963223	-75.33449805990223
-3.4955545229159193	104.53594921293319
19.001094214252532	-108.66708798262408
-49.63935256612619	-125.78693630625779
126.65742159594792	67.12278186716568
-68.2333451234763	121.01935961736923
8.394611811646312	-146.54456017846275
28.214999923045028	-132.90948145242123
-30.953800792780928	-130.11888614150408
53.63809072203789	-135.23747438334706
93.31221158745856	-92.97158875678399
27.012743198252725	-76.88567531435255
28.148245974458135	-124.45537053437704
25.491759322032674	-58.3037629610495
85.38528031521793	-123.31686293694118
141.1723869746681	-35.56938011367732
-14.38990599662877	-120.46297423670721
88.59156634826614	-43.457083364468204
50.6032555639445	-140.15968416168496
19.329775641957557	-113.42742745840403
-95.28319130542879	-53.889740090845315
12.783443965352388	-111.94820469148657
-102.25971234257779	61.853849645836604
-33.1444420533881	-91.56926681951863
53.45386069053697	-108.96525903479564
-47.95002219037272	-121.35642919431172
-94.38768092664681	-52.18733169860609
-107.95927529116649	49.144587493240365
59.26394610773142	-137.4010883340182
-107.77544786080854	25.1593983941162
91.49597106968027	-84.51013568264682
-94.64221351118516	53.86850379600956
-97.34919745014054	54.80817289777258
-26.338296376637015	-105.16730883594865
12.535690263650924	-43.630959319818444
-94.0190243164949	9.577626543392467
85.4239334249673	-109.6718851365848
-53.802031392667644	-109.5456756616379
-73.66799951837665	-87.87004538965775
-18.024964084575906	-107.91124833109373
83.14287794829798	-117.5551834506617
