90.42002453194632	-118.17281112414588
-62.17262777814498	-107.72548662480624
-88.97162781718757	-67.62789747214913
117.85522563224494	-71.62017393764005
-32.25798132697317	-132.1937173410619
-64.29246449575197	-105.82589796068143
-106.00317495321619	64.09918907400316
73.53626578826643	-122.48160259137865
-87.77862478934067	-75.93705656833875
-47.37220423868837	-141.58133608207206
102.06299480046943	-101.5980947011751
-64.95004484284364	-133.4533752191469
-82.8688023607513	79.6865319020783
-112.53431657050474	46.506750144294706
-85.35030537777193	75.31300578113058
-83.45267462546728	75.87351379233284
-112.49703884968035	35.57562837429313
30.501268209719118	-108.56552204002547
-13.140713797965349	-147.48898487496004
-72.06409636790906	-122.08769362484979
18.127736574517666	-86.31310917622788
79.67207973984193	-94.98142479577275
-54.88679174647765	84.24466323239389
71.98677367118033	-18.905316519842938
-107.44445607831501	20.21307298483486
81.85014609155094	-115.28520448081541
-135.5532334558669	-1.369752434294729
-123.97217849903755	-19.826943561542766
32.95658274949285	-142.78006842017598
-14.949229670102207	-130.48701819833377
26.84166637208684	-50.83326634302793
-98.95538471846581	30.878157043200016
119.58123153793186	-82.05692114744302
-55.439666008258726	-2.413655115312816
-102.30937492030486	30.739266624447964
81.95312451577117	-118.58782265177261
-42.59291254342303	-90.58388724463578
-49.195325646847095	-109.32906522458117
141.3867639676009	-37.161666590992326
-24.665694491000618	-127.14786365598859
62.57560638943569	-136.11502190432594
71.26327039152065	-55.83903422309711
148.51912547270464	13.868868964156626
-29.771913976853725	-112.73165781028943
39.671338311784346	-133.26100674146286
-66.9100446022596	11.376023586082725
-102.53574467072674	63.945766182363755
43.04830218126372	-131.81063506099417
-11.71569568598692	-100.72105712898504
-14.363790980745268	-140.7073803015431
-40.63607128660738	-94.73562322311113
-71.6554534284738	-100.54128970200152
-8.162379789325792	116.47770249892312
-63.443290259837255	84.65389520219382
-26.853160059046303	-84.68050113120921
34.333500152132984	111.29717035816178
39.961834781015256	-130.532422623993
-72.02990302900592	-128.68319949285313
-101.64799879118033	-30.925917267442276
142.12192904602244	41.42328323570239
61.144447033726586	-121.42129260290015
-115.24262295876194	57.3480668291548
122.88810903365825	-1.6044074884756925
13.770432022133976	-141.72960885606423
97.9448122663158	-83.45409443398611
137.32225796980885	18.599213400641606
20.719868253740348	-24.653022875132365
85.16630016262035	-100.77584163377773
3.333765093593986	-122.44265163532383
86.12962818762723	-102.04961896142372
43.039110221976905	-48.36460153373575
-16.335467308249324	-124.96993567030962
109.36663659252436	-98.459382664712
-66.70392666107907	-110.05593668980953
115.43786975752572	-74.29049603210075
-84.67953148396964	-63.014202997334856
-34.89552143788235	-145.87534943051574
24.210238126587733	116.45832197225717
44.75138896299316	-100.93568294016337
56.8535067389318	-49.967170412648144
-26.82180238596148	-89.4616306251138
-20.091771871883168	-59.58614819450742
120.650181245676	-40.92012521023672
50.9394203501905	-48.67085709714742
99.04843727536523	-102.46772861593315
-114.93540582790953	41.904259403380244
-116.35820959974617	80.40807041347672
-98.17882397696167	81.17116575180944
36.82956422491676	-138.9827633445327
13.784121691079429	-86.40122308962586
-100.88402249763456	-80.48639891336877
111.09346121536596	-55.80128814543993
15.548667538955272	-130.32827874435267
86.93105059444201	-121.63362472128085
134.3596387597502	-43.211161137594026
-6.557349499655973	-58.90811058695295
58.70299520518624	-59.4123415951275
5.053598169025058	-121.08362552627484
18.063212333181223	-69.97223996946394
42.731777390966684	-69.84984181637714
-136.4494309432674	8.218649066745188
66.53684831274968	-133.60310441858388
-118.85005335449776	53.154499988779946
83.90649222789695	-72.04760615748386
56.32460848381499	-86.79761600889388
-6.649215116183728	-115.68873956282816
13.072554853197584	-106.37926698941246
-79.62629347389964	99.5286176437407
55.78332960447074	-135.6399376807138
-32.40686410667321	-121.42369741021838
2.2346376608155394	-141.9823748414208
-43.794657759319925	-138.9477780918249
99.7558577482713	-51.35256992356156
-35.009101435524585	-107.16792921872856
-65.14793051645421	-93.16787254943983
-115.55384435576897	46.81311464040727
-10.815558024612793	-124.48258978395177
93.71928691639235	-87.63641010867372
-108.62729980519559	54.119039066047115
9.19952990947647	-149.24983849754275
-111.3599204844676	-58.095783705495236
111.8333484553616	-94.62825751945567
-1.4676449292328888	139.1548890210485
-26.250860752184387	-126.96892985684583
-132.9859925950384	30.292411372260094
-103.27528397779507	-69.76910327649219
146.22495900294066	-33.13683733711782
-130.8732604178105	7.953871340360585
-59.56492609566278	56.31153402399705
20.32406815327614	-109.44792144655548
70.51830363519957	-78.70277392423453
-5.3878751812298695	-135.55383021449774
-24.297706012770185	-127.2946487805289
-7.263440753072043	101.5570090743589
-139.80973328621727	10.537759032726127
-98.19558950582537	65.28971891775753
79.9495809072729	-99.43096685339874
37.475087626157624	-132.35471618226026
73.87066694387904	-32.60256353436864
-62.588172778024	-96.33095655426112
74.94664901288763	-17.697714931942127
-67.5900896161199	39.75717589060115
68.03466002011925	-105.67785992380175
42.25491325252401	-102.57275016528736
60.36977589512657	-132.85332561867364
-40.8438698454123	-139.58543167866947
67.89121589335464	52.13609715878621
-26.01769243750215	-66.44216288179331
-96.9535005242483	37.49175085687912
103.4547819344805	-54.58882656101133
-107.67440533181009	-53.567026015218126
-62.216231754359754	-81.52628586268149
-117.87544145515098	-21.272405979061762
-23.851577614305405	-97.20371110830189
78.82034608140947	-46.61377486340589
82.68626685086649	-118.58037560477165
78.44934961309174	-68.65800729532519
90.34182044505852	-93.37327624381157
72.00164323408157	-35.90275749475111
-59.147085075030155	42.905614280855325
44.63408687874139	-141.4500526025549
-50.2403242100816	-92.2760654323075
-112.01784517477857	53.640275311740645
-102.71069888490761	-5.217983246927259
40.06066178698487	-113.28795735504947
-55.62122589792145	59.83056910235637
92.011533690399	-42.929566549389996
78.26767612707862	-99.02966602150268
77.00263831896518	-127.32575120657808
-90.37800286601838	-40.49219558214002
-53.425747929883975	49.969034952498454
6.043675021271822	-137.2561103245571
109.43885220213421	-59.02503128588097
102.2197599677473	-53.20039159047475
71.60813185271553	-131.36085615759407
49.39930678611614	-117.01382995237718
131.2724607671335	-51.72479168207127
-124.77529111195932	-61.11760095140464
-111.76222484393897	-46.925627424431106
-46.05707597436346	64.19417482293525
-22.904297683074255	-139.92520879181131
-78.09528431923407	-88.5773460186637
128.01937470918696	-45.7950549802746
32.9222384136787	-87.35199338285054
82.58547944265399	-117.72517554840796
-30.7492872436456	-86.41731044190587
70.31474435068887	-120.410268623112
-79.1500486488094	-81.02018705330592
-32.61330294256607	-133.69104153048553
79.98660156975434	-121.59151037521784
30.667572938555832	-79.61026382589677
53.23767027274775	-131.57159276094808
-109.12359305344384	50.083768549227756
77.03191908061456	-74.33715835606581
-59.235443162489474	-135.9326801993146
-7.227132892030108	-141.88715181913514
-65.07500632625033	-98.4289852787664
-118.12464878369539	19.18549906964257
-5.7225877130152485	-54.49987665475568
-111.22259245200897	-58.86092967239658
