-12.823100238078434	-67.41152852831024
28.11397707347751	-140.44161285710882
81.34025223145044	-111.35838622252874
65.00345555103739	-83.24411188198815
-29.730256899578503	-111.90503429611346
38.3137011400538	-71.6842431434728
11.684669693087542	-145.74470907339926
40.30914444534801	-127.95030557955413
68.4723304122224	-132.85315768211464
-113.67837019049547	9.803866572567179
72.5188888800249	-75.58179524835752
0.1834003833228161	-149.67372034165848
-83.13489975665672	-94.79801351191234
78.87876969872488	-103.41697915839984
-88.85557021552745	64.2328011493556
-104.35612854331117	58.83855879536134
68.13693058636657	-128.50163294224132
-41.240772881610816	108.66431138309798
-53.887828660995645	-85.10092552822948
-103.76179689844318	-51.519636293464025
58.86278451526603	-135.4460222467609
-111.72373487396806	-44.70167348021059
-116.72637576503138	-68.722738336629
-97.7790076316116	-34.620928812302374
-94.92585131284449	48.59388295641281
-108.2269610755035	-59.92648593122787
44.565221357859684	-86.35109393685619
-33.331902142191325	-145.66969971457834
75.58446734303632	-102.4264176657816
28.25134893165849	-90.91036413604307
67.78867335829025	-125.99652877072626
-44.8739522986327	-110.09583207344996
144.5603331693828	-39.27737389526359
-68.32946569307671	-123.64429903799353
-75.3663789348103	-123.11133396691562
-117.80018263172865	-49.99635478122445
29.19899454825709	-102.46665670616815
11.17454585553686	-47.772923033396566
45.46997192595073	-71.52244362204893
-82.35401935235011	103.75339024130744
42.697920537937186	-137.07874383398124
-53.13308868557606	-96.96108963581442
-105.92131233907554	26.475414831570067
-28.761943173634364	-137.42048310681156
24.80929009164776	-146.3243433030093
14.928229745101671	-39.51814662693676
24.818097971853785	-51.5092891776275
85.79718356520449	-78.54223470061378
-59.47127703552068	-80.81473703144658
7.080075175506086	-104.49329268954517
115.45348095359142	10.622241119150285
114.1443373851696	-86.8677635198885
79.91835782194269	-73.8332382283477
127.96359311290095	41.55830892833924
-82.30432781151427	37.80267189259543
-17.184853238714798	87.23456238628222
89.12863268285534	-47.65946207028122
26.521976952307444	-108.87026012973053
15.547460961875961	-96.44986633983528
-109.07349650259022	-51.48736702008112
119.48509060743348	-78.49680040408434
12.215201214449245	-149.1844554361357
-94.71434884038804	37.82733756191885
92.05275687793102	-36.92677592637937
-22.235415845124464	-129.63723227004414
132.0530808865332	-26.890539094601916
-30.795211103653475	118.43493062684477
-131.50093185380126	-4.652852331067529
-91.76769563704639	-82.18712981935839
-76.65128155953667	-113.7366698518007
97.64496310063224	-110.34417932417104
13.878624586047328	-145.67918745246834
107.11939090618966	-60.691638554286236
-102.71417991073996	-37.26269485824379
32.95781829817328	-114.50742753062423
-11.65452181593721	-144.28911108082488
-102.71478013281686	-38.80369241693175
-58.74720634905541	-94.70154822317957
-84.84784575509832	-9.151730560741866
-120.12155137005918	-16.160013866303746
-76.91617850490954	-36.80742886220266
74.31482541356979	-98.3002166913915
-104.85875061534158	-30.81173419064733
28.75293853396791	-95.74494093752182
87.8437843094757	-31.222090591881905
-123.88561534312518	41.4310711865284
5.171636326069834	-120.9100344475389
15.024352448767255	133.1044235815742
-81.32927781865556	53.10911689269779
7.863432719084187	-119.99135078916663
-79.43641327415008	-6.636966094068968
-56.07386009361139	-94.94335686318361
-86.65965806010928	-36.21991765447423
52.53553977768788	126.14190205762635
34.56363441309918	-141.6794456908898
72.45992715592247	-62.981860335811234
-105.08172093508995	62.91275094167023
136.64016151531754	-60.08860415728791
-31.43455890418386	-114.14479023570664
28.70403041537606	-99.201313519882
48.84477999976912	-141.57619447205212
33.60487454900193	98.71948429517636
73.67772704358929	-102.30106310677097
-97.91046132590027	-91.06088585181821
135.1699366131602	-60.94046015217187
94.4445096127834	-47.164133273059655
75.35855422186069	-50.54091104537971
-76.05103589381966	4.808918245923767
-13.481320569738134	-149.17077763472673
99.09058886724823	-91.12496655237167
-52.11161693397308	-67.44996819514608
-78.64481950650314	-22.635109959360054
76.51213200242503	-46.457460768823864
-59.939954505588034	-128.70249612223688
109.89475433614786	-93.4901905493927
46.42716350779902	-41.789962730209375
-60.3196165679312	-95.8608844140707
-105.31262374803808	-88.97379245106978
32.43418112215115	-127.62034204789758
69.04384989543732	-133.04337712764433
-115.62285380987284	-46.936256449558755
-61.35413548088363	-107.53504914683771
62.490521733841284	-94.46098750218958
-118.87820252420126	18.79467536512048
86.81648364660496	-76.9089829053
45.22013483674934	-119.45785091891851
41.17981789140444	-115.46368771926834
4.492290512349304	-143.94443501384208
-19.008084341859433	-122.40927206814445
-4.356207321004603	-127.47083135739962
-92.76406936468668	37.08323605190943
146.37808331854967	4.0917783077570915
-33.25330237636912	76.09669159243187
-131.04356199783498	-29.696231594744237
-53.40823917196961	-123.55024043748647
21.46612076075799	-127.9813720957105
114.66098310317753	-56.279774387529926
81.23182398359148	-106.96319323210457
142.4977305325639	1.617507540143085
-19.73404929542064	-129.617732657062
83.90566073367891	-92.91091683510015
77.05592440862151	-123.67435306944837
90.66905933024951	-86.26388942818151
49.088400500395615	-100.7589104060917
56.22794892147411	-88.96836997233959
79.26783933896918	-122.48743793274741
-101.2338592657611	69.9526715549187
-126.9401809622915	23.499905951507397
-113.88060405189006	-37.39650631361278
-15.384918825701352	-70.77536517266745
-120.00521182122169	-39.5141066100906
-92.49754396869362	-27.15869032918189
-123.46073392946889	-47.17842521120166
68.90110946050672	-96.66638731649411
62.749524626394475	17.43114429104917
22.748285250744892	-148.18244148966568
-98.30381346148297	23.45715978066712
62.242754231308595	-109.38938209560463
-144.2555851535038	12.731423767570563
-99.82877137931314	-52.77951159256293
29.967739942874037	-124.39128854894061
11.663945198650737	-97.92958215035395
-92.82204725190186	82.74310908263453
-81.78677796232262	-60.84955724688179
-113.4021243038713	-4.2438484834115275
-113.20756167865584	-19.489432720545572
42.32126434452491	-83.15187127739185
68.74887255654143	-96.06534508688225
-96.10896207939948	19.310192868093615
146.47561004164962	28.496568817095373
-124.34570953685441	6.949986450813594
2.910493673763443	-28.113087368803836
42.87625542777843	-98.15447286681805
-107.02938171773529	1.9731486889744467
100.99758823070897	-67.09270499478696
-26.139854772940158	109.58943805320816
31.87071767199922	-113.60412576869861
-90.70552365031324	42.5985856446744
-124.73513858833796	-51.26069442154576
-103.42648520968152	74.33144474051473
22.471705484915585	-82.37850430920936
-104.49450532328471	31.833565705010688
26.25510809534285	-50.91461862952974
25.809053310915065	-125.1016735798551
-51.577548946094204	71.154901896752
-67.7423175548314	-5.464925659112369
-43.228884466808076	85.69154486992923
-28.731538461850757	-95.30828364417026
-95.89785802713897	23.482670830920796
33.85799317585928	-113.06343953590682
-126.79078762019057	27.036189161856353
44.04377186159921	-51.32721971007147
-86.63207267466626	-111.81405526504946
0.926449023684868	-112.10564266896309
-103.70059909860002	-102.62655734717067
-89.6198655621457	-8.94552141372501
-92.02449020604011	68.01735756472506
31.85051068884682	-123.75557411402917
-44.05737574788915	-124.80292463736339
-102.47198092389628	-47.009342156953004
