-119.78959012782079	16.48547382676967
145.57581973030554	-14.313011665766108
-9.542077076286782	-92.74037121029046
-95.48941827470455	-36.53969131357674
-100.78555824895741	-47.8906288475255
-56.87382515613983	21.139089207084236
-53.00432308353752	-118.45356308950655
-124.92976630888764	66.34476286998469
-20.40918199681372	-113.29992492308666
49.100904471817344	-96.61997770479114
-53.91091025365834	-126.78529039156858
-8.603665543159627	133.07420410143786
-72.91174797068683	-122.27596665705724
68.84299134464217	-96.4514080822233
102.07548433202179	-106.32935992586609
59.82396984421358	-116.06579803204065
11.397982316178124	-123.22202469058885
-104.82298128045099	-29.714158488426953
123.12750488466997	-67.09801176846564
66.25166028169448	-91.91801790804116
-135.87427955107344	-46.2657530998562
77.75741882245764	-92.81986435807288
-64.45100415734669	-87.50461160772232
61.59356270687098	-98.08430299488089
-9.19293523785463	-81.23003902008384
10.17185150142264	-21.023448783829174
-57.555998448867	-107.86110148506175
122.73698838720287	-85.8903287585518
-75.67717771000342	-113.57986241584885
112.56461330775252	-93.16745866220319
-28.905157559682042	-107.03882118333537
39.031628049655446	-98.0029832720411
43.34837629113766	-113.18435333753465
-13.657065826265505	-143.0292581562136
76.37822329798071	-83.16461887580543
107.11012017350441	-102.04901329351273
-142.12309487882527	-41.60095890576327
-100.17600188133315	8.161209990171677
92.73201448623048	-107.24916711482751
100.18205469961151	-52.718855959576665
18.1415185494877	-75.00862620089931
-111.58288068467277	-65.16746887004749
29.322604736798766	-85.38582341762239
-66.57865002119489	28.92468022344275
-16.373471359891873	-104.68714705518356
-119.3776497934169	38.18883484033559
106.55485358362405	-68.97893673874646
-92.3916811155597	98.5214059052313
37.544366473256666	-136.8377659904969
-56.023187405214244	-109.84761269189418
58.60223601686998	-137.1330899366607
-132.72905097388744	-43.746425118785936
-82.43361486320757	-49.05097645670759
-34.57464624091791	103.93174367192368
-113.41472227696345	-34.994005230152375
-3.331936187689862	-146.52325760284472
65.01879935170588	-134.04679943047222
83.92325407473946	-123.05647666703558
2.78428327313303	113.64443274169199
-25.966976331091367	-63.419850865031854
-23.113543686719687	-120.21182739887016
-78.3094450603666	-51.34524890535376
-127.37957096886925	15.836683447092513
-105.26363395397718	54.58413055037603
43.4506996105	-130.0099077846083
-7.4489260214845485	-63.078583106039005
-134.6801320598707	-33.572527870165835
-70.9995827731756	97.15476940453298
-118.68374425018717	-10.23345350949816
67.35101342187265	-66.21467464094067
-81.22243443754921	-13.245095685356715
-116.64996915444512	7.283273936238245
3.531558947055845	-118.23294917068053
94.34194287850454	-106.61997122238652
75.33065275551328	-92.15024056172686
-133.95120185967764	-43.53856720329875
-21.482690450206885	-124.24216690963048
12.160819660127762	-91.56163553889269
126.62974361768374	-54.736429265109855
-33.99535409190257	-107.11443134006674
-74.84582477835612	71.9931715932983
-32.57001663413796	-144.1033439069107
-44.73747151755344	98.39328091941132
-37.03608188733625	-103.75665442206677
-131.02397213986475	-0.15483407251975928
9.58950543772698	-129.52181960323125
-44.94222499188839	-54.47693563602625
14.743781618125553	-126.09056521041305
124.1731521227877	-5.934800229124609
-49.55368794691337	-139.5326093154982
-72.80092480376294	-111.52972872338817
140.8090650498446	-26.13865820334236
32.08399015756227	-90.75472373567703
-40.46497086274679	-105.61227273772465
46.14939979210762	-92.32094293097813
45.143319340976916	-110.76096216589586
-11.203879647595219	89.9305508205567
-113.27589111104572	62.17183985983553
-65.14889143985692	71.9672425154473
-128.70495567026745	4.907632771090811
-40.203579262627855	-142.84347307464216
-74.7810348443724	-110.09711757534285
103.97583621347611	-82.39839036967545
-7.658403304056491	-117.24274249949443
6.306670671757653	-111.81796534166043
76.58207067461487	-126.85110913824187
-124.24836953502725	-7.9089474830107
-26.769482524137374	-144.5133098360668
-25.793878030967928	-109.1487572851294
86.97305843766196	-112.82735359710495
27.933511685223277	-83.88777044875229
116.01616654081732	-82.93676545635333
-115.0527668816685	64.78808521834934
-93.73776555496035	-47.81951004001931
-98.67319141183485	-21.366230239170328
91.14625507827809	-90.89625202365833
2.6657612282471748	-94.95580242073159
66.47571778407593	-81.1535735957778
-105.4915073409126	26.58648915410366
-9.33767980236079	86.31445919355491
-76.57141718735275	-49.647645097449825
100.69961968995945	-87.01737219933004
-20.84416439303886	120.91318652972508
-70.28342940528633	-84.00126012301472
78.69032121847894	-86.61975104961445
110.50316186027628	-69.0063357493489
-23.3832157538133	131.3080568637866
110.83259992532884	21.70762114939135
78.97539763695661	-93.94532841822989
-1.193493322309545	-112.56485934480133
43.0840293457749	-70.97900699370604
8.354305141614187	-71.001596385964
34.76018766330629	-100.4724812443277
-22.0192355031583	-131.22531859317104
-99.3593613244791	-13.849346209101313
89.25131155471473	-118.30998300016074
-127.98478073187547	-5.610081852141173
66.30587515111661	-126.52308657427487
134.99008580641706	-59.07953994189676
-83.97715881525149	48.901625891766415
6.416740001048869	-100.45723126214183
47.43967474618658	-140.86923614499182
-93.5829074560309	-30.80033715573595
-78.44373502087666	102.67131832908103
135.4773885870909	-2.5959292324866245
34.87379030185247	-88.28158804591259
69.19561545767607	-97.9838187485895
88.11810749792016	-34.54915605200174
46.32706456114552	-109.67027813871128
72.46151796596244	-115.11187626863489
73.49248021952346	-83.07071976725906
16.25145603990798	-52.16737125598983
-7.640689983401268	-62.049801142741174
133.64256179661268	41.020192354090455
-89.10353234847372	69.14305230194495
56.092160448167135	-37.22202201785586
-19.840095797874604	-87.77783376177386
-125.0238490546194	-35.48914077486126
42.51683937389446	-109.97009189633138
-69.99076939350192	-48.45065253685299
20.345222623197948	101.51146818562034
-36.166708095859676	109.50975666278445
-35.90469513694082	-135.34205258335297
-24.903506615696003	135.27620135257786
-50.872899013461165	122.9567144875818
-2.6764990470380043	100.4209229691992
-40.15038343898168	75.22841038849197
102.30292468307678	-105.56878712971978
109.0274996450744	-91.29412818003905
-99.71192989571418	74.92623500878453
-27.49302490070993	-145.48277187114167
84.02523841143477	-112.5037755480659
49.11693109104965	-67.16660035018758
-133.6739290702008	2.7385464466719376
48.01215337946861	-125.73551871198093
121.73848926761427	-87.29564818900334
-71.80099150935277	38.69976493558134
48.69342038285813	-122.24493406463964
-29.263132556751437	-107.27381778551288
-134.76194549482767	25.50739358502374
-57.579281530005126	62.48703494344596
-0.15325357183973481	-72.00621886028367
-9.338629712474562	-83.30676705864543
10.484871199257986	-59.76740632408031
6.606337872661093	-38.80520114710718
-129.94162766302293	39.15868680218542
-16.74530078895341	-117.42907803872828
79.9374398193515	-123.51868909118816
-100.86663579060038	83.7928750449735
-102.65971052169284	54.824298794938365
-82.01759356257945	-38.760019245689136
-86.08904199276111	-106.9226027831008
-101.62415907753392	-66.76270685705767
59.557533513612846	-128.0492553752564
9.733232076089864	-42.29446342432564
-85.61722133888028	16.47778625912076
133.34874926086584	-65.90199882576539
-63.833021971663854	32.70477077646494
33.934822580327314	-146.0533100854374
66.62511177859076	-134.0856465046572
