-133.4063300720178	15.508008649955539
104.92265942153529	-95.25370044498341
-102.13536700332324	71.28316045577452
70.76875632863577	-54.836143850683946
-54.57229445006007	-100.85700049842572
-105.77216857260498	-68.30767518850809
30.88471093148847	-135.27084055308825
-78.87915309204087	-92.32104265227834
59.63161423222495	-67.53613932520159
41.776106574568374	-114.55637599695791
-123.32132884390033	-42.05909366093734
50.07824873657128	-104.69688914056316
4.419206168853032	-56.67841336993224
69.97318010570405	-117.42146771776754
-108.88408089573413	66.32086687565642
16.33678958366462	-142.01154930089533
-27.032843534654578	-132.03379726945658
24.474900276552443	-90.39360848137791
87.90004038251595	-100.91763297031544
-83.0157137343173	1.200113881693861
-76.7774465317709	18.491644291251635
15.2599994573521	-115.16354998625312
99.33581301600896	-91.30813786975764
111.5760486337527	-72.7503358696852
-124.23613468898947	-74.58235587704819
-130.09750170629556	29.153247959935808
23.12690906266633	-76.73169552139679
66.02605130195924	-96.85088718670497
-105.59434531619736	-100.29238091544717
51.85025022837449	-135.85369550745304
13.363326765228448	-148.6592610870895
122.62676216317979	-72.74447190118468
-70.65041104630258	-19.17430737688404
77.6696347575347	-45.42818709458944
-121.0134373763326	-13.043330775625014
-102.55893520994226	35.781472854337686
81.54649803179255	-102.20245231536678
-57.77567635853332	-107.59626709170358
-35.741468709283865	-108.26382396108505
-98.72860582824599	-16.11984435726538
126.03526278110263	-67.6326942951595
-11.217728775501445	-133.56145961698633
-104.47877861808212	19.836770948464544
-128.12794543364407	45.3183946455665
-60.19953916724327	116.43188056937507
129.07400329309192	-75.916568462255
139.39010545958533	-30.574007719025825
-48.78597626054102	-105.66306584454237
46.55192171083393	-121.47764068214012
82.55987295295367	-60.33055079965631
-102.70693265911437	11.1856535477392
-4.46708535991022	-94.73346452453184
76.76012339808727	-41.656052494161536
-52.12824887282724	-140.18693635852685
95.77152901397584	-50.43729587815153
-51.24737541839348	-110.56938826158903
10.469069993895047	-99.47321597381962
-118.68144909985729	-0.7146243657364946
-3.5381909902807056	-103.78187586334226
119.45689178859625	-90.5682399551775
-100.93276446207436	-37.173716300637864
102.76325827762793	-69.72463097897649
-82.88393923302996	-16.36475983338284
18.784206754482238	-135.6073363704729
-37.94403457010778	66.98042176170046
-24.842320561063477	100.45011337309352
-102.18968980252221	-83.20043072417404
-68.62143433073484	70.48662000955783
-76.24361531352379	-84.65804145283785
53.6749916244048	-130.0082855648212
-131.0875949874437	20.518310482984894
6.721604912551155	-140.40791557231245
-43.28905637697514	-84.70657264247862
-133.03702975129588	-68.288319040449
18.99183124325918	-134.69667586723753
-119.33956594651049	-52.19879341064145
29.49218653390316	-80.09963003433518
-48.50552248848948	-37.98849354032324
-15.097718496187523	-128.11471344673157
7.694263822786548	-131.85335882166123
-11.506317408042673	124.91888354415786
87.92320865019649	-40.36846366961723
71.57172261048608	83.6032076533026
-12.60266525243241	109.03368438011543
26.784712125100235	-142.81246821309693
63.52978064094459	-127.2337066763385
97.65671931220378	-105.03687390185459
-18.669821844749055	-145.81601571770642
-61.73925222755588	45.66199901511292
92.86135107262146	-84.61885551507599
-16.67451751729654	79.84303423433043
13.806683765484028	-123.37274886483003
61.46585161590964	-83.1061052461413
41.30654737986784	-144.09341230995494
59.97853391404657	-135.31762273641144
94.12882376822502	-95.14942081711398
-103.53539594310807	-41.11448378688986
60.2359182543944	124.82445172074566
-20.42884240252186	59.25350160237094
61.04839685057808	-94.27982042471413
41.52125896496015	-137.63098678631235
-95.24276884290357	-24.536701211884697
50.521037939657255	-98.76580858011046
93.86231909348216	-52.07619796176963
-81.49103991446742	-94.07371704896799
-102.6190374719417	29.053580638618797
71.87835711317454	-47.62470981505567
135.85652344950432	-58.824110239316816
-97.22661514546495	50.61810427793976
-128.90410108874005	-51.12351193812599
38.89624580324976	-135.90361787798685
64.97929497077804	-126.23305775345534
-116.89917465274671	1.8540150711061847
-104.09961541424863	51.478634497632214
13.363836830965083	-139.4716833103623
-0.4783974103610043	-149.79231308656063
-93.86925208655362	16.231974951438655
-91.03859442110617	48.11900593484217
-88.96551577016857	90.06883205970686
-104.03480324598921	-28.70079993873762
77.93098772697654	-102.18993475308011
-108.86328396924425	72.7721015350729
82.35206651169936	-120.08942335815998
52.192147342617	-127.87965461870853
-66.87136101466646	89.23580467955195
35.04034292810061	-87.94270316792709
-64.8422136085045	-89.46897782829285
-50.05629248638577	-94.42706156626858
108.39484752295442	-84.75675017972281
-21.29361025654103	-144.36561011900366
27.51588649385161	-77.17148122183043
44.45655899954717	-7.128147055997936
2.3235859672060952	-149.9246691447639
-6.591328043400733	-147.99404716360274
-66.65041289571006	-72.06599512734695
127.21367659798635	37.31670985366445
67.79896039268857	-129.3936576377058
78.22681486951646	-20.96420710083266
-67.12926496023537	97.36786608447984
-117.09612532822685	-71.24198961624617
63.13436474463859	-111.1382188949697
46.18954683978029	-59.324931049259824
-44.46548944795627	-141.55769468378557
-126.54259509106168	33.166114230577286
101.65186646470333	-99.42688785146419
68.32539971666611	-68.92865820770875
-109.0940522070613	-87.08475783107733
35.3206370774148	-85.20174724812274
111.66690019836864	-48.52198914557544
-115.48655703828202	-60.63053404114065
127.21615073016952	7.759153435469802
-50.67579753861943	87.00639395710047
130.58646636971594	-1.3399660650684622
21.494540224080723	-144.76188186041296
60.308440531655926	-92.20284399517894
-91.20114850532708	9.934831236092716
-117.55628048759989	1.3682845709796974
78.93191395748114	-124.44850780080155
-49.620977739493654	-138.41212404119156
-111.81945038400504	-99.83920304942767
-57.62753112709778	102.27896131249916
-96.65585681638694	-56.024853820212066
-68.65536740366507	53.230444490503025
-105.46089913763142	-67.39155065982966
-35.96123625416469	-80.81267487229233
107.7713776887613	9.9002817839252
-48.89630303967013	-72.89801256990887
10.305171708123952	-63.75119966839261
59.303298984661254	-114.48267515743987
100.8844567791806	-9.567103928562943
-79.84027007339091	-6.889370726788875
20.646470021574945	-128.17822729989436
35.755924872188544	-139.14332673162298
81.9450723371276	-107.96570674981608
81.36433679102146	-116.77787699314099
-116.52019606023065	-34.48149946988483
-130.45313726164585	53.29919194374884
-102.83748745542732	7.999477137236035
-59.776538299156336	-74.72844758995765
-103.7859748341349	-58.30190711347079
24.548926709796913	-75.23612062265046
125.30039664231371	-44.5852027292219
-106.14756261497223	78.9574253015492
39.30408443446059	-111.05417216075523
-121.35657545978432	-22.026383350013194
-39.79690838537463	-136.85355094363584
-4.1643913104842785	-134.31851119665745
57.62187738444178	-125.02214179446455
-36.34206254639017	-109.36210324185076
143.29305342308118	12.794424047376163
23.637880304210125	-111.28869679314519
-69.29111715225378	-45.1996993277745
63.478762578246	-93.85440936772675
-129.6053685398442	10.852603132886596
16.95068974560532	-103.77948149660506
-23.155266547541903	-97.34077398830772
-18.03461833879213	-146.946854661386
-57.48177365465464	114.13594280162681
67.67995175751436	-79.40592896874767
-110.47334486546968	-89.52898437168498
