-43.75964191657052	-117.5096797291611
-80.32063666713763	-80.75623321745351
87.4954860811103	-28.450632273398686
58.06201143998979	-136.93832119129658
-47.85317741763744	96.05756779728296
-124.22369627280491	-18.45905963598865
-37.140906719440345	-133.1746474886725
-65.79438429323922	98.0222564857316
36.81459760531729	-76.88450814815621
-9.363345281508236	-126.22530669130647
-69.92725318234098	62.62033503297303
22.45291151107652	-142.43155521749964
17.584485580017027	-95.83839626479784
-50.68701124559132	104.86217627543675
11.548346580982622	-129.88995911441623
-85.13315467865584	57.21915407687036
-111.4217057414106	4.367923850419434
88.56364108126503	-103.29041428004398
35.038159486928414	-144.22715438788177
32.42333667628708	-124.87315658933305
-119.19827350206508	14.460286166616749
138.17459332395745	-56.87762805163086
-7.432153433974574	-141.50560245026762
20.997779787085715	-142.65989996048157
112.30261395073093	-90.25969725598453
24.048222541759973	-108.41120121327467
-0.180511983839372	-148.95309200323044
75.24082354965965	-128.8907468520933
68.98886929182596	-90.81289810071583
82.08273743215612	-104.7156257658753
-99.77236019354947	61.62518127426949
-24.732509290198614	-146.68326432038978
-105.20747009316659	1.4034207432792782
44.37263067824823	-122.68733232593361
75.60317143129002	-34.593373643974466
-42.239096257228965	-140.49380960729994
-82.13846364008246	83.0542125274331
-85.1357318758927	-116.81229582322234
-84.36386637575734	47.767609089291206
-66.3667260233491	-57.55234643855499
-106.2832497942463	-46.977627105165
2.503704183060384	-84.03320494854701
-81.1841050246085	-19.999760869602856
5.356140029185676	-104.15393050347275
54.81747687924837	-129.78547844230985
-55.9372354612353	-110.89489970676034
-16.689160009597764	-115.88796266564314
61.669432152833316	-131.97308561578882
40.3813789845043	-121.85194600447977
-89.03150861805891	-23.14772142349487
50.84927237165819	-110.25529090647403
113.88277663936294	41.76405531857811
-69.0537246174878	-103.60881483172439
-94.16805699265609	-46.154458692952105
43.32606053079718	-29.90663318318876
-78.44858503194463	-39.27324654849902
81.21453467513315	-56.425893330595414
149.4397329516944	-8.39747157575792
-94.38115175117863	54.940408488525556
-76.71661442837859	-75.94473722897783
24.4225476092821	-146.861096017069
-124.81459919485674	-47.53720222287227
22.09091765724038	-139.53078541278785
-109.93890716645818	-90.98785494298168
7.7218361050354005	-83.34308130663776
-129.7501902154271	-3.1698852259443595
-117.57463667246131	25.885596227878693
-49.21854825797977	-114.04059108725515
-14.06745109067644	-137.47236939474377
39.592069822324646	-143.94441473269305
87.68624694118915	-102.24439822850087
-119.46733997159942	28.994181103117157
-133.16239377611072	3.8801249340190225
19.61206717971482	-111.41232274177665
91.54587220360094	-90.58940807823055
132.1891297754255	-40.77285654812743
-85.43360404307302	-121.35099009066805
42.19866872281326	-113.87553535813964
138.6967462273227	-13.135313683566041
-97.83966923959349	40.71845503624237
-77.69643795727484	-72.67718790755916
93.3908417795486	-77.35941975843406
96.32265805800081	-106.62523192856173
107.6115891189647	-72.9260574606503
81.89345802376367	-120.00692480296571
-85.16957179375864	-4.883453650360876
117.0555282775159	-87.6426422382194
1.1000533267316492	-34.10024823873019
14.932714595197027	-59.65645759310423
29.74263431644403	-146.42624450068416
97.57880395834354	-10.966959244626471
58.859137845092405	-135.50587510421744
95.48488734781229	64.57145793659683
101.63935776746337	-26.790214160570617
-101.91304842683238	66.23905898862884
12.40826353584977	-125.6726591042095
120.6850819311689	50.305590184231626
-117.5168800062897	54.10845728019492
62.452345651949216	-136.3477618825541
-132.32231777654172	32.923801292351186
83.44995102946004	-111.26712867475008
-65.32279075919725	-41.37065561873405
-121.64940478730978	-14.554206708464237
-107.6050314392567	-85.78490835405567
23.952529348684823	-110.09001869502066
-65.81297455622615	93.93457149106624
-110.6245269261166	43.548931180073566
-80.1099796664837	67.97472895983563
40.191958513481225	-132.09260780370406
-47.83377736264591	-118.32490647312395
-80.83858466791041	-62.58906297515644
23.297795116180062	-103.86075413493079
-97.36472077242941	89.26124062212843
-102.96045647047573	-51.53511294959033
-38.924404361369206	-108.46273948100215
32.654922315127195	-126.44336219717931
72.76295891902278	-90.80282121860994
121.17592824555636	-54.43686246205927
-105.9073341751357	-56.51478665353221
-69.37511053668166	-129.91364688178427
22.960782523774512	-110.61981159839901
-95.68010229120809	54.21237071575664
79.39585076478961	-126.57525291587365
76.88745741087897	71.58198619412435
-127.69182863658324	-15.886926364674997
-36.2853485041369	-122.77384006124737
-128.6720683144039	-13.482145275733705
84.04442281061529	-120.54553552504234
-95.3205578466541	-19.050018744555302
-20.430611563727	-118.75925450421185
-122.3501886680555	69.78783092855286
98.6344816786994	-26.68186833552881
115.63674777472518	-61.314796932269644
0.8325409097503887	-138.71193185382265
123.35837540865192	-72.17896678646035
79.85723125561174	-93.30929476645545
-68.75178284667368	97.98486420473176
-113.02401213593907	-11.86319156133217
85.73503302109484	-122.75461464135286
97.57990076462532	-59.34518962221986
98.76897016439436	-109.30666109083377
8.300266363849161	-148.967672495896
19.558750279668967	-69.78881288723736
-91.0580271774818	-74.50388579262271
42.52622934328997	-111.90821588206164
-68.06083924371416	101.07890528243364
-29.988206992193163	111.91860757689604
84.04299509045016	-109.29194125080582
-100.3968406039296	58.336739623086935
-23.26608121573093	-144.8709065532765
122.8694414967112	41.966631832983396
4.083104130558548	-25.617423267475985
51.21653448168334	-140.1674842464804
-100.37692262173441	-72.54235427903944
-61.74282650809317	88.85423929286844
5.222964652219574	-147.46203316412854
-107.53437036585281	-29.537872171873026
-61.34664478324365	-117.38849167106554
-16.890330725751493	117.39394876203046
59.512017197524045	-109.17960100023373
-102.7646598172347	12.73216066989433
-54.64310799719326	113.48810293785866
109.2723273329991	-75.6401278301607
7.402430880092161	-139.47348627521865
-122.30136474792225	-71.09201066152083
0.3104747908504263	-79.19834904761827
-101.98134853535399	-8.815293373094487
141.57460438589658	-49.430555084782746
126.70831890006686	62.36503081321044
28.36195902694896	-139.03717523248298
124.55768771473687	-81.04602823909727
-84.61699915446802	10.431982859265007
-92.06924907787635	-30.7179784519907
118.05122755123102	-69.02956625947034
-0.9297252301249734	-47.47617540818469
-63.37067804755929	5.647446082480686
-68.06306033977606	46.611738675888745
43.79799571530469	-124.62875055863336
-123.13525244194916	-56.64558820515763
9.14378890976948	-118.05503495085532
-98.0897251844793	47.18433877559136
110.93672074450757	-55.07979678628395
37.959710412905345	-98.27193553076567
-84.05963455749637	37.621999193546344
-59.24050651471369	-114.57064141453263
-63.5792086109741	-108.67114046754176
-66.08386371737019	-122.71696606485597
-99.16765924909062	3.1229296749275077
134.28474542862583	-52.47022340561392
-6.797634493470857	-132.93347382490265
119.92260826553837	-69.50504866677379
56.55567379761828	-68.7700345526372
-79.2098458300955	-83.46794155063651
-128.6339346433509	9.816385149941231
112.49119815764459	-12.916540502381599
66.54707681573336	-73.3887488906249
-26.76053259228838	-112.18154205243293
31.31484636482163	-135.7537392454886
39.42217788803803	87.06692399225678
-10.37060336723744	-149.6087560048332
