-1.461767074367694	-138.8664344859489
-121.83185127863963	31.304109922758325
45.83795264533046	-113.20676100837282
-22.350646066263604	132.47090811041377
-93.2302377472721	29.8597830915191
-106.66202340335154	-55.22823897254786
94.9010316683698	8.697026233518878
-20.735445444106816	-121.68042104280708
88.59966098357874	-115.28601058650413
-111.21616840454777	2.909259365537726
38.7175530001624	-119.91338612249348
-4.595261222945034	106.68803614596786
13.67370076721018	-37.94215336739962
-66.72410328374099	-58.36364358568525
47.72268168362322	-33.89630975724442
127.9746501552527	26.451349174363884
12.017695552816544	-60.12038886722161
81.51219666509456	-114.67183944994032
-51.608772914372686	-129.01423568216111
50.40500687583565	-93.11226773057011
-12.391709465759659	-148.344960544337
-120.31617736451321	77.01095494459472
-38.61369263734254	-144.6233113644678
-65.03677376653347	76.29863326466459
-121.0336537499514	-27.75054194561736
-114.5146132686888	-53.957595986372546
46.44285868073872	-113.91439492800744
-91.07074627781584	30.066995189054385
61.313481968012184	-89.65556011286796
-74.80316815943402	-50.43642080646629
75.11181155066313	-114.23730363140102
76.96978763620773	-125.94492894964132
-116.51931557431227	-8.667694032363967
24.352984337690568	-63.177559637991244
35.17221781238985	-37.209291910072174
113.55634416654314	-54.02472202480858
111.62804454417133	-54.709280494310846
60.42286654827027	-74.60714156130108
-13.876965248512404	-106.22575305106672
67.91885494520037	-133.67145787528816
128.04432305461242	-27.919064138177802
65.30919811632039	-95.034156964243
89.80440521441734	-84.12636845580438
-42.19531635949487	-90.94488009566173
88.50081569571265	-28.86034611206311
-68.90048603260543	-119.07119877026614
32.87461468578832	-135.57663385150397
11.589345587823148	-123.17269580386844
130.62257337209405	53.7626560607102
-13.726143839206737	-147.61973768479436
78.9509595797943	-102.97694220694811
-96.17825095599939	-107.28070683994514
25.166972844586954	-138.20751558288333
-90.75540407748845	-110.51104821105169
-83.33911219736652	-36.58225625087625
-50.12366133473662	-109.62469162931646
19.490890746826157	-75.43545122598083
74.76792180295035	-110.53715379135072
-112.82787066734633	4.139611969115808
42.54349627262011	-119.75009078829184
52.933094724834454	-80.31205937544415
66.37842135390176	-49.1288676073896
28.698484954924925	-147.10572202625704
-35.82980388160229	142.08667774724515
-116.59842324545146	-17.144493317115018
53.97077416469384	-133.7666606744986
-64.46287357963286	-99.17232427650299
80.53139299878636	-109.23878743216915
62.69391909147304	-88.03617201034734
99.18927555257362	-107.54147564890728
-64.95132338505856	72.69397046830534
43.609427373541216	-107.69896475486215
-77.13793455956082	-63.58427043469204
-17.7970595489329	-73.3711907905062
-110.2290496603404	33.03894541154562
114.41103422754787	-83.78660678247664
-139.32856762720036	-11.431844824884124
-119.39559673220911	-45.74423862970471
116.69730102632897	-59.19941690912306
-95.22178345692664	-51.66845168307237
-76.61590162853594	14.591905943675375
71.32493540826673	-119.44076526863451
-105.46441835212906	79.67907843098132
21.70071920651394	-122.75847917058753
-113.7800491057633	58.96222828467758
55.88996306648362	-105.13187675942699
-72.59148357960733	-115.7839357999515
39.28863999505991	-49.480345077589895
35.05372682672763	-135.24255543742893
-109.3022552479414	1.7501903108231027
-100.10081384351567	94.01706982979262
94.32173755910162	-34.360599389229385
-120.05402411753288	-77.98450258306914
-103.70046331988301	0.10505113123014646
119.92529602378374	-47.949821622299716
78.02739294612408	-80.12504373194882
99.56303686908987	-103.2717864812926
-98.96401623674336	84.52256436897268
82.96461084532604	-69.78692336595888
-102.06756240219131	29.765453787184242
63.772542717269346	-42.81403472992752
90.84814736339055	-73.88364501033811
39.13480125319756	-103.09735840566522
82.09666426146093	-79.25976089014995
-107.35747056936309	-97.39860989884895
120.39144503794148	-75.83143929748043
8.572446603255564	-79.33350069487165
-100.52799641051938	-83.11117757248643
-48.26853010329074	-121.44343603749863
88.0096157418673	-78.3068862371938
106.342971251001	-85.05967341639239
-113.4861823498509	35.97185629111489
-108.38184485936078	-50.875936950537614
-22.706340427889135	-76.25380934367419
-70.25935438958093	121.50795970573724
68.40017831764901	-85.73741869135868
-122.57119971989796	-41.43256433051397
-21.71939806471567	-47.86643752642357
-112.12689948315767	-17.534559183087897
-37.67906683915151	-142.60712258973447
-85.7025344779537	-38.03930079082552
24.010030573258824	-107.60158382327178
-111.78528842771404	87.94682117677837
30.347425705938726	-76.62742522442893
-121.89649772241339	-17.701905406022806
77.30867325611308	-112.6197805955303
78.09890300664804	-88.0226557167879
38.2344168569689	-125.56048556255894
121.08277171253197	-62.21719602164564
-2.3458631278174837	-6.161662091386401
60.58260309931684	-111.94018205320626
143.46546195829973	-18.348478500457485
111.0183592084947	5.5861143956903865
66.26032485625267	-103.1521014711474
-3.410635034777683	-113.76993235672559
73.87412437883386	-97.80535666501518
98.56182991814131	-96.72567173783975
-112.83206995697198	-7.890029126837273
42.31050812242391	-127.5621434304146
74.83188214681346	-91.24285752835067
125.16549194292827	-79.71963309059782
-20.288123052168313	-146.35021848866927
94.36196802340474	-60.84240564564592
-58.535424222462986	-117.5522683950585
87.76549726658097	68.28143979960406
130.12611900720364	-54.524406607945075
110.75903362488151	-49.45142339537843
15.810763496845013	-145.05035985041647
8.170136285849063	-105.71391342422241
-87.99041434070034	-38.735192330555094
42.43634321598935	-127.7665079034374
-3.4223799801348678	-50.448032360228325
75.53410573628392	-124.71323593201843
-126.33252386840397	-44.22646406854001
-118.84310889093135	53.127557354372954
96.44149397232356	-104.69225474417489
-41.48839859984021	100.46470171511092
14.248568298357025	-111.17580308331901
78.07424151289271	-96.90605201662288
125.87710493813513	35.966101275038014
59.49043489895948	-118.91518912800254
-99.24551679663132	-37.0611013207926
20.43966399791306	-57.768285102687074
-106.48008584814306	-1.134968543030598
116.46971774321824	-47.57542515196845
-56.70547329709102	-138.48508627143178
-99.27851697852853	19.097975980117596
56.65755433211044	-104.6277851049143
42.45260072573152	-96.62658251459598
-30.32513140003672	-146.56014347430525
-52.16375496723876	-139.2837325674594
28.234933288410673	-81.03003960404882
38.77062350655594	123.66773562190009
78.34300108703344	-121.91234485428664
-122.30183695742502	-5.602387295182628
-96.72516646114286	55.93101862461345
-79.5255496104049	-125.6747503056888
-46.907502709774874	-100.20309574697777
-76.73724044723109	65.50732322942324
73.28253906594745	-115.25193941577629
91.44532372228952	-109.80545782401482
-86.49167886289173	63.45088595146535
-61.304739010001946	83.53573931143528
34.45765168680989	-132.90479939690456
116.40386492524024	-22.76445087902373
-102.78841727097353	-24.164659969347735
94.95109751237521	-114.40759715650805
110.5490365124085	-79.07503497588107
59.08858157634207	-135.70870865035863
-14.896833388643783	-126.53703676223338
-65.165838092175	-43.91531633586884
-67.93436911908832	62.20552330249398
88.19549106388641	-110.36794740884996
-77.26318659198407	54.949593635715544
20.770184283515718	-95.52758655601166
30.64809505976908	-115.01226265328899
115.44869136058904	91.70544713326878
-119.70298898670319	-3.4959012248304853
-12.085432292729445	122.73524928491008
4.896257943233699	-122.91091350201282
