-3.395691051186729	-128.7533782613571
7.983664774988649	-136.78354457887576
-52.70025495001527	-89.29346031518044
-8.41288566037215	-130.57941857969715
35.552592196842284	-73.23179940218398
53.25367243686729	-125.77852852831661
-110.31058049606925	66.9365975059621
-73.65321041606842	16.66021366012632
-108.3239107942611	75.20930874243406
-123.53104189518123	23.121266364502763
-84.15057746504706	8.379618405885047
-72.12664416185255	-125.47780417139877
-92.35951292175628	-38.79827294080334
39.6748974041237	-113.38048031832476
45.80413461054559	-141.23454828455385
-136.97430541374783	43.11286727286314
-126.10560240927668	-12.277999915103504
126.7485690876413	-6.113048984426797
17.548250881218063	-100.09930009349536
43.228228642299584	-141.0252891568156
114.25837375691434	-79.69396186741861
-79.08324257208443	-55.4621804460071
84.45123614588148	-79.96166311996691
-50.60616737790565	14.206438103742764
-97.59491723341431	37.98321924290395
-73.48089598339722	29.516276494948947
-84.75635696409066	77.76596083074085
-38.602566616050105	-126.34901638305797
31.633848671382275	-68.22467523060027
106.4420243846977	-88.03702780148106
-25.903478451730653	-103.09656992859104
101.43972765551972	-43.89230683920331
-53.24799844479381	72.86913815792153
-83.27208759054162	64.40108042542346
-118.0044263212484	-88.28402230434078
-113.89636493371921	61.427569498802505
23.359543249789493	-107.27851096597554
-96.6223358184326	-53.62328354962214
-36.74340546632513	82.24211257814206
-40.16363954373765	-88.4427940026015
47.81184485398172	-122.99976760546748
36.60322485569666	-129.07695966425808
50.299317061939654	-56.82551444576328
27.40489262255441	-140.9580745729713
46.69613424036036	-90.48098703255125
-110.07143767846986	-16.6905455314363
-114.3740345172483	-42.25105039419136
-0.2471868518957081	-38.68410917472125
-107.83542050467486	-30.784152465956815
76.69372327731416	-102.54278052854481
131.577503609081	-3.8198052690342044
-24.18617088296765	-133.8468107687691
-79.40017280401696	-114.12884567901192
29.884174688324155	-139.21059198389264
80.80850023839827	-122.08488954497314
-122.375147541342	5.373843504096045
-6.252922147850494	101.21459417771635
-77.95335040702835	-106.81850019217978
90.99723866783388	-79.13493808096207
8.161214373467342	-145.958740535762
-85.96981341433812	65.36488013413373
-15.56676923382573	-87.75684514467852
-13.019733417792771	-142.65685578342115
-101.89860793838733	33.7485109180309
-101.54606052005688	-27.763028040392786
12.608246866771752	-121.71462572968512
-31.74836463257802	-102.00841462599857
-33.30762219455783	82.14942375815154
80.49980624470827	-104.5390223829593
105.97825581097885	-57.17070740358584
-100.90467998996566	-72.25671985893571
37.05254962953783	-137.55085285734313
-84.23311401170199	-58.53433486748844
-122.91925363956304	32.946293602006634
59.50144850979215	-49.955696865425836
140.10952811072033	34.42208914179279
106.1402917756102	-41.13001566137598
68.56463670886085	-98.78634353158843
-57.84636439676811	96.3670017973118
-93.54120169448207	-112.55342005568694
-48.24422618120565	-125.19025217835943
-79.43462460910261	63.77935451838475
56.212540332407045	-99.12642472686593
92.28019986641581	-52.87929834168225
-107.96423290428329	6.104641361605448
-9.333353943146882	-133.6217790633723
76.43543972889233	-123.2970652750032
8.273305883017242	-126.6294799996052
80.51924792165363	-28.003916355411842
-103.57896037687968	-99.66681295156273
80.86354303494298	-121.50076401400192
-83.94826626363064	71.84193413528182
-86.04961121989311	49.30118598750476
40.00087449827159	-132.674132977379
82.62334279000628	-9.384622465340474
54.62622783620711	-77.28464127904101
-70.55534868736943	14.2884989364092
14.324751902404818	-147.24692579572567
-112.13309444505448	-10.776751334710008
43.274632225132656	-135.6625086332542
47.27206085290552	-89.3211043582919
87.51241866660618	-49.13831292123371
139.3163811817893	-18.921916407272217
99.22585110346961	-65.736230593309
39.913549478277375	-100.15036726563956
107.18309723386426	-104.28677337503285
87.69274727561947	-83.00109586460597
-49.21861816345178	-74.63075776400571
-63.507528875929715	-108.58990849448736
44.11152901382952	-143.00618869859917
-115.13192827648069	-13.021201170373221
-102.42249992984242	30.032726914342692
-51.739350687379826	-35.566562910924134
-40.81789238604655	-113.08268265525942
-101.88193639074554	82.93039779530683
82.08248719045824	-103.88653172003602
114.23380312799073	-24.780153812338956
60.040521802634025	-112.79733719886751
136.60566160120294	-42.56048538060564
39.62634507430271	-121.70141590552585
64.859145140813	-134.4451353467564
-7.505099353521597	-148.27457254113725
-83.09799555383245	-5.16039218803224
-102.15765808609609	90.70050939737499
99.96666596614752	-94.93678678836919
-20.81764350953746	-140.45807037132457
-103.98475067809605	69.71080203720327
-112.09941150484147	-28.78794444177969
42.567117055328694	-92.37619819466519
32.17883101483404	-131.703467908312
-134.5657312923941	12.189035628222845
73.54033720816997	-34.538763357035386
-34.094625855086676	126.8541578130547
133.48339552604128	-56.47300303689345
-65.30808861267661	-64.44890056483078
126.69494785134262	-79.64064190437493
-51.17354083466258	-120.23016464713169
-91.29577108583237	-103.16251178062235
118.71547359826639	-65.34408520279187
-112.69968754561133	76.52549866332117
139.01197943257455	-22.15687198175917
-48.308450473823065	97.23008145338095
-90.04594817465559	-60.321980573260504
59.455982613688874	-130.39156738310768
-84.86704594776408	-70.01836424269175
-82.7290563576912	15.714090982080794
-30.77293787555256	-121.48028081156694
15.204150371415023	-112.658587660629
-61.89671105142704	107.20424346461314
41.72342797800364	-128.3728836756831
-25.10977363186031	-133.49009923016385
-61.46742510395072	-72.19540434198198
-85.12036925553723	7.128956490690698
71.24972284016675	-66.99375524507676
-72.00442743477142	-74.17619034490568
-75.5921844314168	-101.77920489417734
-50.21373523325252	-141.3063338196931
57.2154054692662	-122.73252514922957
-113.96963347155852	3.5374295916094383
127.11108537931587	-58.097515033858514
120.71306917581926	-85.24082461765296
104.71344747940378	-0.04566812066986672
47.44826098142413	-49.308330704715914
8.516583207461	-148.30207758277828
71.49187476356731	-45.15034023760704
-9.364041752463258	-123.87614875823955
-41.82267230979594	-109.22699546342174
16.753395858387073	-140.67140874450303
-52.10320939498033	-113.2769631682556
32.61084879903953	-114.16812392293667
-108.9387568793309	79.61557961648137
96.61120776292182	-37.58706658926638
-95.9865235701309	25.061249822091202
81.45277601627372	-111.19156619563331
39.24826627247079	-144.73549416733013
19.23182110021973	-48.759848740063546
-112.6486336355967	-53.653298433441954
49.50969362868092	-114.05383137943282
86.85979109224888	-70.31677952443002
-64.4082561312016	73.71715617070632
-5.4676412384677375	-94.34613584911368
81.56820611404369	-27.633714726024134
-126.12491503866491	14.638164001090177
55.95524984741681	-55.087607342473156
-63.71637714229352	-96.52190644236727
97.2651718981088	-104.22882306849725
2.9207383346681395	-149.84799806403413
-86.84508959516752	25.333655607242623
34.56916592700247	-110.38923879052008
120.49946107039753	-88.84576346848817
73.7419511896992	-26.81018119581972
-79.78587266232779	64.35278155691446
23.85231131011131	-81.6911427192763
7.142582810028102	-121.23479717328001
-128.24676613202118	-21.169021945383502
-74.27224826614169	47.30845322615328
27.225737756427062	-87.34251184517501
-102.63982769273098	-17.65158641774869
-15.154124802579823	-68.81189598805021
-116.06232086884134	-45.202730580414766
