138.51517314866075	-28.746474031844716
-52.25992739509479	67.96843576811108
-51.37535307920675	81.2100286162891
-72.14662359109995	110.38797302274028
23.338531767732857	-67.02900965788784
37.605494064658295	-127.94124684816438
-81.63289934465995	72.43527330285998
96.54263975928927	-71.99804420263138
-48.180797604099105	101.18870235635029
-35.754629684668586	-64.15021883294746
118.42188312714842	-42.548355011291925
-93.54264079170827	-28.493324483959043
33.425205819354545	-40.40910579006433
123.69445795259121	-21.50526828575488
48.64230787418278	-102.92003606235902
74.71052766677322	104.21203644424811
128.67198133696013	-63.497337900296735
-44.11614365703899	-126.28404126102089
39.92696868056308	-115.80110335195721
7.8567866682757055	-131.94455638582616
-4.074281273349639	-83.8937345014889
-112.06356242426834	-51.83900926501417
-39.76557199525711	-129.76309456557271
-70.89394332688869	-74.24014951734696
-124.17933372154657	31.94280228281504
-77.03822212498207	76.40649268805784
75.46490344834514	-92.96219710190906
-59.672160828483555	72.21847321162325
89.66992796107509	-97.36806745520727
87.09780506255719	-98.75225609126487
86.994663644312	-110.8057544916305
46.37129389189425	-69.06897223722774
-63.48485248228644	-56.46290315375038
92.10244940725008	-49.38846383175822
-117.37670245802975	10.324937886932902
-63.6210631660111	-98.022372143412
64.01878330545851	-99.16970932407858
101.18720590049817	-104.34971176351142
-103.00356955129712	20.567835979045086
70.7420467791477	-79.42109874726117
-121.10098021453838	63.02937027323383
-107.8759678250437	7.221394646428788
125.81417995670735	-33.593873784549096
133.14932872337937	-51.87809838113318
-13.267790751536545	-147.7099334172864
81.98995658450649	-123.43314313395265
56.24498074423987	-87.83735110633728
9.211657489522793	-144.37282092161195
135.1401227379401	-31.197417156186642
-31.240038992875334	-58.87126751277825
-67.68025164716359	-89.37736286737182
26.773259001487467	-106.31878624955313
-66.94537411497639	-79.37146114355791
93.44862290759036	-117.29728727721633
-67.71772919624557	-83.62001370467615
8.067257951523617	-36.32631687724374
29.98538681884163	-119.68293566255079
-20.753696957495784	-133.10541319144696
133.62914557465814	-58.113409234749575
-85.54447840637404	-104.18967096294217
-99.62144959320364	-98.2124439743693
-83.22854212766367	-96.5557348074702
-26.66409250922802	-128.54902208102456
45.3325655216146	-110.80755440091565
-89.81206996286454	85.5807187956005
55.79985928499095	-128.69328885756082
53.18986457661916	-123.9965576374807
-126.50222139420454	-13.43319724669808
-114.66293240614286	55.24175145950757
-64.18016659206747	-67.10615476688221
104.78563816302358	-52.43050772581019
16.582946752717035	95.67062019115377
-113.5577057357015	6.766098177593288
-122.21530368394235	27.82444610908726
62.43874691663433	-113.44409044092185
-30.71165462462461	-132.95539282775087
-82.10476840733051	98.0295700015082
-109.61826448572228	24.09097533368149
36.891777665992485	-63.14019857272467
-73.62057052692366	115.11095985598567
85.59635793480244	-109.78388887362284
100.02875412546663	-85.99839641550744
-66.83009887419311	-71.49936857139953
79.31039314298664	-121.42484650255405
-127.50685055223826	56.92458264312607
73.06492413560272	-47.54046808952427
43.7362820624764	-103.14802526759924
-133.91153271451844	-18.636982491549276
66.1179456992005	-128.30346921925548
36.43273096668795	-129.65096651540532
47.06632745331731	-119.67928712412773
-17.766177684786218	116.54038736503395
107.33320549390699	-65.77366563560324
22.014309279385117	119.28803649042997
95.05008080111924	-82.68560570553751
132.0400680072904	-52.52610096131509
48.36723575333685	-69.68081930876878
-73.80796184408219	36.34431042504894
-57.69255738644832	60.55236694416295
-50.45566598381018	-102.60900223065507
2.2714007563327843	-146.06632069003714
85.81513424465147	-43.68087142230349
-103.19879230465096	-14.656440464284598
34.66129212080702	-75.60130054977189
-21.493745806769972	-144.21103894739713
-2.6927763685793256	-80.3456182937608
-9.900758924886965	121.65830562605365
-109.82346883662021	-1.092589077420656
55.4959534055879	-32.97323699075013
-65.43478408602347	114.9045250468279
12.891586389535739	-79.93595001914746
-98.328208638621	3.7668579109975524
31.03887706698957	-40.280901488534006
69.67635880637263	-34.65703608002627
104.31925341639739	-106.59443765359742
-102.82656494817336	-79.0951099417758
80.2136914005657	-126.51810787879187
137.9972740333125	20.499555770931156
-114.4864097336713	-5.988572076569435
26.726022667158563	-102.35444584905868
-73.63363637885257	71.18009507839243
-16.394600820829993	-130.08634757873014
98.22653891480982	-99.81896067583375
-30.686369660023114	-119.84268171797997
-1.014977875008476	-79.28016878123782
76.07120447960347	-115.95243732613027
-51.93206533700777	8.967500013832996
-119.95550641416438	-2.7062245493437462
-54.944458490586186	103.75343035191023
43.17917224798587	-83.42998162710651
25.518397226906675	-105.02404554318795
-127.04445435488839	13.212789324855175
78.01858971689076	-117.29042286012647
100.18527163371343	58.09077644318257
121.06214347110738	-75.4144166551018
-71.82767018045396	-81.23729848375008
-23.06585376165955	-84.5403647733578
48.858389218529375	-134.65342679104586
1.6348028724881647	-109.66708085115415
-18.366909648936264	-102.05297014483669
6.864303565883268	-128.86664797926184
-101.3498216985543	-45.56451475041492
-4.472438078973152	82.60454642030167
-8.404429702646311	-132.75753522007307
29.10213702968394	-104.81167692872351
-77.61709673598473	-61.80157791080847
-47.99903330255567	63.543272796160736
51.0171483433975	-120.43717760550194
-102.09744093400835	1.2229770869715184
117.31926911892097	-73.18936661374744
-61.056732669999434	-82.53661951005418
55.5380539318134	-125.23789713134401
-16.17400613342405	-105.3504898949024
7.795459932332592	-121.32695365138152
-83.5810771913302	102.53909998492341
-132.628995935045	33.47571553947429
101.29742451391996	-80.39822498744014
82.8808759816346	-116.89907685725335
-114.32956389469986	46.49833797437976
133.3818554827361	-44.71784205244993
97.31732510274232	-64.15793779568548
57.81263830384361	-106.81418337664684
137.06964809618998	-57.88154137754057
65.32520849026925	46.759710791910514
45.206590146945835	-140.47977196092572
48.73071810135511	-114.29982046761168
-17.417805938112622	-148.426847978319
-88.1780750987411	-82.11527536397799
113.17821236546679	-87.21210278546523
-138.77563780319994	-54.34909052992381
-100.49585496176206	-89.02951397364397
115.72209414286218	-91.40659541743427
-6.138044044406768	-96.01777757685139
59.4146128432204	-127.66209416424323
-39.081180870349016	-106.83274369272482
15.303707823496643	-106.31542454190144
10.387120051701286	-120.28292825505717
49.62599452976581	-111.87788946602973
-4.641787284479509	-131.01556928532852
-134.53100966351107	18.647199179057466
-68.08843952771525	103.39863423982177
99.80027574521576	-76.5875125372175
-7.464016287373797	-145.63270050088042
51.80259377989731	-42.508075162306326
0.5975403126837694	-19.382233095718156
44.34167625595276	-69.68726990890376
63.5453709778964	-82.41485221862895
-36.97215038104505	-85.26129951021034
-134.14647228127725	7.568842451501585
-99.08582161658101	-79.98814058897001
25.08950185380312	-107.33785974352173
29.915373508695687	-132.51940858880278
62.80255861035937	-77.20797363993144
88.73981757340735	-83.62022285559593
-101.98502883283295	88.34821323880597
-36.06229533409691	-137.2356164360866
-43.96650703946819	35.66858749154704
-117.26570873833053	-62.790297847923604
-23.015212272302858	-111.52455331513615
-129.58278617555806	-21.22687543981616
