-87.88699764994615	-75.7516213738907
122.7592311788828	-64.4277356442455
105.84045266746028	-103.6588094412891
31.49733728443623	91.85884927650933
146.63928642233617	-28.909901399693197
48.79191487263841	-131.90256059212317
-113.27818061049895	61.28111235518444
-100.78468437225585	-90.17634184879958
25.092331902579055	-142.03500806453707
-33.62199382799652	119.56582598669492
111.47941910733894	-94.32658816973459
-4.787893142428936	-131.1287959767812
-108.6168350643748	47.11231042156092
-114.75428691719638	0.20212348137359287
72.57157761165035	-76.03167289066506
144.89332972437407	-28.03662075459928
-19.982096666593247	-134.78878356174923
67.29023716077315	-104.86431098447181
-99.53613804149137	74.8563510818889
-10.937218965377731	-108.24240032622927
-120.73594947952867	-7.565055817588676
-36.60958300984047	98.30066724886689
121.90698594423418	-75.25037072988293
-110.75350511834141	-4.630754410111325
-101.79457737748774	-101.03010437164481
-65.9192439509818	-60.14266951359414
19.23491255068578	-60.15012282146985
44.9555042424063	-121.42186274085469
118.05638407669508	-55.98623474386409
-88.77344076507771	43.57530886650661
21.333214816181208	-139.37431377905367
-96.36384633624812	61.40888773047196
91.44063437607302	-86.20556613310333
-96.72299509909448	85.40190421538414
73.6844811670914	-110.62789213830416
44.889800335553666	-140.35123265855842
37.0762006687443	-96.75488258604172
73.26114824467734	-94.67226210161931
6.587343141107219	88.86547060146796
-4.296870601615013	-105.17284122898424
-97.94023875687766	22.66876121834663
98.55612767150139	-97.52868909306896
13.917921740525756	-74.85420342388379
-45.04910571529555	-135.36057683093674
-112.39221598535342	-38.976666055980246
-37.70482451739826	-126.6378628704062
30.67362342397146	-93.16807515910014
9.106616688049883	58.43489755432788
131.44864240122484	-34.19966693918703
-34.33865753054502	-145.2096263959563
-58.45209968539427	-136.14316068669464
-102.6616593099106	60.73899417643163
140.61457565711078	-13.700812097727425
-101.8670939674464	-13.284237327073283
59.15536238930651	-118.18257159652447
-6.126931987017064	-135.89743669833214
-40.22329088254019	75.04782090811118
-36.6042799958683	-132.2192115256351
-25.75580072301588	-87.97654057232543
-23.31767068424725	106.30229805969549
39.370461040551305	-93.27925124815019
22.75634119937545	-147.21722424465875
-45.14912855749156	117.13556256279013
24.361136621308003	-133.55561057061735
-119.32627582196874	-9.490318481203667
15.996362640701348	83.6721071361291
-70.30226214213367	40.58570179221301
-72.14406794376733	-105.26980711299193
-114.71751237534124	-45.52834855143235
59.578046704492685	-71.43605434310216
-3.1100962940513086	-137.85257209987768
70.3067522905771	-61.08509577309137
23.116011433294844	135.93666353573147
-101.77541595447427	-3.7395552661080624
-4.6591069988782365	-76.3948122694729
-100.77909857831979	56.34118900153095
99.34533244197958	-72.89493381796875
46.42607139945627	-137.24261525774315
-63.67957365727774	27.870819569496017
-98.67955875969318	-22.27971354772804
94.85434798743415	-114.6420759428247
19.870088637857606	-119.82610642919192
87.40195521113263	-88.17895666210858
-108.61276331550312	-70.7224077984305
-121.92255674800717	-42.979171373489606
-9.945561476548576	137.7093384567321
-66.98864509793475	-120.7660053045859
4.1112719795963955	-124.33900320102877
-106.37669481656597	10.020013417244122
-113.75590987498575	24.353384612736885
3.448637044885979	-149.65137251383703
-48.695225681250015	-53.10699958398665
-9.621702178979834	-140.97212236843322
-61.126212937089306	50.953747796699325
34.329040090549505	-83.47831877761001
70.04225852195452	-103.93432884338293
-41.998594535946026	20.663429681492328
79.16155870556817	-97.21675367960985
-67.04293387385601	-23.683504274459025
57.0246445157939	-120.20704383193444
38.846856641754044	-122.39497643010813
-21.455571357761237	-121.4977799601208
-29.55027925836793	-100.19381784370657
10.965901212831291	-109.23625840204512
37.791430029721226	-131.1806020700469
-112.74031553176246	46.08789444083454
-51.34749078247289	-115.70529032341153
89.00381620371599	-120.65440768432134
-80.99218402402441	-93.02667104646186
11.262487276852372	120.4640810208201
-68.53176645259653	48.73325636036652
130.7692595110758	-22.54222419267597
-49.146574446173524	100.27802517691528
-19.874066658883223	94.976948174754
6.100307884730504	-111.69201365681609
-19.396983463975616	-137.80580760584874
-17.213298200531295	-126.68802742666574
36.6346765096541	-132.34758507913136
-42.64794078623561	-126.49201062529835
43.46713714146447	-141.94093370749894
14.079171453905763	135.81747894059356
-87.12049689004468	8.12897067497024
-37.43629389356467	-116.18174117763358
26.987789040664723	118.69946793218551
48.02759877833749	-71.70451145195355
-61.48909915649477	109.80169175000061
83.94342078604662	-119.34743274977015
70.43576925436344	-106.70806334203093
-131.92067947832095	-65.78659308677284
72.90904940187647	55.461022185359404
131.27744862326125	-68.23910596186423
105.27917625784774	-47.04113652249406
7.9736010993786	132.1214623874388
53.992326328164815	-127.63218739553967
26.069419700880765	-126.67490347368907
32.46304682162826	-71.12112369318311
14.320343170867154	-128.0917623067052
146.0566567884328	-25.355699088250038
-103.56056172945593	6.503427883569556
37.33516007371705	-65.43027091674708
-49.99567310296103	89.29725691390878
3.0654024714097354	-135.81142451065114
-77.66693707299636	-122.58709977835004
14.720247904119118	-131.26815674870184
64.99427438977361	-89.9440653675655
-54.942617812927296	-131.49933155995987
76.06236583563899	-41.89387929131691
-117.47873911819673	48.658436283349715
42.33620443698603	-136.77620313015328
-72.82027993957583	-88.8700183203225
-101.364230160882	47.97539351327452
1.0472891837169425	-117.23138670385563
35.40934436801417	-141.93239041169718
-58.74021707269754	-107.55361129742617
91.55881936028969	-114.16329745836555
-113.84080165121053	-50.13725538666666
115.86965436394503	-78.78991309995588
-24.056668208540867	-121.78571390884582
-133.67129975321495	30.633925767446136
-87.49545656686928	-110.61947396310276
33.75404847546808	-141.44305993991853
-6.046985301425525	-52.40349056410719
-86.8891904937332	90.60293404998386
-85.76068019157833	-91.70440091406763
-66.24722242879696	67.9388192003372
-86.31274785787157	-85.551686035553
60.05406769472365	-134.57218763956436
61.01851035990928	-76.21587297586359
98.80893985339453	-103.23460487719764
72.31735056482282	-108.39741268648024
138.05813039071452	-48.00196213079829
-56.259829399270224	-32.40952277016842
-7.995213360769381	-133.3846404086203
14.304495393467924	-147.7838113733007
-59.26265897084703	-126.40751547714532
-48.38042645141423	112.68731917937163
20.280985328103743	-133.12309335900505
109.19888914607962	-93.47483551508523
105.91019507946622	-102.68423858179366
107.89490414833818	-5.793777563055723
101.68131026498627	8.112224047023464
-106.3381759308308	-63.46804922172345
128.81197621067855	-67.20439590671741
-31.74646012462952	-128.2160592512202
-115.28198404373845	0.5100465543075666
-59.62865942286146	-108.76891621090269
-121.74138063002228	-37.09303796286106
-100.81518661303349	85.14347692517269
-129.8156516816226	10.773972200679943
-52.189592268525914	-138.92868844823764
-34.27429256627673	-116.15559156903664
111.0374735609236	-18.33017932084635
13.526115066702863	-148.02564297164005
67.99894337376725	-121.32461955410626
3.0869769637111717	-147.42841895380172
3.8563618857803035	-146.92907928696778
-52.01598326611469	-120.2439794237583
-74.61574942548808	-63.49858939719502
65.09149309650914	-130.9373206636163
100.9379273728782	-105.94802055041151
