51.89418501516184	-129.4724091923196
55.05942490899915	-95.4291357048042
49.97663723881283	104.80212607708383
-43.66014888975723	-103.42272763267428
88.31155256369992	-54.13859852316831
-23.28338543490485	98.67595840642981
33.10438968013864	-90.53281638318187
-93.54006840732785	51.23461973514262
-21.522812300640187	-111.28700941563751
49.32796722933328	-140.90207324787164
84.78116419231057	-115.3413541120751
-107.84826903171172	62.85740812309682
47.52967893458611	-97.28883731863358
-22.840775962724475	-93.16976382529461
-75.12892896629236	-98.96525668307413
96.63136353392355	-114.14614180715421
14.527867010925005	-126.42732646692743
-57.097643083280346	70.65244376405207
22.55508806325004	106.84317055706832
71.24312306778964	-131.87412356492982
46.151685072659376	-126.23118991269162
56.43875780789323	-100.50931245225038
20.489018618844604	-67.38700766193553
-75.0282450334704	-90.1845862650717
-7.803256766961716	126.51315789917521
-11.58701171363158	-59.71314874574626
-133.43345040766258	-49.383270952720615
-101.52001748345795	37.96348769461418
-55.61736547350069	-123.28970696703071
-93.53978151606954	58.97692834308807
-112.79911646690329	48.576030796681856
84.74268088854058	-62.28192819509533
125.60411791757106	-9.095608075360866
31.78527837373405	-99.26234714646141
-0.8806921823283248	-134.49234254587876
-21.083039575722395	-79.66234369884896
13.406293718622683	-147.3354294942177
19.778956020508335	-134.07434746579455
81.88770776286634	-106.47009218789128
77.63514742418973	-75.47342720998341
25.375460212076508	-104.67829770074887
29.23769085364679	-73.35781827066698
70.72563731515694	-102.45764016100921
86.97435622030456	-71.66398398773657
-139.55751796231408	23.611864904041997
-6.716685228370894	-146.89883584606648
53.64962555506038	-60.34324513124627
102.27997425728307	-105.62768179134146
3.5733552528705834	-148.28869237096248
-5.750066270838985	-115.05449070110097
0.658900310739958	-110.12773651089061
-48.83364071979879	-89.46546079445598
65.56800511002729	-133.27783425765602
-67.59645539520737	37.65926551008256
75.35696138926698	-127.57921011536492
53.9251107840837	-80.54591059911789
-126.86173669806398	-11.808106772066937
20.782604540661538	-139.1608098600041
47.826081892374205	-136.58198018545383
77.53098277176097	-123.58465608654815
-130.38935389380546	34.31795296394823
29.252800439292113	-137.44172214928423
-60.15980829496228	64.03542614055874
-47.20183539641889	95.68504281374956
107.02173135993095	-101.8783385048873
-131.03277138487132	-38.40886406537864
-74.24509074429784	110.389624904189
-24.724932187280448	-147.4430570174024
74.23271927957127	-99.89836070699734
-92.51508569288349	-96.74387861875617
-94.47271877401738	85.10229385546646
-129.0703690099672	-34.68006483408883
-104.2817881272328	18.487407605362566
72.00665601834977	23.424248153989254
97.87232794538711	-97.23961152130367
82.82305707794103	88.68316350028168
-35.15626696238337	-126.98470381403811
13.047386248020116	-139.79015796515472
-20.31644580395743	-112.68557761275015
-58.597285773409645	-114.00920971602281
-102.77306638385991	-66.99759273268917
57.93637152970829	-117.07485247141285
-30.17220380270526	-98.93716339257024
27.09448999541021	-37.29023591885279
-104.76716245485137	72.34318939462345
-124.7041812255779	-1.4735727057410322
-113.22554247910095	3.919224569635165
-73.51830714305494	100.90907623522588
-90.49257482516316	-84.3701858441372
115.0431232202473	-92.20871945538082
-10.411822435640314	-147.58417900770084
-80.88532564835877	-107.4100803048124
96.08200126820732	-97.03841153375187
-116.29217468175297	-38.36301145232088
-105.39684237611812	4.202255824620826
91.35576683983736	-44.615614976403144
-115.50092818481806	-34.29894225956267
-127.54585668291213	-63.7583044738767
10.90549498141868	-143.72927612423422
-82.25851498177495	-66.01156867903634
72.3728493967336	-125.71810332049908
0.013866796546179488	-148.13574101105795
136.3233120643554	-42.840854235721416
-48.14547918743051	-110.31614205352825
32.6675126795429	-131.25938174001564
35.86159520395738	-134.49388461846243
125.06810486272984	-41.46524192541412
-15.760713116588978	-38.439922451476335
66.06898111784376	100.20973963046313
67.96119688951055	-72.13231574328277
125.87390495287583	-42.52733360570615
-119.21192682884711	-56.645150707213965
6.410986565169956	-116.5433108553051
-32.71082071748096	-142.58259768488585
-112.45243354722997	-72.03340880145706
-71.75580682645828	-124.25499910845733
-117.33786797514817	77.73076011046881
-62.00388134779324	-101.46196856878308
6.7778691814607654	122.51856561556775
-45.90160221949164	-108.4298856323116
25.280581170929516	-54.98685300498385
-95.64054056682704	-92.53995602476381
-68.79673738064096	94.3338564079208
-95.30020259314159	-68.81394720859892
-83.95679946364434	87.17602154990152
114.47660229543756	-94.6693330357914
-100.81307332520359	-85.668577937158
149.1779821826122	11.768663705592372
110.31682582743753	61.57583774646863
63.693543289113904	-99.72590354656886
111.62287761814859	-96.75676732936824
140.87569747285661	13.776634928717073
103.55466419635465	-10.948290636223062
-117.24234844221192	-24.99410870969815
-118.1497087275004	49.498586491968815
-34.02763621769628	-128.15978709590595
-125.81367528355301	-51.62869288332923
69.41990544431577	-80.61995536587756
-92.78037612285009	-40.4563092921548
98.22811615425124	-81.55084399444667
-121.0999914426512	45.18246915113056
-112.34393128188171	-52.01652330608506
136.52654087152766	6.021482298513242
93.44800641263046	-73.38676413083573
124.68707523937694	28.32285128857049
69.57656611646075	-109.15348409552023
61.70971659079925	-34.58190919952145
-106.37294790771898	-5.011995091307802
56.91352492569889	-134.6829385858323
-126.13313662222035	24.558194444986153
102.3720229570696	-100.74494801428644
38.184954624280806	-111.80196764398252
65.14826916561411	-133.79604513391936
-55.30565133575756	-67.28526154282629
100.20909185561823	2.136941166786791
-100.78951603611637	-61.550994814725655
-78.48107599942115	-88.50935403283762
-82.06557857477999	0.25270659020190905
99.51263944556439	-72.74637048401412
-118.43782791928116	-40.012294673885215
122.94499201681545	-57.98063948586204
-73.88191522405363	-112.86580816472917
-54.645378194725346	137.01646283282028
25.819163922831734	-84.22406779414028
-115.39684843652513	-19.704288644976483
79.88495020090484	-124.04854275183362
52.61442755391784	-134.21225567752364
-26.279747873874815	110.00579973940955
-90.45729602136277	-52.61122140706874
30.48074344481016	-130.91497101665365
-57.995239304442045	87.14784991484028
-104.28828857372326	-51.20396185940385
48.140384668337454	-111.62380433434701
98.39308985535773	-84.29702709097467
-74.31501616679043	103.83122598835182
133.79051596407467	-65.90722610069115
58.56159675608401	-138.08569568667104
25.081181410434986	-46.51129289967014
3.406211925787686	-57.15176138163987
-39.95897718816448	124.13598750818474
-61.66457678299571	-136.36978716971336
89.25373485066422	-113.83234085948979
28.771703689992737	-73.50189220377948
126.61599877494922	-51.54724924774041
-36.66820121022691	-105.95865496342984
-63.49047280427098	-110.68462993385583
-111.68780317039504	2.8703739424271624
-79.38087885384704	19.220169816518148
-117.35760875973777	-31.468263831815438
-82.9223778484639	-51.54454444108099
22.877438212200524	-68.75103841292112
77.17338322951751	-126.09513549399554
15.99657128202313	-147.7331316185949
73.79919653712051	-125.15863332001602
141.8780878509142	-26.3827215209817
-13.321084021255837	-128.89670375611837
46.3240959914969	-131.77237722986843
-50.428638687871285	-107.86791902364794
55.66456872739584	-56.328403017229924
-122.83332668951698	-59.500479342455066
