-89.50569373460577	-26.0283306308308
43.621413344394696	63.529166385901945
-113.55068871838289	-7.571858574386529
48.87803511187197	-44.370138125343225
124.91224134143773	-26.06518191819065
33.24099994810568	-68.77581550079442
-38.84374159001388	-76.86320785347779
-71.00013281742537	-27.02805245598659
35.847590776909506	-140.70373002930262
-23.924635311327425	114.46234677050526
140.52101812834562	-45.19240035010231
1.3927455933599397	-118.31867031848824
-69.14304993211108	95.97447933268155
-122.24459567969885	46.8828884944786
79.81377335187368	-60.259186701206936
70.19586829064032	-110.99530427743761
78.00633304781542	-62.61607603007629
-49.35688828621617	126.98865847883235
91.74442140336278	28.921499396512832
50.34714490900734	-118.92152979677753
-140.24423138289674	4.375760808933991
-93.12650121736257	18.71926296415039
46.49413728077863	-138.54725256924408
-113.81645728125015	52.577792825307114
6.954620580227326	-118.19302105338612
82.27005993324843	-4.008493090093231
51.09844580607694	-4.366414793716184
92.34801671026929	-114.38268353163639
-11.548781568282003	-43.693510037128114
115.53072848043004	-53.799039214986564
-30.9286117655284	114.04785013999147
-102.87457359843971	-68.90366973063782
-70.11009457627969	-96.55866670490391
-74.8077511301922	-19.86432492144057
-57.195259895972	-52.41302198644443
123.96097283750508	-65.70110128968501
108.99797965805548	-79.94809438466393
-85.89427884405849	78.83820613741412
-17.81223260164515	-146.69117751541535
5.594675961046682	-90.55109604359974
-111.58976235307752	-45.62411137742765
-0.6310666838752231	-73.22287279124878
-26.020183021362445	-119.43526536224428
61.736122085363526	-90.68398515395354
32.058531723501105	-130.9875019347855
-57.59274531003143	-90.69297419269175
45.7687495875215	-138.16256369550422
-111.52871159757207	-32.04275253889495
74.43786206512716	-127.28522589041897
38.67649607476973	-31.817320502696866
16.14041964812038	-120.07971179241753
38.871439034996655	-70.86702810186918
-12.816342183301355	-139.37694262875078
22.145468636787076	-140.77458932747925
99.95545046857322	-96.14391285871896
-116.52528089534631	15.037567213724454
23.619211972944797	-138.17262490518317
-120.56286338256591	-50.19570470412599
128.5800658010452	-29.27274301519407
22.332250365951833	-90.82024202238725
56.797654095446205	-104.88000229467933
-80.9778395118834	-119.746162359667
-51.33945370860179	-80.68205857513757
-117.98935348564463	0.2527422303555769
-123.20821538833358	27.253702829706345
-63.83598503242854	104.13713188684254
-107.46408369647777	68.33513571151948
-128.34184009980873	-6.41578566520881
37.25330566629348	-86.79693552629358
21.593509293138137	-118.9362254534419
5.248135121042274	123.26542007938093
29.26055792004553	-139.7959770066495
-78.11674868306784	-95.56987166166515
15.962500166135664	-144.50073483183647
-89.55399759790836	-113.96388002638699
57.848921395384494	-136.05121694533472
92.26232045216744	-18.691883198701074
41.55642753012872	-75.97745138151917
69.00529976342824	-132.30433962488252
85.83541507676469	-85.2841336633739
21.518714079726188	-137.10667535145788
-117.40812063560806	-37.63269771566536
-67.19244988741183	-125.91621228287646
-134.20189524455228	-27.04264800673931
-18.006156584924984	-103.83208874577987
-11.711017571666872	-113.15477748782173
90.11531703193027	-101.7721262096521
-135.91282834849255	22.188920108782316
142.9364015200374	-21.147534897220538
-13.581402166793136	-142.99923155155207
-88.86929366760238	-112.82498152579021
38.685934467367204	-117.6636551895678
-7.104982005028703	-99.17149421812042
29.79203376357816	-94.53822058320418
-79.09397913033496	45.99075914197549
-112.88886430139527	55.59693645526145
-81.23107642452501	81.88488057868761
95.25508008879194	-77.35628490562667
138.5652035149761	-43.773620543082075
-46.67840264879046	-138.2314027446103
137.3026620118931	2.8565324734016895
112.24724529341508	16.257266086615598
-95.71135900557321	44.32526004002795
48.1159214483887	-120.53116387012817
-23.191774935488855	-129.17824704162746
-54.72930257291122	-120.45614191686845
75.03633442629122	-110.00103252321838
-102.9081143265065	6.414315309390614
15.400727670833529	-132.30745995256788
22.626453168343303	-79.86506133606778
72.97911242692963	-130.64721590563397
-9.310409525864928	-143.75277261196837
28.41503501654387	-136.82570442727604
-70.3711855921514	86.01418795826686
-70.22112828954668	-83.22765940566175
46.89424314733912	-140.7922437052055
25.09936555356979	-141.92209202633475
-78.71508421590205	53.43900389563363
-29.17967045103124	-144.638258395764
89.64736526762232	-106.70921516355911
71.85238744225197	-91.88279231111396
-90.23006271750955	99.24161244623845
-101.42567734534734	45.67757347808462
-93.8555637822314	-53.94099610730365
-110.99904002474277	-19.155533338427777
1.0153429805154273	-148.16326645566318
122.11231892742052	-77.98667516694225
43.42255783641602	-129.19403892300747
-92.69392274145315	72.39252903266035
42.79982214405527	-140.8489050902258
1.104519737031661	-118.60943094928555
88.43129526646767	-87.94100978162442
111.3839285394422	-51.0211235327467
29.830089589963336	-129.65194021214404
-105.12578819062348	-23.349292106955062
-104.74443208756125	-38.976086576941924
110.24430621219076	-45.5174704826015
-100.45631425341493	-24.765442335393207
-31.625515420714773	104.98816702795718
-2.5366983632502893	-100.46857428004813
-98.54312520819603	-76.94802237444388
143.42751725862277	28.11768050265952
-99.77895916528942	-104.7399108765077
53.56089378349371	-139.11927822019013
-29.46768779699409	-140.04112390274688
29.31707838630499	-126.97436715872739
-45.51720890533383	-105.69348394586316
-88.09317814906164	-92.53493784880081
41.67108013278683	-131.56463706642583
-88.63261223323529	-61.713290746339
-112.56171668119539	35.02113430593065
3.635750048402566	-110.91819497075943
-126.77732739533948	16.144974664977504
-123.80284389718435	64.67918616638013
44.10784983243476	-45.859248489016245
107.63194099910903	-88.64520749228122
85.54682146076878	-92.16613658905328
-0.16594588035251656	-16.074238363337724
145.30103626000863	32.87650677489708
101.03995955740359	38.184275897958436
-64.640183605699	76.98036868694818
13.86072164820482	-128.2745536503861
-106.3044753980817	-73.4260981499141
7.181640006914209	-146.9578048580608
-126.78348264842339	29.69870476251619
-36.35986498004214	106.86583391970896
-12.625052014829107	-85.07980880288319
84.39673805344086	-121.54963244521794
69.0562735718498	-97.70840575295195
37.70945673335874	-110.10623082839788
19.954701495222366	-32.51094090028746
-83.31251638455389	-94.1486832135987
-70.52900885024424	-89.76834831178037
-64.87228058110072	97.89201540243076
-84.02517634905392	-53.89853046366556
-4.524520059398906	-88.46096658052264
-39.30946875030889	-81.66700816557699
-8.449543116765582	-139.73104148489733
48.90444597291062	-84.37977929835154
114.00310040149225	-72.35987631651493
-52.69927330110218	-122.80912011950308
26.67049170840351	-44.63003980440471
-88.1973361783459	-88.16588772970975
-100.38153626936804	57.962232204809176
127.90070888581016	-47.59521343949582
-58.27072698763314	-132.24976880308824
117.26408968767987	-93.07389204800015
-25.24010153333917	-108.39322934759255
-104.13055779385968	-23.174148588057086
-103.82760748339089	-44.729393551691565
55.28792006874921	116.3002027168342
41.6786699922114	-127.13518030954725
-91.06362313910685	-64.57694504740132
10.713371650143083	-139.39672506266638
115.6298640635534	-93.73429132578553
132.5009484038513	-40.447914733465765
63.17247911314967	-90.49446422033195
68.71017116792734	-128.92632602308908
-12.696330645943334	-142.41622584187627
-85.5001869470845	-60.538007090020955
