-135.7983670119019	14.304618689942613
53.1914352292841	-83.22765466397308
26.830809887895583	-132.08470510750286
-48.625156680425654	-113.45365530610476
-109.04447509552755	0.4177467669061679
-71.95897665217724	-110.01256356252205
86.97497578537983	-101.08946479104034
106.94275553196054	-15.016006186241553
-86.58130074982621	68.85828026247562
-145.02541253614638	0.17610343571335405
40.0816942482021	-65.80951767067167
-76.86758602569309	-43.30645367685883
29.580482069725935	-144.18184342120273
59.19767530408208	-102.84631155456236
75.0228224915913	-129.60807267532223
100.46310391084228	-25.790129556825807
-50.021564424521145	100.88095289100406
129.4021839330965	-38.002168197633225
-116.44298458626017	17.34255269183157
-107.18606927210732	-4.66214263566552
70.44237959465426	-124.43469142045517
31.61146529714845	-142.14044457433127
-92.11907816433627	66.1099315198293
24.99331993010713	-114.93699469666788
-18.810459562770394	-130.4066262636073
122.62561741225285	29.78528295935767
10.963464038897644	-117.16058960431249
-115.89937997927612	-53.40230598562761
-59.67312418970991	-137.582764502429
-131.23608381865498	-72.6418706230455
133.60968921315975	-65.97444127103495
34.83648482389117	-80.86624669193255
-31.089413931032254	-145.06559994430233
59.23834145557198	-73.04951031187302
-102.99493697632268	24.775238769252518
-43.524104820752555	-70.39232496798624
51.082938335152626	-120.76093761364322
-114.66921523859546	-16.712188046431738
72.80676319604788	-122.19231285749912
84.4771493817969	-111.58143384858435
-98.89669664229108	-44.185054292850324
122.28881047764715	-32.061482724714814
-72.84480230734327	82.95378833750655
84.69751248828618	-95.89170004285566
-111.61217284423559	-58.82764775043096
105.60401052371125	-106.16387139157251
31.58652159645025	-136.64683730367813
126.67133766758882	19.162759692937318
-67.75520771458123	114.51371770284163
-104.27607673683731	-65.62734935895557
-112.18556093556103	-31.142771092030436
44.3746606019832	-122.51800379381135
-53.16413529498612	117.76968857423071
53.51879276532596	-94.9039682024953
34.514293581440036	-133.70544553025786
-117.65342355700886	43.5806862447718
120.18656737604294	-46.02683733128994
130.53120785416854	-67.94364395483707
26.232811126732475	-118.31993058405676
89.96670200069475	41.906969434841386
-53.412313374887	-129.21364761798634
97.91860863712077	-21.053551251579165
16.383466573982947	-125.9865365708798
117.68482843077456	-0.06081913957743028
20.816894023924895	-34.52237105116138
-77.44157702448587	-79.45040923644379
49.4361711139275	79.63132755035222
54.0255645732379	-83.62921601952053
-99.26049015095222	54.672234591531414
23.81296642494011	-18.631919391447855
61.32487975406924	-99.09740897323832
-59.63049873759914	88.44922551389521
129.16688509122565	-27.379718931214246
101.89264696448599	-106.37822913507136
-85.31963341861459	41.58760078573481
-79.3980020272489	60.40628417334083
-78.07767809905882	-70.6322016207267
-30.293528351952563	-94.90011749155225
-110.45024207559041	-28.443009811517953
103.88973862279413	-62.540542546243486
-58.02691692062426	-120.11330240497227
-61.43713281122508	-134.09996003877603
-75.48296982622571	87.29976108645856
128.15985084229402	-49.13017843947414
-93.54172650029822	49.96957722730435
-3.9224193962955187	-120.55780045722602
73.52649765969818	-48.86413541277691
-127.3061713834157	-3.880213201999182
81.57459123157686	-104.11143232721199
69.6677492711352	-114.53188548126475
62.386387982775744	-123.15663010455225
-105.36826276523591	-94.69878301622985
13.677404526592152	131.47034701282132
-63.20859199823913	123.21140723854843
-61.01168063634631	81.46234692249696
18.28792258510254	-133.28612339178108
59.00726603624763	-110.53744635416376
59.05966461628495	-93.78395559082037
6.889513686324415	-137.36338193624
-49.307837142585505	-101.01970096959577
98.73363987036326	-47.76633970694782
-118.00339751621952	39.71148366342267
-34.09401533250988	-104.84134003323955
46.24956607351453	-34.231232853244656
-112.96058337187952	39.19221607939277
5.367774109139194	-77.19798738757576
-1.7609043909376534	-87.30345814722614
-106.12570651447413	-84.82618633940879
35.179177461405594	-144.78624498290426
81.54312203023058	-110.09889897520593
-22.607127298478407	-88.99462212212298
-103.17426246655079	-18.004724489647604
-41.07055551873722	109.54286260498169
-139.772541401708	20.67709280479472
80.10686121494258	-90.83313562918764
90.87927854756195	-99.07929622955888
-115.72137146492689	67.08291687203113
75.59004788643014	9.627750460272226
22.43248272231208	-132.84403699340294
-98.06760740786669	10.936713130680735
109.79021720276461	1.5472072599268503
16.69694327437468	-111.33832855380304
89.24475913159361	-10.600897577441513
92.37557041823682	-52.7846975223978
-120.52663408475367	-9.45986061292165
-113.15706250259463	-5.540180723254419
-100.03828826392147	50.75991441847494
-2.854029988697898	-137.4090941215065
-91.92192707555483	-4.957123910272133
2.675472791000412	-129.041886205244
-52.95443877118836	-132.40436359965102
36.59460350417412	-122.90043538422994
83.77052500754655	-123.99892338438886
60.80410730649161	-118.60294132627334
-56.76715676854001	-87.02010301857786
65.84476171880452	-92.81343875993554
-2.642236542425416	130.4601502148397
-76.2976034657168	49.28260729738088
-68.21190758133538	-123.79209447028504
-122.75574110321286	22.119181022081392
117.33283239263625	74.10764949021934
53.18484395245388	-131.26186721039448
-95.38031498356942	93.21029695376876
34.98769763509013	-100.28110463276892
56.759756776582	-120.8524602568234
-114.6528130786928	37.14398888924868
0.8489417340144744	-2.001404868530965
101.72121980525846	-49.007928404428924
-115.49339779841887	55.57970350062277
79.52869384421774	-89.59628987938798
-104.65140893016608	-82.89672857143235
15.754500920586192	-117.2060038926252
-109.17484653520036	6.126854601215102
82.3790939722531	-121.18393921121621
-85.33058541133751	25.261149456858295
-82.88104091844623	73.2727493171304
-113.88311043217433	-15.480297121977056
-108.04977635018618	-31.584322094479823
-18.80079810276285	-134.06783165163148
90.09890985595332	-115.03460022095732
64.06885452005136	-131.12591368774534
-111.88230487790094	51.02590902700058
12.351221694202966	-148.72721154370436
-87.63550214759752	-112.4479512320063
30.457706073926204	-128.42760326720563
-94.87009535123164	-12.441193979213155
-9.01035258127948	-146.15899246833152
-86.48888164225569	-59.938882586758275
-50.12330604426875	-133.30021738362032
-116.10286548493852	-19.98473337087769
-33.116826756809694	-145.79089962595376
42.06149860526318	-68.06945070454879
-91.88250321499544	-45.11681045903008
-48.734964587511904	-139.67050186036465
64.650095731257	-130.62454567164056
138.63408771686358	-8.35731042775765
138.5238028836221	-13.028786261345532
-97.06771073800135	-1.1445401558895365
-111.57849648455095	-2.2653822103166013
-8.386416731672243	-138.0241010790451
102.19749259039666	-80.48505024252287
-91.31324920823886	25.536976015552895
-34.363716987558846	56.338340893903826
32.56399375507579	-54.47872856379275
-24.915905970139335	-117.73901694458614
-30.138233209259784	-90.30219289665158
59.931400760811464	-106.78033262614679
-19.063425578402136	-50.933543032544186
-58.278209201483506	96.4696909893725
-18.221250289339284	124.98031599217516
68.30102844399713	-129.5623359148184
-87.58990972358082	-77.71511942457049
-61.01304802198542	-95.00434346803637
-127.18076573737576	-41.45724442285285
-19.240852745435426	-123.46364575096167
79.45684316393096	-24.580270508855822
34.61437798713822	-112.24390934405564
88.45971112726423	-1.7616072184097187
-51.31731765400134	79.22773325546295
29.150922990764105	-84.8141126412789
