-2.003033039633229	-77.6219610083621
-52.093073197409986	-124.20167301671941
41.156253176211834	48.66294601042467
-61.34732096222987	-75.35225042044232
56.731073001541404	-126.07755703220036
-118.8125695501229	-13.746003110142205
62.80887898788711	-128.4672475010106
110.80853128629192	-75.44071007410474
-21.87558955002969	106.35785774432149
-48.23841121241958	-141.10274616913318
-3.863485157038014	-149.94932205672563
-76.26245505726227	65.3448939663277
-107.71184644427876	68.9625642892738
22.779342052989623	-58.57943560014854
55.01587793705602	-132.7728632239923
10.447350487884547	-72.55507237935319
-28.47446712769542	-112.92866444069539
-3.910312319723629	-103.25418253010962
-68.8953555645532	78.81085674977847
36.68005637276747	117.45756991507363
-57.378645363471605	-107.85015618624838
-25.43090236581383	-85.4852378406401
-104.23624914370612	41.2242428305364
-59.50297105546952	31.301671233605198
30.476981244330958	-136.17860259553777
33.229858237030996	-116.01111632004917
113.25563929383739	-82.82409882174666
20.09131771640302	-118.59206922558027
51.26103424180828	-60.49794805809644
14.990115110212425	-133.336641616445
25.096612494002677	-98.64403193294771
35.5994568987156	-128.1628149222633
-87.86759452827779	2.685925613486139
54.8467905852645	-104.92664687931435
-66.29222545257379	72.05253998371388
-50.753533982613895	120.0591470386665
-13.808718702243068	-66.84064548158344
-89.65160455389636	-51.1483076294351
61.47708510039836	-101.48810519390199
-32.846314924760506	-144.30104587901167
51.252900313669215	-93.43709729852738
53.95341000503197	-85.34917445598683
-65.24997560732864	-134.8489961649011
136.01417027975364	-55.378057618564405
-26.717579617638066	120.3338788753106
-111.16637423256682	-74.16422366262394
104.21514719442263	-43.37769840659085
-134.66198938786346	-18.203518809820036
-51.31453367587024	-85.28828097008329
18.581918706089525	-100.78318696493184
-111.06005061173447	-98.88424077809726
-99.43921658390147	-109.19994219907352
7.5156822122708125	-149.54080477942895
-40.4507916044334	-112.70664127917676
4.24327162568554	-130.55918355386865
70.06554891558706	-120.09295843473109
-58.009571685153624	98.42773795807764
83.42596254866254	-86.58125322765773
-33.53838815603408	76.26596467886003
81.07689042615839	-104.71567563291224
-115.9571031886483	17.21842752161794
-77.87837627760264	-105.93515090418664
18.702948898526387	-124.38460073948258
70.92531769755773	-83.93624236327202
85.6444848447594	-81.85679804043578
-100.7619845763062	24.363321092788286
-49.70126184380667	-102.69993734869566
-16.49100527404069	-148.67756830767559
-62.47810309817632	-66.23777890176804
-19.670082800750293	-58.57150620788164
105.1149032724033	-80.18756835281043
93.70297496756852	-101.41126110022273
-8.81945026964643	-70.48392226737224
29.498344446720047	-146.19836025086866
-6.0276628824324465	115.13351958078533
46.89830417615588	-142.39632859242383
128.20541902538287	-73.24957486620919
129.1442773751764	16.440490351884378
37.85353142629418	-116.91438835653695
91.61840945347193	-78.88272220741636
20.122648661332107	-115.5565360335185
64.57938535973963	-61.890659711078406
43.26459823968536	-133.66666136387727
-42.2906113128144	82.07198065552407
93.83053484088767	-90.71732706779011
24.85698462572176	-140.61658602439925
59.99009394841626	-89.73342983554949
-122.37149115473227	60.561468798566665
101.54680102323066	-85.39776935677713
75.86920018687053	-101.54139734403418
41.29999306758588	-103.24254456511966
111.81138331200651	-13.368619681539467
106.4195257632253	-33.17126049526562
83.03578232852539	-85.19763578465896
-80.00090516860149	-65.30113170967215
-70.29465601641124	82.76458840917002
82.20682824335378	-29.40473647597315
-105.1045738276373	-9.51592931490612
-117.70959161356717	32.14922312929594
-136.21818808921913	-36.02129901310581
82.88848816515628	-110.26203559893095
95.6309800462168	-52.723468514801596
42.88958587525164	-95.9911081718215
-1.6950554604675352	101.58328344338219
-101.15274710504113	22.31305162186748
34.59540587326044	-118.55494338695365
87.97756078475692	-28.63195643043657
-55.76663851089808	-113.50079016729615
86.92951436861547	-118.4642352248862
90.19131300759544	-103.77041457351005
51.747564515412016	-125.78988539131551
5.803877780936151	-114.82163449247089
-0.5968335292988033	-120.52146814562546
-39.696764127456525	-124.27078291427489
-60.523437815718545	72.26673023047914
100.55203420562918	-41.64223468110817
-13.028300209504227	-29.254655081400674
131.0467801151553	-71.07012749988301
59.64875117050832	-118.17513561837612
-8.676907503217388	-142.25454245168655
41.77595022572538	-138.44861186978213
-91.77613764647593	-65.71811113904263
-83.71467234491405	107.50177920970908
76.49790594897983	-84.43912731934566
-64.9661606775443	-94.40975784747974
67.27174879833193	54.626291696244245
14.717875675057183	-135.6701322046801
-103.52586406488568	53.969663353379204
6.8431610659850275	-149.09464292733097
-99.1348082413155	73.52604567103826
63.64308657744112	-96.62374088185246
-27.976415626300625	-120.00455351055929
-97.20701401929438	-86.23385750805183
60.84370390070172	-26.959312753820804
-137.71429451106377	19.34562262718638
-65.73374719012638	-84.32776702293386
135.5447185641034	-23.748822737618767
76.06198748115821	-31.012061854185117
38.55296316839763	-47.97888133680713
-105.16829644286167	-70.35541935059506
-67.68072244779957	93.7281673700917
-75.65070797400664	-3.444216872568298
12.348481654841741	-116.61209599966091
17.31553989368204	-121.8187385525181
-99.13245625228475	-90.8054857072983
-88.0944080950985	85.37958497629288
39.66888959526694	-116.56891291195763
79.98350781740267	-125.74609158832087
-137.73645863990683	-19.264142331671806
44.08153283001036	-133.81799974307776
-133.0571880340575	-7.335879090349713
-64.841420228034	94.44973525158447
116.70331230055807	-58.83386928629784
-123.5339325563585	-8.331675418572217
68.20872493795257	-106.65876127109455
-65.2717300228298	-10.68587018139534
-119.41321848975603	-28.165408280659573
-56.35536085768993	-120.63129235307115
48.856381432870705	-119.23238605278716
-24.80677730284907	-136.0386623812441
-91.82076869429906	-101.38903995767079
-104.80331175827347	15.46090154097221
-12.046052845197458	-125.9219148128217
-114.23298883416383	-39.0615640036117
-35.22021724901135	-138.73922565558763
-40.45684226766839	113.9819686349289
-82.3909183471506	66.31817480930917
91.13803061027855	-41.53320016619032
-119.17812656066666	-26.926075322089645
118.11934630853388	-56.701235963576956
43.912470801299335	-142.9395753480959
139.48916622625836	-43.01247953056243
-94.88755199270558	-3.417470470339076
-71.79700778957675	-70.03238271599136
-26.3066170368343	-136.62816452932933
114.57350018714509	-85.98892478795858
71.05749961601519	-124.63169182246861
-103.20095617069327	-9.345709562266865
25.010281426294785	-82.48024431249073
73.48930421150426	-76.69936263538723
56.694515639182804	-85.4532446150454
-119.4108560495404	-27.212161732620036
31.350034523933424	-48.55596604946527
71.39827561547536	-109.28101720245186
-96.39691798494556	79.61502156407433
107.37516897028377	20.393842367121774
27.565141119678763	-73.68909766016444
-39.151505053751244	108.9522935187449
-60.305255060903896	-88.4220264809304
58.027418270888475	-124.12330579101824
-102.75986578414415	-0.8504163027384094
-104.62805457251443	11.448293735236685
14.759343760724683	-106.19552796999558
82.7841709105352	-42.61061450744838
21.650828586335916	-140.0883380732362
20.194454832392616	-137.64766874043667
-119.03369662116835	21.182901041357756
-122.1888943408365	-56.48644169377625
-75.45624248437788	-125.75008582428615
15.40957346874757	-128.92371119763254
