-129.4535825340705	5.232241503128365
-42.24168120608373	122.65990217944807
101.11897172951342	-83.34477485498218
-42.7141417417988	-137.405705636935
-82.33150599195206	14.789098821283734
29.23890843510155	-81.94802691099355
-73.45307612716152	-39.936829086390695
97.72166757461207	-88.52182101709388
-37.36606700995541	-96.08134686072584
101.53523385687173	-54.44245217713737
-112.94138510652961	-71.87131898240165
49.64676742220031	-80.48994026041962
42.01748035026985	-104.1024822987119
89.70003731030825	-113.0851619870639
64.55113448020911	-125.47958464285539
83.86951616467333	-82.95873977334885
130.2795329833519	4.5879619712574335
-8.052181770949359	115.11848488891734
105.20503968899789	-71.72164671970246
-55.39559022900848	77.47089605121812
-62.9124221050123	-51.31408149497366
-70.000980694632	-39.83781305211955
71.1191473828268	-114.24965489357325
102.4256777210995	32.07545450579543
66.4434158584835	-131.96298734945813
-114.6315761299142	39.435831731562644
36.77287574230867	-142.9376785357194
32.55774562736656	-108.3691729131356
54.99277526671369	-120.77457736075488
149.8289524412992	-5.312961287445358
93.73597766075488	-117.10462510857741
-43.79907651342644	-92.33458652608807
135.2106800059179	-38.45030514604049
-59.93689293281942	-119.70426135468077
-8.372257156420421	-149.21323099939133
-102.74785255362146	-8.348246133360249
28.281370453276047	-94.8525764193266
-84.81107743723166	-11.639783663261246
-0.060200366452708154	-138.30446383100266
-1.1140153283923815	-143.04907808056694
-82.15292733247024	31.581680778974942
141.33669479427545	40.36717792860744
-4.560996361481335	-138.76097395797444
129.0907853148153	-45.39500434033892
-89.41425679274464	-119.53867545479905
-23.002961796654677	-128.0850382776063
92.54874354588618	-26.04224660856692
-99.83222522099389	23.107572747431195
105.95378936652514	-68.99867506073109
81.02880990405802	-102.28674636161632
59.63178216467983	-114.71946488934246
101.00147222034526	-60.22513701921611
-93.84828484703824	-22.607514801142774
103.4760358590767	-95.85907984284235
-39.711938823815004	-56.67609463085935
-118.32678226910957	29.236119763619772
-16.31377857455647	-82.66927648396893
-1.326382103756216	-146.5723900514076
-137.58200981901297	17.30187831623007
-111.23689076627603	24.760162896346937
19.4590572983246	-80.56015663733075
-90.96465714544293	-69.03027778895789
123.23743004300407	-78.96169247960744
-24.03524515515939	-99.4058739490916
-37.44268218155623	58.6566926137732
-81.03605158100305	-71.71319148794495
18.272897673595594	-125.73567300567883
40.03534252916272	-135.73709432656077
-125.34869229367429	15.437727070098447
-130.24431347243868	-7.989736785452506
78.85492570112886	-122.96213211031879
129.96386530730777	29.920316519940716
104.06314486237774	-105.3445142979483
-37.727509980019164	-124.55590596971474
-34.58016133721576	-136.17448135818506
101.55659712487339	-94.61721325809326
47.822095117501064	-125.08555856833587
20.86428071736014	-126.45862145116354
-33.96585754034866	-71.05066093139615
-114.15293567606392	28.477609888819863
98.14419773826822	-86.31447779610724
70.40757238394295	-128.6647849764151
-124.89064909323865	-27.65313102993416
120.06392504929755	-47.56724941098573
-116.76363093737672	-76.3321038558048
95.05158022306935	-109.73589876176109
-95.09269453439697	-81.99186201119237
-10.177316215785888	-136.77569522072582
30.18544523055428	-75.38833452975672
-120.8032074095707	-2.1378537017940666
-96.56473376065424	-33.46376101207384
-82.69667850330286	-26.85582149690599
43.35077909618258	-70.12658792901716
-14.222187280798513	-117.49590246619482
124.90639729355333	32.987363578132985
38.81078613927816	-144.46020531394916
-46.373643832906254	122.05336409971773
-7.019380238255136	-99.26880933313672
-4.092020276195648	-102.47771422559904
38.182015665013274	-128.50688128863362
-123.1348333709487	-33.84515702289185
72.98728112347266	-130.49243199941682
72.31397709118096	-121.40453028284341
-51.35436376470527	74.70159701974875
-59.58228016559496	-132.58309502396875
-38.00780677027318	-112.64334926190348
-78.8332721221687	-64.7612608701248
-37.89234460104275	-117.19778897838826
2.5052422316427156	-15.506415533010443
101.44609485231886	-50.3903222543688
51.47158056305715	119.54282926863262
0.29559783607498263	-144.11306279904733
141.4461922416429	33.03926069640518
107.83591371201497	-64.4472701259245
-88.68437304854564	-88.60273197287341
-66.7170697776101	-72.69799510464894
47.060376735544175	-140.3407625894775
-39.2925391269933	92.16002803079252
-115.1152939832472	53.815674210251885
-103.13761999288981	5.534735909250477
-94.62790834686396	46.880340088961795
41.98788150170439	-65.30811417866497
23.122034582170873	116.5510447526371
49.45670514915571	-77.6742670848852
-63.71399962977015	-99.52415652750035
-30.13364113785559	-137.96830489880668
-49.64706193349924	108.15671686721898
-19.814971505943745	-138.75158463976962
35.57722811902443	-108.20821244870191
-71.91653058147303	88.62394017004611
-120.59248236733343	-12.908036980814316
-94.1749429506324	63.225746011478506
-102.52636465963083	-13.977036602790333
64.70669295494719	-127.43222643105496
90.76467192621249	-67.72612695368531
-6.794425990386884	-147.05881989480088
-63.66021518101144	-92.73103954923195
-108.97714206792571	-70.1851074851536
95.38314143862522	-97.97655154272253
74.40415627701901	-91.34316063535896
-90.6123189130626	95.8322253413214
-25.85951653073133	-103.29891291241199
109.00586190367652	-101.73077534500159
22.314468689981073	-148.11907989258182
56.66530184697195	-137.3443849909265
109.9997137802812	25.188160700978923
-90.69386634805763	71.5176189914656
94.80897003620258	-87.1852806293397
-57.03968498666612	-125.07176638383285
49.10718813101622	-137.21914680518535
54.90751982025097	-138.87954260204017
87.99778780777432	-103.42318839072993
129.90108913370298	-62.20181693822239
-88.61599598713751	23.76687384303272
-96.4425897821127	-61.85186105880088
-93.19400038530509	63.51495959154098
41.75669387438776	-143.4210029343071
-57.37182238106861	68.51674564935348
44.54903217796401	-98.26890101073087
17.889677090839744	-84.96121645069333
-99.30056670423278	-13.4919421287838
57.60908923562014	-138.17155273537867
16.709138512126614	-110.27946995810508
89.69752511212093	113.08861012652282
45.65164724824587	-108.56952472745562
102.04544201178749	-70.5655815851753
129.12452619905372	-15.678221787787637
107.74189514213924	51.45120810988454
85.69683762811222	-76.62396661457947
57.8350764330562	-135.71348262552593
-117.5149192371593	-57.765748622136634
125.51555956444957	-41.114095474702104
-46.678298130655	132.6164298375514
-66.70230840561825	113.37456882454624
-48.02603192555391	-141.8640368488627
38.89392091723458	-71.47212255357694
-2.080456879126917	-117.31368983705143
36.70347859416733	118.63705999365506
42.62849534088698	-126.96237756709054
-114.99281530690313	14.380428534397492
-25.993905024993197	122.65987266142085
-99.42001642638044	-72.12888958071686
-90.26789850913673	-53.2835318076947
-45.806391049409775	-109.03502180428576
72.18762563134288	-126.57851768767183
-90.90552695301247	87.73836802634477
79.11515721031553	-123.80896548588423
35.61801504290314	-35.97079668201156
-8.03034992373367	98.44231160615685
34.61925337450977	-87.1452332394702
-89.68413532186156	-72.15429796518495
14.896244046933434	-83.09615165792661
-4.372954358332064	-118.20764340304034
-110.85811886609262	-11.232454654220188
84.31012197758297	-27.272371182102237
22.667761825105973	-104.45535544426141
-94.81497101808259	16.00999628494256
-127.47692542595387	57.51759436075719
-23.020995479121716	-141.9436146506902
92.29067049889068	-113.00203395884235
