54.158385199476086	-98.43780165021431
-20.649368001570412	-131.98798501886745
61.6719879521407	-84.89370643519545
-98.34003497485915	-85.19336408751762
7.461949743899878	-106.98549271192303
91.07949377330263	-103.13659324962785
43.553495522985045	-49.020837400874335
138.68855635500725	33.25354106483941
-36.979340198191636	70.50278563921006
6.95864316568685	-71.75199530585094
66.09216264658303	-57.613273480993904
-5.7533691454186195	-135.4172503168686
-39.476776691042964	-85.92771345496774
55.19677075702599	-56.8183349221542
3.0170975258157657	-89.22096829984268
74.3942265937009	-100.54990099080936
130.75611252608255	-60.66372689981722
13.24959033141918	-140.04205483521483
120.70238756402703	-80.72021002889558
-102.7870564683872	-11.379441750787757
41.62970517084593	-132.4403770912692
-36.177996860589815	-120.4957521078696
-114.34794517023641	-46.24058849182826
-78.62072884373185	-101.25680737812772
16.66379729567369	-111.07681078499843
-112.0346012167791	57.42745144481676
54.46259119467942	-121.34818949424908
-17.907796940370677	-110.15592364112742
5.443503860209284	-102.26220083207487
-69.89742227150184	-128.44602497554243
84.81069280062282	-95.0908150600314
-16.11216488235679	-101.83379130246486
-17.401238468430602	-113.39444306472024
-117.58050015410907	-74.86821876755886
-77.307922710762	11.60664511286238
125.44914801408707	-76.60716187676572
25.308167276842656	-48.00225568422677
101.2658840124322	-106.38298454351298
121.06519537153964	-26.677090821512824
-2.0963392372391842	-144.43399815412903
-52.401598448375765	-93.16665953923665
-67.00600458644215	-84.67828443950589
72.93418291545373	75.18519026588697
-3.0055760922567045	87.11102982560831
-68.87673945884276	-122.47273538483617
-66.7996754664822	-108.91900487027043
-90.63380017753042	26.246551229754374
-104.46546558591491	-60.42689978185961
-31.69913547171174	-120.4074733040758
-87.75363906002038	-0.8497339593997032
40.484489458811716	-116.54162759065754
75.98211612629892	-61.58758973915198
86.34566746952201	-114.8173135783945
-51.392362586532364	99.48104181230669
120.09905949987812	-45.334961130130274
-41.5637348211436	-111.5428582806428
144.49372795190234	-36.95042276282301
-129.9592859239341	-17.691511521480276
-70.46183736291238	-131.9497633042978
-129.2823242648751	-40.59952018696881
-59.672509703895464	76.90785304894945
-46.644683040840135	-140.18854350091826
47.712565703190705	-98.12301796369034
-105.74449632972842	-4.502921768988825
-93.15231604179375	-51.298429410933196
-45.568006586662804	-118.27992495144956
-72.56016565767962	38.04078756977253
60.15670321615958	-91.39128438056981
-93.29529966478306	-65.18122594519791
-65.39624153244354	-76.16319921472703
80.53269551628846	-125.64283791696212
70.27466557399799	-45.66172812372338
-43.53634247190422	-67.2516340122806
59.4157531558042	-117.19610441781644
-17.345190229714913	-146.69400427717653
-99.93787843136708	-95.79163689770111
-120.49607144161055	-16.666218978532896
-63.755249838705154	-134.30809604091473
-90.8611184426147	44.558998461549685
-108.68089711082206	-77.53988331238105
-28.18648725666027	100.74199376068835
139.15465150269122	-43.619289662300446
-104.6790983646357	-57.867028751007624
10.767640467888036	-63.255885554269675
-57.69640669317745	-136.88712559129334
-95.39265164789802	33.427182775848024
-64.35913444677666	-106.42093482358506
52.645253553173895	-119.83038134051506
-76.0651014970142	-92.18894169280487
-54.97566227367851	63.3727972567624
-117.43257693645407	-13.393155506735456
-20.074373599208815	-129.13183432241976
57.75599121956481	-138.08006417370294
-122.78220028596878	-35.40795694514135
111.38475322230416	-93.99626614732983
-24.083425108503775	-83.35830225874311
-99.86636658067134	50.21259982734885
-117.3844660831289	-1.6578887410621035
-83.18561091438902	87.0230105885954
-113.84174587300565	-23.364673029189184
-52.40318145406294	-102.33046762813026
47.25229640019868	-104.93824187965616
-81.59008106448556	61.80437069524398
51.687016685701934	-98.54254937886053
108.13377743092386	-97.14577262826151
15.541085009473832	-40.50644846599765
-2.049115811163113	105.02458874139816
-87.97228288710346	-98.71827188855168
76.43988531955398	-48.22911514240464
-55.94247637426375	7.060387945588908
-38.09664488689426	-125.24643416845116
3.2466159848966196	-103.01416682853753
-38.44654871705683	-97.89141804794944
0.4403044557863989	-127.95420857712901
64.14548235809582	-130.59620730214615
68.54105526469385	-109.55119072830196
52.97385702042099	-115.32980272946786
-47.84262693173379	-131.47753865805467
126.4173356764687	-77.01503169832091
-107.6886648452886	-11.794821894209143
-127.6822009184226	-72.79473014251818
-129.96986511613497	33.182284716066974
51.68429303383142	-78.6814498413265
8.627956620201397	-95.98617627793735
-48.364474990859215	-92.70386803408996
-4.590192700503629	-13.552788454079451
102.91469723885287	-46.09951137649503
22.314911426456437	-122.66421368511492
102.58644591821168	-99.12102998604823
-99.63735389395288	69.08886402803613
115.12768957304698	-92.37078716707597
-84.43726938935386	49.409356697371855
-34.187637188927475	-131.32040593655424
142.0918966502575	-26.927866761427346
-27.789031265675188	-139.9739226847677
-6.434161051608318	112.34486732006503
-135.82009220052888	31.41072666855677
-29.92831444780743	80.51278736120278
36.88894761051126	-144.66960848675566
-13.87766454059225	135.58236997677835
-75.05927940420368	-62.843155758459176
-13.529580212520582	-123.45843638741881
49.38417959551065	-133.4651247508517
39.161829423963496	-136.09110111671055
-90.99435707958602	59.9302145118614
-144.535241017831	-6.624703108899844
30.284590092131324	-116.15124398227253
90.44330543589292	85.9341437793961
-109.4448400181282	59.9193755044072
-13.684911501672815	-134.18035878342272
46.80824189704962	-139.9560596131594
-18.523790454364516	-111.39149624554118
79.22399784277975	-52.74726404915435
-77.62339907609874	0.22343741630821295
-108.62898071935139	-82.19095072019446
-86.2463476554663	-80.22357252402496
94.41402212451533	-115.31826636617102
19.234129080149597	-129.70151222687647
142.86432745981654	-26.469975275555147
100.82962372248323	-93.07322595526195
131.48593578492455	-21.823304449902167
32.4421543910214	-91.58935542263622
72.72421150284326	-77.69839826414064
29.306436024635445	-82.96675993676187
-79.55097048160995	21.729254738970102
124.05397272369905	-83.43087088190448
53.90072115331368	-76.79248576790545
-110.78602323558567	47.909568613575466
-81.24473786026293	61.196934787548436
-107.49595276178314	-29.288888501423866
84.36527930762033	-101.91624320462465
-5.353469753047791	-111.46715548213777
32.51995108351752	-145.01267846246472
129.52766251689775	-32.10305152144817
93.39584231061144	-108.41646650537015
-127.14060359082619	38.92879819176773
32.58069612241283	-96.29389958010255
-50.506335329770444	51.168708039794396
45.632222557863834	-121.61685038015534
113.30965912668958	-40.85993792333206
-118.30450310068592	-19.880097734413773
-82.94128186028703	31.29547798317589
70.19080529865164	-132.04393684283667
50.3302116164858	-129.64539027517165
-93.3794806012148	-69.68569571472314
-111.39698302852895	38.95864473310368
-62.56620035152753	130.94251030601632
-73.04845718027035	44.07437468048042
138.5340166495109	-47.334188978412
19.25036507973933	-142.1499945587906
-88.74666566552412	81.19067087508628
93.16883774637964	-66.25163469822162
10.45618080573041	-138.78157274378603
57.723045204230985	-129.64497008501237
70.22966656112783	-82.06828117970801
-111.43496295338528	-40.27929910364532
-107.6628300329676	54.81339346981096
97.80243449355686	-112.41140411336768
1.8298733573321333	-68.67259066960032
-88.80899920028327	53.8219527712011
