-97.50079281423231	-67.17430885878058
57.418959657458515	-53.00522090992611
125.23264177623926	5.255511340843581
-86.58590356341388	-54.47913993801787
-97.62826315927447	46.2106596330502
-121.69664133073954	29.820174626832472
18.052429339756568	-87.40984392115149
-79.69480372158566	-91.75835625244493
60.7630230933759	-99.40025948580262
-41.9194410546444	-123.51327569737902
5.19903858483402	-60.06856170496422
39.51166854883526	-134.9608641443357
-117.63475945016215	8.235638160849868
81.49241163947852	-120.81848305246436
36.708258753443594	-27.67776364225144
-55.706452925355336	83.50734199022622
-71.02563627665566	-130.72495468779871
-72.25440120150668	-129.2501083011235
63.467542627574254	-104.62317241118431
-81.10783205117987	-104.09596267763216
-72.02100235877079	96.45671579456665
113.95340884407472	-60.80585934179539
-53.928803108025505	38.459480394158994
-89.33077259273576	-67.13243542991138
-64.79168802476894	-5.651870033969101
37.23698915698247	-122.77734707219726
-71.31738011492808	21.325544454020616
-18.627065487531386	-118.70821041030757
-33.995321765127414	-142.87166382646888
-42.86225042109419	-142.31629916296296
121.59754563053197	-34.05490127017799
17.24712391726991	-135.2989181354192
-76.51625730175198	-69.68407593023859
103.79530758624041	-100.67470455106552
-110.48202157519634	-29.019464858832066
-109.1824866131965	-91.75910945072634
-54.36654996307273	62.4438387417768
19.685724592632052	-133.49214509130667
-27.319833581746465	-124.63462495025868
-4.967041165087988	-116.85807371650269
3.998591051605401	-135.98601957315486
18.724180293573593	137.4859297227234
-119.27697131590581	-68.99720208233543
3.145035167738931	-146.48100648457205
-100.55657507573305	72.06611527401613
-104.58374369296253	61.985098148864076
1.8206573171291107	-80.06391343672097
47.94592852743953	-64.97866600165634
44.06727164976979	-120.99600976336029
-99.01267786050883	63.93596883980661
-52.295116614403554	-107.56963655219869
50.38456982027118	-114.76852813473066
105.62929803415692	-28.525700744920098
-5.025202107559148	-146.30136378691802
-19.66125258965416	112.88788059239407
-92.70761972455217	65.19951856556251
-87.3566323621987	-47.636932953981045
137.18546931230975	-4.4859600906426635
-2.089021201566575	-117.23958920314898
-66.92522782585318	-77.90629622798023
-78.80966265491888	-24.68929650417531
15.598206061091856	-89.86500435753933
111.52994789015206	-65.34781659015226
-68.33317956999787	-96.90047361004822
-109.83146119758057	1.1067592722418067
31.297390923397558	-143.43557305064593
-19.663530089876375	-141.5621434931852
83.18411644408246	-114.64435528857996
14.995979630191698	-98.59735390070797
-114.46011625346289	48.78567658551684
-62.678921491830515	-86.9055468993198
-6.9694395062054095	-148.98069388100976
-22.675090551178045	-101.78538903696548
-59.856965752881116	-101.57866157437923
-18.679921265706927	-117.69112766158116
97.73300759138877	-5.859038262732136
16.18226522275864	-149.12285561542492
-111.54946141410255	-30.247204711448866
141.5864125884509	-31.52161928100073
-115.16119394388053	-72.66974622105164
67.216961729331	-133.885587809336
94.89134797204018	109.11568136558616
127.96497412080046	-45.926044082536606
90.60457328353777	-88.97158927178835
-5.89165359434997	-137.08697333050472
-12.752173222944286	-99.7877427947117
-92.08167336159	5.394445834465944
94.39572978457848	-111.5180263026046
-21.678334399971213	-77.55011258089478
66.88415885139175	108.05368391861315
9.489149270915659	95.59424747671426
-7.609453640472387	-52.71186811682378
-59.92893019010456	47.22081255307457
8.370132621554273	-75.7907694467225
58.66636639429378	-110.3403478935267
68.28086787396089	-77.84736580230656
-88.10955285136734	-70.85537040414496
13.94482140116111	-90.7021128680734
71.50169954747358	-131.6737961210504
-3.8446114535520235	-109.2275808386941
15.3873092363154	111.06437765533137
-107.22457818608319	-55.7406198883568
-22.213222051788264	-147.46928290716122
33.85652805826945	-142.97922564262674
-76.78787625116416	43.172500284190114
-19.313893954294347	-121.72261631825728
-20.767037980917387	77.70994446677331
-3.212423099214885	-103.31641527042147
113.78245268783137	-31.185182432442762
-23.23544552145864	84.8206772760895
-78.49791205480683	68.99507513188723
-3.745305063446596	-135.03604391124586
81.72687934303566	-117.85242936279283
57.30446076617305	-90.36475562159121
-50.592348637885806	-122.24579263428154
-135.85841368869524	35.72355951318907
32.09494256856065	-115.38543917759738
121.2506770342844	-53.539330951739466
-76.94711144570384	65.28857794180402
-37.67314220867997	-78.38208391874672
-59.52944353483116	-103.0309197024944
130.2289281059746	-25.778804755809077
102.00220403816168	-99.51578263545588
-107.09917101657145	-29.570751387080634
38.405432769084726	-131.03703603824053
70.4517306894537	-81.79417900707284
24.222891844547448	-106.4068378180289
-54.475304510180855	-126.25491925103746
73.04544996295522	-82.27281067187724
84.88479071989919	-99.91901053909055
73.14144103324591	-81.66162701223398
26.073855267949053	-120.17707497406323
-104.9306461709311	-22.904684206472904
-89.09491105325144	57.483994164267244
104.61618184971498	-58.35005831560123
-109.57701533037505	-0.39606726442031703
-56.54481047316907	-106.11221244200125
-67.39753628852482	-24.821226516880742
-61.674645857635205	96.22519184027634
-45.8356990159008	-96.73933367970874
26.549345213518986	-66.42238987187876
-79.37046080180437	-2.4485324934342105
-119.37892900797911	-24.407809492223162
99.41560814749806	-99.26438951612917
105.96566068360424	-104.51615620966554
111.30803034074515	-54.985941095015555
57.903291564289034	-134.2495503022605
-101.63609177759378	-8.55127870847907
-105.85073817947156	-12.446381802835946
3.336292708799963	-149.42128371746318
87.94648665908967	-41.78635896644129
53.28659312946792	-85.75954444481897
-41.544264638761305	-91.23345769095431
-120.74926663052639	-15.246636087114279
89.69629955723087	-68.50782963111018
72.1848451808584	-111.68727918326158
21.9206990029533	-128.27446613358993
-54.11175437082247	-111.26705548569083
-103.263039025351	37.34964992596847
-92.30719899631798	-69.17791189672828
-128.81884697519706	-27.432035870734214
-43.59838291738517	-108.91273375290226
61.437570853269214	-121.95867943560192
8.950506130464277	-109.72780123726251
-117.17789654280057	59.22833260076698
-58.41997973671468	81.7521163631854
16.711739702601424	-117.02543886028307
-52.93094841448017	-46.470331882777046
-88.86448296862741	11.056699173928237
-68.54020482214676	94.58700029575034
130.3537849443935	-36.58451545188504
-125.39938622313869	-14.887166812794034
36.23962624209491	-101.92617296126976
-129.5172929186688	-6.978676387326357
-114.1322530312724	64.15922441099691
-0.4235299578296035	-140.33080570388242
-98.39564366874154	49.09487827588965
29.71758725130172	-125.94211273394231
28.952382751254135	-116.7678616282418
-56.66323817097301	-100.37230858107559
99.90153798013802	-44.426282515763845
65.8928718261382	-130.96260925337614
68.38053712446745	-84.11254911903748
-72.56660364704273	-54.59250584338208
-60.58601182172444	-89.56394809472168
-127.32290495548364	-42.317639696797656
-99.0135384379703	99.84541395285085
-25.69465689829045	-97.42269888715845
-68.6997569465206	-90.39674031770681
-70.08788826926275	-90.21164148544997
97.9993356464305	-107.91159709655717
-62.02564799652599	-46.07541713912219
-55.14878143340389	-67.80856081231833
-42.011369476740406	-130.11692779383512
-99.43915863527421	39.12090674485427
14.735630440809704	-147.29168979142793
-46.833613307149285	103.41678483424279
56.23596095642202	-98.6584163095611
22.96460408144769	-117.01516378590806
-98.26268012410773	-29.91946036596736
