-76.90078162607941	-111.12867878970076
-143.0105840209015	32.93856693025268
-90.92411069373993	27.89952371646367
-21.520748347676484	-74.02543845880425
12.309792349396574	-98.92014046886926
-94.17964974412224	-67.1482186336861
-92.38251508134525	-69.42299052797156
-12.145594299612874	115.40739782390163
89.37315365302523	-78.20173505832113
-84.31234476623715	91.70573011984834
-9.694160910552684	-146.69452037140314
34.3014977075373	-84.49976145981691
-111.21681663612755	-10.835653735753807
-92.54539011096067	-83.59932890085196
-82.85746820055613	-73.40383325659666
-30.176478658877155	-141.27913537542767
35.53708304670792	-108.5477903365934
-118.55465950763072	5.159869673500439
61.16609178330546	-89.96420863085854
-76.20404217621409	-74.26097911273946
-67.0264276555692	50.59059094128091
92.24196138854606	-113.28962944222458
33.50643053860434	-125.97242614239362
64.98793447126305	-61.31348385454166
-99.41686313289956	-4.578225344088208
-93.27642689170943	42.73384551877565
-101.0505886496784	56.299794974100074
-131.9748391877495	-32.639954787793755
-82.59650506602128	-72.84003465728867
38.07683007400819	-106.06150827444478
12.730844131521321	-88.35685839127153
-112.84916010732438	-57.69047652648873
89.39929832689496	-55.45385172063758
-7.983007318709084	-54.5315732768331
-112.2826665374885	-97.80487268866868
99.50881758812248	-92.33272458459908
27.944907253257046	-124.16892683229878
-82.79229721629565	89.68573588127666
35.89647753022063	-132.3495460049049
138.5264549098135	-46.83624975876605
-44.121387912572956	-131.62497954411532
-72.75857531160733	-86.38995042497586
125.79610489388797	12.284426973127232
138.87268475502992	-54.822329628189756
-19.833919131511852	-111.51285906407797
-38.35698338136584	-119.84320548746952
-84.44465051394349	-1.4238552765348658
-60.09671302911906	107.90574977342149
125.27571681218066	7.040629425868663
47.2252179329358	-98.83459306675057
88.206388223182	-96.71300760179192
61.85706006789369	-104.5649059012998
-2.466503004179278	-107.46445909951609
-122.73303966988868	1.6594752867136588
101.7160413875245	-67.39685050406004
-67.58764893291163	-56.45182401618505
-105.34719088235525	-5.870358828609707
-105.25386654936231	53.759630389962496
-105.77650289477971	-59.37177991533943
-61.67096562680752	-104.12922255204506
3.5933991730080397	-114.52012261959372
105.50177110494805	-103.66000720481486
71.26756392203106	-128.19267225582308
42.182075998997796	-143.05525635800765
-40.83523234981289	-99.15298280080856
72.23422143808044	-114.24346942858152
73.08311432345597	-81.33559210511861
20.338864614344832	-119.9055690682627
-60.82667709741224	-105.75104240919073
-72.42740273754515	-33.08877948691273
17.64737415507907	-35.13472642392543
146.93364767705518	-20.792961090929033
-35.00290563558813	-117.31946681411291
-101.02680747498147	-18.80218394363976
-25.488515862973017	97.05405863898363
50.047139059135596	-131.67690050722737
-84.79642804205336	26.804230574012717
-38.673578628039856	-92.97874550911627
-122.84732967329836	-12.92779868871362
-106.70362273420956	79.73290092803057
78.25580689170012	-120.58570326531178
-99.41220961612076	-11.385669066677389
-33.63104641665954	-139.44590745252938
35.52552780359427	-145.5363487134588
80.8689197755141	-94.49875980097762
6.9453844042346295	-149.77747276280442
97.27457513153297	-105.49529385827086
-104.5269127979655	61.36600760408925
83.51538601299146	-94.7865947161283
6.882110006227192	-86.99647666749699
-12.366761949369094	-139.63165153230867
83.57633429545395	-98.65667887856164
-52.02004255991374	-112.23284265395998
-77.06232926940406	-60.081644040723006
-128.8161546629728	-19.97656592497478
-71.81734609269427	69.60215299400147
-98.41983829786294	51.6612510937558
-92.09457095399841	62.83916903825058
72.94541283540325	7.1121517487410895
-100.82501828896517	-43.47031615761387
79.76415525822243	5.770474608495608
34.67977985863765	-137.61077719414024
28.24017529992977	-42.83398253858045
-84.3685543289748	-119.4960175557135
-108.71318686469333	34.404272061325834
-43.996785483386034	125.40809362191021
118.53438119501129	-84.38304138313215
-137.50841163519223	-5.753772939056851
17.433034749777296	-122.93738764113195
71.20590684079389	-49.88947574410413
-119.46196745648209	-3.0906551673730274
-122.08863619401038	-9.698456093690554
-115.5023792949509	20.858828406380358
87.0313522762961	-121.56017163869078
-35.881112349222136	94.46658815897855
-88.65270685771101	29.602713441922944
69.52146023039315	-132.70658491438377
93.96258962599569	-30.095648195009122
-1.5737612691494836	-93.04002119118215
25.07552326303915	-147.22230593235633
-105.18696905582443	55.439365187091795
104.97979753702484	-90.17682064794013
-20.155007794161506	-118.7782554231922
-105.2535385697939	-22.136734224822877
-135.30151521330055	-9.64239566294299
108.18760324255265	-71.19391498507375
138.06855828539784	-5.54412850209859
102.17884659852953	-53.66755955859522
-41.906083715616816	-100.98392093072886
-74.50526818902856	-87.39699819652802
46.98857831023071	-73.67328010522827
-80.53930112345415	-70.5262537176363
121.11804146164987	-87.41249892873695
59.766359255010094	-97.36602515724677
-4.348765805132208	-133.93108354081713
-96.77326929351737	-28.91761171511663
11.47658857044103	-136.09541801558095
-37.6842582782288	-126.90414099902092
136.23470125379416	-49.75232534052698
-97.95027123723264	-49.879860926256576
14.18387077788841	-146.82428961718733
-124.27621317998552	11.706144762556532
60.76472570453985	-42.09990723875834
57.48299831804074	-122.95989632232877
84.12479088988036	-117.6621509793768
11.466617714150088	-78.64614655720162
-116.6565169029841	-69.77424066007902
81.5208195267443	-85.63680024362317
69.82135870014447	-44.899664844828585
-72.81723977006051	-118.75426127017022
137.4050163274572	-56.19698830005622
-107.18492724784093	25.41706338933499
129.99093980054846	-64.69031837449435
-119.59975112588515	-47.85357408659245
-58.57759607297718	-98.52339398019818
42.76443366871271	107.07239754064689
43.735513492998365	-143.36300374619677
126.91417762604799	-67.91745667823426
49.92573852703478	-103.8514005795778
11.365214480683925	-87.21855150431912
-54.176089503981906	51.044601762785156
1.8414418360400417	-103.23488561681933
26.5193750288416	-131.100943679775
-8.597228348478776	93.59619184470954
-45.626125913800784	-79.01903626960869
-65.41123522568436	-5.615800600718221
-83.63348805985714	90.42727765925922
-17.886760556299453	91.90732997816683
-1.0541878175924249	-116.36391491761775
14.68540395567086	-98.68911206458468
-63.17230750194125	15.930307764954962
73.67658745629174	-123.76852438182337
96.08731525752853	-100.91855453796674
20.074608298200598	-126.3213135872959
73.42433794698134	-125.69929401051755
43.987767773441554	-111.7552180059477
86.5671532155421	-120.46395392767687
56.271312408505516	-135.16535715583183
-105.39449739405381	54.35036866433115
110.61859557590189	-82.07773782578826
-14.799004824927346	-147.77530482060638
129.2711355849577	-9.557885258526067
-2.42861514670462	-102.93739183863153
129.22869743554728	-55.85342069991192
70.29918402756229	-106.79732337000763
34.31699344975359	-126.94153328728602
-141.20609114248296	-9.11018134146445
3.5559244946460464	-148.11550493871422
76.94184238535176	-95.66539114957658
-75.16551077493101	11.053812621470968
-88.60102353870897	-112.57613887523148
46.54034473086813	94.49520649205094
-43.488925213394026	-129.82842320518677
-118.8953943114411	47.3193286061743
25.215061627457096	-141.85503312624783
139.7010328249689	-53.50163674720001
-85.25998607795432	-62.8927506664375
134.39859775470956	-31.68537757047658
4.3745786963730335	-71.20602683996044
-85.98534885916781	17.917442481351625
