-96.20926134883611	0.6024607673392233
6.894854060770119	-145.48641222460307
74.00542318315617	-107.63516269259222
-135.7828224436154	37.138599851662214
68.86169888969941	-124.64804368802746
-88.71839110001146	39.8641183915381
108.90502706872331	-56.20131954106572
-27.62867781352569	109.77598756209886
59.621630277541286	-106.9858706109844
99.31024600852157	-88.43185121243316
-64.29892536211344	4.3598352813398105
3.503993683997772	-26.343233587946827
66.93920410870773	-124.00881482975055
114.58340636445263	-29.453301904839975
83.65662796991394	-93.9634952388713
79.17366568740013	-123.01347231325667
-110.75272597720765	2.1619513454453028
-93.88768656957365	74.02590837218466
46.65038532632633	-78.0075503780994
-33.43072202656309	48.90442765750434
-54.11418845649254	47.52560057202292
10.861628918509911	123.06703783629266
-124.51053164640645	-50.674035300284245
-13.115575632625253	-126.5789756150428
-107.52258903523462	67.33860300472051
50.36695011231995	-105.76171491064268
-25.943907577268362	-133.9194609990687
16.41896870056292	-121.05688443180136
24.570849912970758	-137.69927032448885
85.95924255461043	-90.5050921615054
53.23863329545356	-116.32228265049618
32.64647930961775	-121.88354747105654
90.99839189960271	-92.157537729794
23.824491326810563	-142.68505892604708
41.718088799967546	-132.99103594849902
106.34209895828813	-19.647542469307158
148.85884582294506	-18.22030001819417
-35.96800176427675	-88.18159975606675
-97.59157481563419	45.759749486690964
-3.0765578067901465	-117.54989224316084
-34.49505810764489	-138.55661482878716
122.96467427472392	-73.14829977830529
52.29832688605169	-100.67197598164906
-82.95523087553703	3.2812361037474287
82.30027561502368	-125.26298177655362
-111.02020056677212	-49.70123712162957
89.49839001123402	-99.32863129781481
81.97605519750462	-75.34860835950508
-48.99116893767897	-133.48152390542313
36.76725785442871	-128.7683964075513
-85.9343130564781	20.871183696004753
24.006951789222263	-133.37850527380564
14.520513721965168	-137.86592503340214
-29.029460621533836	-147.16378951931344
-17.23375386518114	-131.58823670106662
81.8348946373726	-50.25797673764032
46.11159407935938	-124.56551785562277
76.8929061078505	-24.403346660390838
0.8211167598396392	-130.25446434042834
-108.81377855073798	49.21205622212082
-107.10567559255185	-72.50918600030094
37.49515890419775	-83.38096903238637
44.84922655759093	-142.473260026672
-25.61295431708513	-129.80761937496393
-17.929921159220008	-146.06128498556043
86.02758549050048	-111.60168266591023
114.45145960782298	-84.15714944904333
85.141571312042	-111.39770047426173
-64.75456694918279	-99.4413699519307
41.94308164366465	-76.09050732169048
-32.33651112592194	-39.69157060355616
-18.119250287214093	-49.20877651433551
-104.01356464885112	-23.700676483677153
-73.07765783749213	95.50897724471551
87.40426621829633	-47.48589188582739
116.97575098225064	-52.90185334561053
-38.40801356398167	-115.6028890214467
35.64850452345147	-114.9889496849973
49.60854981301048	-116.90613974214153
58.16716174414061	-128.73583886806802
-22.616061658552038	-119.74847623199429
10.173719264025033	-63.109298142095334
137.6724811645364	-57.005203545432735
-112.49162048077136	-61.30735250904763
46.56000355330517	-106.3015007952341
-55.95451684019942	15.794072628616345
49.724043912628765	55.10738156462399
-81.21227121182312	22.326057358498115
-103.76661781280785	-47.25343402993014
90.30331813275271	-96.13242877262263
-113.8782381495572	-61.229786330989185
46.20258861035819	-119.4890825574438
-113.97495302644808	-39.560159814269525
54.99349872567402	-127.48435300391776
75.70792371451222	-112.17200903942943
25.179292919698558	-123.69811856531445
-127.99929341009667	-5.490983641259002
28.52283447347155	-88.42273956431895
54.572021264161855	-67.02236785260273
-39.145311464220875	-137.12389051462054
74.74532686438572	-90.3184766165362
1.046645463054356	-117.46703097783212
-126.09469463547703	-45.530767544864965
118.96343557727499	-72.30159466191212
-45.78835802887266	-86.06271130039632
74.80030114819257	-127.83646934501756
13.020871963445039	-115.04569457133633
-70.9300076572479	78.72262074601265
73.99741560986013	14.576956340727687
-102.8834794472481	40.2086552111176
55.91701904597088	-103.47129702964058
-130.32442808294024	-21.26964322010419
-47.98759368011366	-110.38017737986058
-112.65356048902503	-79.49147063748455
24.06267812547441	-134.07514865454627
30.49400213907216	-128.13274797978963
83.24911548488551	-114.01654454433196
139.95897073279875	-41.454334792265186
103.00741531114872	-106.79721312548175
135.41305116793936	-47.221739791722456
-122.18432806009575	-48.50275986942274
86.66762442245728	-35.9470297224619
-121.8990185788365	-36.96413424387897
-96.09238561716155	44.87037487003753
-90.32078289590827	-111.13730172052696
96.46861099135525	-85.04670667708483
-56.59930479629683	-81.94255581936143
116.05534678448211	-57.563868984128895
111.12071553056141	-58.11365110892609
49.200603022241225	-72.1569494089336
10.824391016889505	-141.04184469838708
110.45641588169968	-100.80631432119404
2.9416908860569544	-116.10612967713014
0.060655002639786286	-36.11012193343989
-88.02981311334041	38.6454544371497
25.158601200730118	-61.48526235995414
69.87910360014364	-93.71552924951904
36.10135846085027	-111.83049250297806
22.53163052393539	-128.8692176127674
106.42871215498167	-31.3032251005192
66.2095224296409	-86.50540825973769
44.424349015446694	-122.51078257959972
108.10090915445751	-49.96752766807267
63.64105903703902	-118.14827301954537
103.23197975793954	-108.2349727030471
108.48988594745178	-65.42953993002857
101.93214716692499	-97.9659491292131
51.052849580718615	-132.1250576956894
19.961371523057604	-80.11732338704658
-78.83288131519161	-52.941921716570846
-94.81917868817872	8.826862546872308
-64.9791521349213	38.80927536024863
-107.38561586889942	90.85110006600281
42.47338836871163	-57.660320897748235
-103.55594854595083	-5.203553702318699
126.31296331088181	-12.069559452915446
12.155994613291766	-110.873749452928
17.52567356795252	-129.7978561844497
-80.8679693037503	-114.85254516406084
-123.38705658875166	13.346308084706434
34.465751342374055	-77.27727884373034
-133.63540788816184	-3.116526452624639
59.56682217435298	-87.51199525832163
50.373688600743804	-15.563209548525132
-112.61214005047614	-4.519843802409435
111.59808056839368	-27.941262155062823
27.75620309662195	-102.84353531007959
-25.682922674043922	117.51078610263545
22.41290796349093	-148.1513986920269
-44.955424049576656	121.62525191331807
-104.38182117410393	-50.97138169624665
-11.414623431108382	-83.85297300215548
-53.20196872685199	-84.27081153976887
71.08447339569389	-130.10930379664663
59.555338427683424	-121.30708823331929
-43.2343266306827	116.10894474447083
-94.22798164588175	56.284178704606504
109.4958393087762	-57.74719627735926
44.72547936024905	-111.18028118890086
-98.82207343616093	37.306434678592254
88.76435087240708	-120.42179796291902
99.83799384856867	-69.71553524149215
100.81238150825256	-96.93391266631205
112.65023338442741	-47.067708554915406
-112.33474947869982	51.52071114894914
43.821964773751084	-103.87403094792963
22.070411103508743	-132.38165114445897
26.76313521021709	-145.90100746839977
145.36420348400964	-32.248633763777555
60.6512870577397	-136.93813348822155
-79.29113214736203	73.64109900497014
-87.87878510988024	40.826738104707395
-70.99812101316118	16.466463310581112
-130.71136007887281	-18.758574811922465
-97.59362554065409	100.72936936767272
-30.80838206065648	130.5753729809534
82.40583471430851	-124.93314640353441
-13.970224636605845	-103.67675629923866
116.47657593497208	-52.09370036752321
76.17265607647653	-108.81557312349445
