113.04808009212374	-79.24871011270365
0.3927750256650281	-104.85378262924438
-3.4077174498697884	-92.51444662658784
-101.25890695786089	17.23731363020592
29.702607723101934	-118.3953951503752
108.29682705238856	-102.34923279773727
132.45790347457674	-27.82158015370861
-93.4442570164475	-22.976772500406156
107.0433232553815	-99.65355800182421
-113.76189686176387	-15.905178663159987
105.63118668762438	-105.72733993299434
-83.2759034332362	-7.061326835595085
81.87945657217851	-20.938898665173767
83.29594276286356	-88.36624325413312
-52.666815346753175	-119.90972546566864
-47.40679342788181	-124.49356945465459
-89.62104221079109	96.14359630248234
-6.232140377215881	-74.86930018700494
104.09801713616784	-79.2393097578079
11.622391528124451	-99.736965239422
-48.322680333055665	-90.56614681680834
69.50891353196886	-126.06412297133912
72.71710529589613	-84.57606870790939
-110.12559249562263	-41.87886158983413
79.58998141499146	-91.54275079164483
-60.58621999090367	-68.95757536914097
30.303513642060764	128.94180816791078
13.35612196254795	-135.57289894854006
12.01430220965937	-133.50101158830293
-85.67982792709027	82.54590864827449
-123.78982750194321	-21.79137938832095
94.38257173496328	-98.39397971928443
24.614951457577256	-118.68619744813222
-63.31119155878683	104.550754104355
-81.26071879093861	-95.13354753450035
-20.513129655394824	-131.26778009412095
6.380701898765374	-121.58903123852774
21.518566030625955	-90.67031999811552
-85.39434576947305	-44.785376066868594
123.0833625675917	-65.04477572696767
55.75611676884474	-88.37224015659835
-57.088373063360244	-57.76270742972322
110.08388044532607	-83.4425127010654
-97.0913406610794	-47.834794023296354
-48.61003755104356	-133.27807479858345
124.00470072549355	-67.84256453974189
15.809820891660213	107.48611897350722
74.06540425357953	34.46283879436921
-26.956677778669892	-115.72566035228246
59.7290973320501	-125.1634967517233
-51.82653479063719	-81.72474798763727
-115.11653081093051	-92.87773777356651
51.1429845080397	-133.82281988278575
66.5661118376724	-67.8864476666316
-31.14974891514787	-146.51034356950345
79.54803682227403	-83.2433074648541
123.89226396406802	-31.74223718915369
-90.55710189525922	-34.030959494394324
-135.7200309471608	-2.5173758725471322
47.49160054081591	-54.42260839061638
-118.70758786781634	-74.18237752729848
-99.51309537177592	-56.66460451317017
21.77137569386343	-104.51190565452924
91.13704399497736	59.181223466566884
-72.29202108304118	-43.199360444490885
48.51143035852855	-98.36022891464867
63.39427142034115	-68.50483436891258
3.8218131019669688	-113.3192957497171
22.13762394113547	-128.621007403466
-83.1002116126305	-15.210860108165486
114.3113360990975	61.0754874462661
22.429925991000484	-103.06881432619379
-116.44624002739664	71.11643174369298
128.29150687268918	-56.02903760229418
-93.3018752984354	-40.993625595904746
40.31009570175761	-132.31015869627717
-31.111086454568312	-115.95540377894798
21.923889319742575	-98.7180278358599
85.29694765811924	-116.94599866189174
-147.52541996026892	19.538379100416243
-126.21083784404247	52.56763267987528
21.124994189746275	-86.54640324814369
135.43498561260856	-61.73775297358224
-5.522076475331655	-84.19857773159745
-104.43164257119159	54.92250770769287
-34.844939984889315	-145.37084804773357
144.2028605418447	-16.83913236998056
57.074015853557775	-138.66373423358422
120.0859596511748	-89.79655987874334
86.97719278408259	-121.10561804750321
97.13498543359012	-110.03672466666673
121.31473393470566	-49.77582861415395
20.465359530814247	-133.62530778326155
-38.36113051752584	-144.6968140223049
-130.69522414702936	-1.6607989758070132
27.15877181900615	-128.11511035420384
-37.83280798644159	-68.08636043160675
26.835537309209744	-131.93868883140732
-84.83095917374743	72.2027969028171
-118.18540384845647	-44.54843365099749
-25.907436763080632	-103.05359903658926
76.54729615109322	-70.8797877117465
-106.94909707932233	-96.2312687308485
77.74041572442346	-124.29948708285899
-73.82122592686426	89.30217025791346
-55.713059666854186	-105.58100250792845
-25.125336353233976	-142.45908617849614
-9.421295327358292	-106.93680398110097
70.13782902240301	-84.704653511974
122.36866585390463	-53.237270858324365
102.4364885782201	-46.60410988332919
-71.97327662738108	3.6396640890108993
37.016580942546966	-97.52581929433146
-75.96984720440759	-12.217173658851294
-106.86395268985211	-16.01591692162636
-59.298778486524135	-106.7896911691943
-117.50561564776079	21.32549934717166
-17.755670518277345	96.7010498041879
-118.7266053741375	-15.22134281302733
-77.0076489205138	-93.69315017136255
-68.31056868128442	-13.000668915816943
-109.37795216046526	29.43411405546321
-144.35827813543975	31.374319176035723
19.670912196514784	-98.96863824724704
46.459305557308404	-100.86195594498211
81.87924046973733	-108.88893164448895
137.97418864820014	-16.650691067690666
-53.68495067513701	-111.22060549802161
15.24505299231305	-85.83750891607366
-114.4472267204982	76.05617518040691
10.888920503426718	-130.18263134100854
85.08251941407383	-106.00464959443245
38.27469679746903	-127.31193204695414
-76.93415118074337	66.28676333314318
-15.296217474623793	-116.35837296434492
-116.97830824076989	-21.368738627041015
-60.41940564877837	108.44180209093928
145.37348096097165	-31.89754186959652
-63.021555131883105	-94.55955834216505
48.637026241606804	-131.62709118066053
48.407169263398934	-84.30230508090875
-46.038744144694604	-63.31738512925617
89.596884670901	-59.73092730182595
71.7198284375551	-123.32805424509354
-9.605329394475378	-102.46447537643002
112.2853367171738	-8.337201544333352
29.597324619170248	-71.27658805244656
-19.83285054319477	-115.52709717546188
131.4114952889481	-71.84066646126992
-5.474840673513924	-148.61207954898538
-43.10045079245714	73.67545593551972
76.57414765407006	-115.89648623480093
-117.29666947280374	-64.16391069056253
14.979704050453494	-121.23407760574362
-48.23872806714597	-124.6658707689197
114.3639628644816	28.609517322717796
135.10142556558424	-63.16257821985811
-97.5329681001389	-101.98622116214406
-123.74980658133089	13.947059984366604
-110.29101444520899	-0.5286180811352706
128.48958599459493	-66.40914222052209
146.55447706807564	23.747833587519406
32.08351710442294	-92.52490059993484
-131.16438473701282	-2.042263120331608
-38.213997966900116	-111.753843772438
-105.49267122106343	59.490496339779405
-109.5381480179953	20.440562489011214
122.0578542533454	-72.56577869807928
-49.149172447552054	-113.03308911464337
71.72700555093628	-96.06667994154249
40.72635675099429	-102.01819872464152
-17.7018182013722	-103.52211985105275
81.11888512421633	-37.0627682546252
142.3625406407401	-9.666155954513362
121.19175927151743	-63.45993571078831
84.12973687743688	-121.29990022889676
89.94643002696515	-84.1232082004432
22.239937853031034	-144.37701340292304
87.28085280956593	-103.88328663409646
-62.51262776529596	-78.13288250531761
97.75795813765134	-113.76004893910509
-63.296570340789565	-120.61212590344823
4.30767965693124	121.0008141154801
66.69714001788643	-90.97477403311265
-32.98522674557049	-142.84570917096664
128.0261835755014	35.146243414824745
19.76255945242685	-126.83746221624827
76.99721818611508	-93.46489998903907
-101.03388823236105	-58.595592200348555
67.77437421502181	-75.12989361912967
-81.60287239596016	30.471717937998566
-52.25281380796308	-79.88370051383235
-69.7074652529481	-108.05464522781409
90.8176141093369	-100.37397028212347
-51.27454989537006	-126.73769615147818
-46.23819400297346	103.19309456234288
-98.44329552213286	9.462481662013161
-94.30900873696416	0.3017294202926601
-62.35373818344418	38.570151927527206
-118.98753207533298	56.588133046233295
