89.24834385102656	-108.81844633310156
11.526236120352705	-144.96747860436642
64.25159719134497	-104.89505296318725
44.943177327606264	-59.69960954160929
-18.958759834843853	109.51731650741323
-57.41519612000041	92.94893053886234
-48.15208955636743	-55.89807945148675
75.51633842082718	-33.95390335955232
59.41967720597212	-91.36786057938882
115.88059397930307	-51.39926827829873
31.56719961778235	-94.2330599975405
-96.7883315280041	-93.20172726092478
-72.47659844831145	-80.28442728657524
-130.93809200893995	-34.84906280575249
-126.59898619831064	-2.0559261300525504
-65.93682319711942	54.43096232902758
-95.63515806458379	68.60073345081562
-66.10485811648533	-33.30196202284742
-64.68457101874402	32.26526610223569
148.8438297994361	-12.225022811417483
-5.568188206305282	-73.34931444158082
-40.39628677179259	-114.84708309426016
94.74383656432043	18.344040718038755
-100.55541558486524	-13.077877490589815
132.25593564104975	-55.84655325267582
52.76294576919278	-119.03649691356769
-118.56526739984196	-14.26563198614385
-77.85782013449258	67.06878063874808
1.8804029398944382	78.90510135158665
-16.057173382624136	95.6076109868168
-114.01266404209902	-2.0731170525265776
-93.70135903894602	-15.931925411544546
-34.50811557822769	106.83181756762286
-42.51744267480534	-89.30511867256482
107.48108207497685	-54.713172701366176
-0.0742248883051176	-149.77711120075767
53.38291436419088	-139.53851601231605
-90.92295103271195	-90.41655904717398
61.55375793848917	-127.04419243523704
24.980908139166267	-111.92952449296672
-87.0119887315627	-84.90370470364357
-19.050061206196858	-30.19979526303735
28.30779492185954	77.46961980801116
60.79469216000317	-74.95210590666126
60.93051365403004	-120.9668889159455
-73.21544041591704	98.50496605877417
109.73028609604278	-86.39602401696312
103.263567264321	-82.04406858474698
-14.978097006478272	-136.4246412190372
-55.366867250850916	62.09912717156857
51.094639321222445	-129.59858500213917
32.76814622315607	-131.03725063346891
120.63074390705633	-55.81087343403204
-97.0886969102025	67.09882679139572
56.48885520454613	-82.09332939956997
-59.060310827926564	116.48868237425043
-3.585399324818365	-37.230955830042845
8.359176710419458	-101.27214280044339
-107.00251823904755	-10.578809687714243
-88.12996126701762	36.17244547926426
43.01364498853388	-62.97425005442216
-119.88114387819175	-71.99601673574544
39.00151782187833	-127.28273023333833
-123.57523696090851	2.8749661644892828
87.66149727864911	44.98794344961778
128.66943653207778	-70.01263144341911
54.2448007681308	-139.3279670942059
120.56626529168675	-87.96751179190385
90.22747319415421	-119.29167521750212
43.25291956555254	-72.90587198826147
29.721127879946753	-143.85200171196163
-83.55919686370896	30.983026693497678
-102.14704547762567	-81.04418635867043
43.620233115688386	111.57010403889856
71.56715944013104	-68.29487740720128
-121.36080956380277	-7.958064769877421
-106.07925380355775	-84.96754241318197
43.9552499919841	-105.37335340483178
51.015295315527325	-139.9004040255728
130.76907013737008	-48.23498511090276
-45.052083794413946	-135.63608368979112
47.87721156063322	-105.64584289934004
-74.5766689506434	13.524165370860334
36.71459374835366	-79.91136772534801
-107.50134593049552	69.9103070595925
126.93615779780399	-74.45926257693147
-81.54390993203299	-23.362592890882663
34.41640191203781	-136.21723271393742
-131.84476045988765	-2.4490640730969524
-97.80747532208157	-54.94096974148108
18.463264643700814	-123.8442317531966
-21.886655769673993	-62.93321182547483
-118.95277018133416	13.441425686529135
-75.79171747402864	-47.97451910722401
142.88079012237088	-39.85337865636327
11.156681511098814	-99.65867038612214
-117.87833445152005	-72.70360931670731
-74.16714795831153	98.77704191290199
-62.18681717801684	-66.28130660821915
37.096614439383565	-138.37075296666777
-147.01493457961664	-20.196370461044857
140.95297865888395	-21.948929618138354
8.97089680462447	-147.88200241464966
-28.16951977541464	-138.5751381192823
-31.00715791733436	-96.24945089626867
-61.12594885448275	-28.27577306475085
125.776037591091	-76.32664912978271
-40.3912312846785	-97.2549052556871
80.73288001804141	-93.35689297465896
-98.53988606794758	-88.67283915523757
-115.47466541878514	-55.202148802952344
68.0374634311687	-59.07610754346094
-55.810650676142046	-111.22905178966333
-102.62144064675402	-16.10083066566665
-35.56985531753782	49.37174374026726
-26.33093521826299	-127.36475319191054
123.60103144273796	84.65172397226026
18.672210642724366	-113.31881275569202
121.52786300603869	-83.46009292140005
-132.6226720538764	-38.12664776678573
52.55936306193779	-135.2519291609197
-124.27361214760671	24.923064039886366
-109.29521193068891	-19.822166422398436
-86.20295171129062	72.14688348396108
66.89558540628096	-133.76232243705672
-48.97354684803289	-128.82808133266263
-44.159580355823046	117.61069073568731
43.948282684086124	-43.145145476120206
-98.42234382519135	-49.52983046647713
-85.83689886659228	-80.17814419739953
43.33304963972516	-106.68941936577392
116.90436381267966	24.567309956006326
93.03288755355676	-77.09235038432867
6.8581005634469445	-108.55945319256249
-107.01573541032296	-44.650520926773574
-102.05642784426992	-87.68911069842844
-118.59553048362532	-2.065700761692774
88.18762506989898	-104.05180659734555
-106.6316868092379	15.350714487837122
-57.88565275740339	-126.21118557230425
7.7772183386586855	-84.21550577934507
-84.39275853786089	15.176415479650231
-92.37030611368844	-112.22894989270235
94.86489238318815	-88.638289922646
-86.2543323951013	85.9203423377836
-100.07082735255439	72.26252219032041
3.3594466594004695	-146.5452451325382
31.481583122505214	-131.20921634615524
-120.636628325903	-83.84371922254765
53.2664165505851	-121.79987472875384
-111.31212177243931	-5.842786792838966
18.87610449511916	-131.0629231216029
10.016731535137048	-104.42645597510844
-103.41740573925057	62.72456494236231
-104.76327574038169	64.2751981278875
-88.05021643998656	-91.29874500549289
135.2712696869733	-63.909562906802165
-24.750279617195122	-142.28409944941882
50.3104627639859	-138.407118384414
86.18410946671236	-103.62392938370414
79.2941996715703	-123.63704650009741
69.48714451270199	-61.52822762049572
87.3446130802556	-15.154523099692211
37.55807652418394	-80.47820300950704
-103.41018090998604	-78.16513287263713
-92.19330761629473	74.1731303871691
-0.27625045441614265	-104.68120271018667
-79.58098928647628	-118.9760053019998
90.39826365450202	-112.97822602916534
-48.99774639244776	-94.79039389637062
34.73266644925653	-126.42809130478447
46.337426876588296	-71.58699606215467
-54.12725428571438	-114.62347198568008
-6.5058143760958345	-145.1372412345794
-128.41046657648158	-68.41462589061855
-123.73391198391963	-3.625707698708269
36.0895403086872	-93.70494750737919
82.22777566993749	-116.85649503640637
-9.752206154899373	-111.28135753755379
-54.095391149582774	70.63468859103395
19.294790153587012	-133.7133286660673
30.329537832625128	-119.16114924997309
-83.65938727271435	31.448475911188577
38.91522512836595	-115.66982566770218
-135.74544108861494	-8.516395421286585
115.29426390135984	-78.0667987817488
58.55373819046412	-81.78584568251425
-9.99657824263173	-124.40759637126163
82.15072856682148	-112.74899613414001
-12.559169638458176	-141.34882776042394
147.700989368472	-0.8043782916718736
118.72895097781242	-91.54841701776024
4.854457146998878	-130.36462040004199
-87.48876986562227	19.54164764026739
137.30434892857312	-0.5813324082618913
-127.48165675854626	-39.15756907451749
-67.55583080610582	-31.620264877478235
79.86008033856403	-115.3100611576281
43.63803645433168	-96.24926015633609
-97.17950442235234	3.6208668930918515
