-98.49784796373376	-30.04947811664209
73.05306291315034	-124.54240959189018
13.8316293681896	-114.30501902470058
56.665280190707904	-100.26407714252561
74.78504115364902	-110.20748047925757
26.654887846613263	-113.1797010130918
114.22104575917571	-27.702573294319908
-91.110134653074	-60.12487224550941
-6.015174563951046	-95.62922465794895
-113.54028799786106	-11.786282065473442
-62.41008932320902	91.04963612682621
-58.2641460872803	-67.99013044567582
-27.224828897529786	-70.54459658208818
-93.11077807999962	-62.675759506536856
4.022049442225623	-102.92676085281607
71.01738173809277	-123.06030478813473
-108.14496047164043	29.23625949710156
-114.37303999143506	-34.179920607602305
132.0979456205254	-58.08897380080731
42.24065610195638	-140.6263891099818
-13.602825570954172	-75.12489383214623
-80.94744448039488	66.09505765079022
45.62796971222353	-123.43171180853147
106.36592512281109	-60.08744127487926
-103.73780596930311	5.296683090292897
19.781491361202953	-147.725508470244
4.1267474605241246	-128.22825921416913
5.873741984375741	-142.26384779488797
13.921944891159592	-78.91201470191697
-64.94903846932863	-122.15392108685298
-29.406250762427213	-136.97158171997515
32.014332823560785	-126.1507440478993
110.82988105041134	-56.92940303742614
101.59130062616407	-41.7638425147665
-73.21294626669943	-91.41845422663542
46.61855797707693	-81.75021320047466
60.2364835570184	-134.43695817417574
91.51284575220001	-72.64767924609455
-124.13977480018943	-19.377276651417635
-63.85367941021192	-107.08227231070245
-96.71503294147679	30.202919067114006
19.661063230854996	-121.01920002640993
57.94056669118193	-26.07528292670516
1.2484841070593309	-96.09279008025403
36.863760181586784	-134.5012355122954
99.57126046254615	-110.8591209338633
-102.73382237221331	-0.39764971034354085
77.67574335735486	-109.99422433188076
-133.09477678741925	-14.49481997089051
23.83536010741032	-147.17153854043318
-111.59013221506835	29.477783695054892
-9.161250759085203	-84.79724715256968
1.7308972685227089	-118.06894957591888
135.9865647618754	-53.896361253796115
28.525767263168667	-139.23959295286662
70.73869778546991	-126.80302608385414
-77.25731079532211	-82.77954544997526
0.9845692806628213	-101.23417264012086
116.42806150875303	-80.81711738580614
-101.67298461924901	-38.606054653076114
-16.989496404595283	65.2881706386233
-73.61973200346016	-110.6467345780377
-78.67036812818199	66.72268673470937
93.58903083271849	69.0935447282722
-124.23182190633452	47.86785409812417
-78.96023710228577	-119.74331079354349
9.508183924088287	-133.12363166194018
57.229461230598325	-108.48563426890514
-25.365369527881256	-134.91734605980434
139.34525776723314	-35.753499349736174
9.307259805102701	-147.8965753733491
111.11951974623281	-99.62409141530607
-141.79054368876348	-2.0561500403728434
-1.7668865607047797	-149.48119239666826
37.22671988307662	-70.04867170187961
75.47167119171067	-79.54813651915455
51.7296151646346	-122.92396293672272
35.18456076780164	-122.1905264819751
-85.91031708872764	78.08228611170142
96.3065557113495	-102.91570403540724
-112.2609628531502	12.024727330051322
119.86178763455459	-88.81945172998881
-91.96151153257703	-13.213721861448018
-71.66554918417819	-109.65147008316896
-75.61846096901934	30.440404632917453
-4.681155951837847	-91.77103586846268
20.164701012831877	-80.77844390869927
99.49703932417043	-73.80119248000452
-128.6890528609031	-36.10906896977783
-0.03088067421072406	-149.0505818064558
-43.0521053879474	-141.2225697665103
47.10424010231933	-70.91958433414614
-69.05880702869626	-95.96818977082653
93.47803162730716	-46.92292237720082
126.96822600794255	-0.7069378809059618
-56.82149547619452	115.1372783195612
-8.354422480613572	-148.1924656935047
69.9609792162673	-131.56131148618516
40.815083000713415	-38.251164813823806
115.45490198841269	-92.50497976667671
-32.60893444960327	-143.10258535768781
-119.93017190434128	58.19955161486271
-91.36032610344819	-67.76182574655677
-120.43665702721148	73.24046114232131
16.955941380621425	-109.7163335139084
75.66689477909564	-19.56423376366422
97.14404254194494	-24.21394573161649
-120.81791658004062	16.034214901947625
70.85270728038388	-130.41364886851878
101.46241758716957	-65.58901905021578
-13.846336362321304	-79.48088371070222
25.164841513883623	-140.3400883702126
6.8591487606984245	113.78087378536918
-47.42733024110533	133.93791930315194
9.949779275743493	-126.64051212207126
-9.541933473333277	-134.47112166487517
97.78591424807342	-65.24240934612442
-73.81389121113693	-129.69494928735273
93.42745393163854	-109.66001782844147
-84.90913608893298	-112.85420855548345
51.580838305735824	-46.34547119544397
-99.11454433587302	41.550608331046256
120.40492248849236	-72.26982887623517
97.42622103260523	-113.96255116164363
-135.35229004068665	16.638472756009037
27.914261938458548	-146.44664340604862
-67.60780717571478	-56.77830332935163
3.8630930513552806	-132.93098534096055
-1.6021497846270245	-146.1557671012667
-116.16533058189279	9.709826878402355
-111.0706414981737	-40.258404027222745
-89.65065893645274	7.4649875958599035
-10.818802791578285	-133.9186534229951
-93.80267691335439	24.412558481249977
-86.85082350143324	-107.13768910055566
25.419479557252657	-136.53575024779744
44.565857775184426	-103.53406842038297
100.44858587532302	-68.73754152744965
-93.36878897125231	76.94720492603864
13.548171651413007	-131.10953502748137
110.78985137473333	-88.29506681985762
7.227385185939347	-24.31824635424875
-95.24441496871916	-9.296488093428998
36.053098534647575	-126.26017772624945
46.386223301330446	-89.73853571407437
88.71969079956155	-117.29600477021722
-67.87387336394876	64.05652290705272
64.02817942891987	-17.42412767843881
0.2879464866396963	-109.0820244912684
71.81343535711646	80.37834481702367
117.2978335179111	-93.12149265998079
-49.29149635334111	-120.07865843792591
12.709686414685674	-117.70825689252858
82.18715488118893	-104.95231348344723
46.59114080166947	-101.07782037974002
49.65958011699748	-74.1257214288458
126.62189261548227	-65.67122563562614
-94.55919594814219	65.24237941268177
3.915642377596422	-106.50120223095824
51.5699849752824	-134.19135548467435
-7.432579967031697	-58.579889626905334
-26.205767819090063	-118.89025432448008
53.64960894126363	-131.41885786187444
63.566616305479485	-129.04494668831788
32.922080162932886	-113.54094441694072
-16.308009296595753	90.70536830513277
-41.3624421904466	-131.00105299474976
4.933437538405947	115.41303998364158
-111.55389417589824	-65.31604480772471
136.22985945176	-62.4845932024318
52.41929797111643	-129.84265298639622
6.831736781603259	-19.81207585008036
-102.46589218701175	62.21187756358885
-13.65322536743994	-138.88028813266666
-111.08453779880693	-66.34674833092149
-45.87964074387316	-87.0351676589601
82.64883490575237	-73.5016394053375
-17.852306727978128	-138.70174964687953
-59.36763644521173	-130.81990144679617
-82.64053209057698	14.152067329501497
55.519915213525415	-90.16178149523589
8.010657914052683	-94.54957520498824
38.61364486374715	-66.32852742759454
-12.677419685289117	-133.31020695019066
52.59093032073003	-114.6026637628372
-33.53243917315181	-140.8331330271434
10.498331577753152	-129.34502601390955
-77.35745088487853	60.625426754183984
-99.85416048546564	-110.94263556872434
83.55721051383118	-102.96786051772237
93.69142616865587	-105.34690396501598
-107.64669906747207	-3.720737367595096
37.03225126262668	-116.57008889093528
-10.01440646468351	-73.44287731340896
5.990640688618421	-48.500939968050666
-105.07966470334908	20.794547085079625
68.88203405739073	-83.9051805218466
31.402193917589205	-120.25047963342323
-19.24987849219115	-148.20527268983702
-111.6047099235109	57.695725951955055
