31.08717352630917	-80.49454898640916
-108.69955614569916	-72.89359776035127
93.6952667065253	-101.30869184729406
14.25791919809397	139.38989464189274
22.189095242376844	-122.92148698460281
138.4521621463435	3.5767456320962836
123.31403467634001	-78.1592034746576
-51.37328888790933	-131.29462183705888
-116.22455145208697	24.399806308280727
102.71152162779075	-87.8181343564918
100.06612710121988	-105.84789076448355
-127.74642897102859	33.24462257286155
120.96722721313647	-23.41495576128829
-97.94407147070983	-31.833733402558305
-17.92095422416416	-123.53717813961012
21.071866136324594	-52.94047788331978
-65.22456570322869	-68.5906169332639
13.403833103351515	-99.1142131645082
14.265316434095238	-135.87812479720955
-88.66496915909211	-59.729202047708945
116.8382052682781	-35.05878233016901
-125.42612924160355	59.276157488650384
18.117096119807936	135.8251945140516
-109.40564351471609	63.508608003399786
-63.94016695729066	-125.18863726182433
-16.771248768075484	-145.51188966867937
77.72887968303726	-99.62737487285918
-60.52446226821554	-100.73203788359304
40.098767218329016	-96.09492535287572
61.31789176451862	-77.8023128261588
101.48344901670326	-85.52801401033945
59.791001296797845	-131.88962973929458
68.27170621737991	-55.21661113829802
-14.249058113461905	-129.41866768222846
-12.13442937917568	-60.736713684383645
-40.53247840613245	-81.51715154137888
-28.575288869266192	-141.5586031307846
-83.99200408931405	-59.48650063882081
-102.20891899411059	31.118729642666697
62.60306026767427	-116.8024412275082
-88.68591144723976	5.774826261115966
58.24408067559881	-88.85875761780822
-6.425923246050521	-67.15157529579018
-135.29682033129785	-0.06424670178988634
35.74896091302851	-101.94577910936565
-127.93853354408193	-43.75210153073873
-45.31603207170229	88.76393899961272
-91.10042067082647	-48.02152738755699
-129.55991216140683	7.255054461043703
11.890332727481372	-147.28450086290474
100.76508253674889	-110.35781979359791
80.88843110670491	-49.64134909040287
7.38508539435837	-97.54521497854175
21.441151050231888	-133.97053808492575
-13.431228568520394	-115.1409740967289
-131.66114365869146	54.63060188384269
-117.04580993056034	80.71661128484837
-74.69516200184022	-87.72160594294297
84.78203384125521	-69.39754385258024
69.74492996850935	89.9694802472932
105.82043935013542	-36.07438117561508
-81.65115870003605	-12.950949365641202
-16.868153469418623	110.50063898095445
-42.67960920293846	-116.84287293205006
-75.75105151677042	-128.56551032663734
-75.25118781117821	-121.91232229583673
-110.50303703641741	-26.61274492799359
-76.12752213737691	72.69997035123882
-122.17476476627141	-43.22205050734974
16.091669330919757	-109.18976709464384
-115.77865617228723	-13.056549673727673
76.74789305615346	-50.67627533686207
101.5680351117289	-110.14717037898576
135.13909505567267	-34.23912101939257
-24.276381703560357	-111.01936516607704
122.33206645293096	23.421115254043322
-36.11663742046337	-110.03751046977897
26.408125312701124	-142.0138610596012
-115.95656220238129	6.20410711797829
-62.51526818364814	-59.376747609504605
111.3127444441642	-17.6925904962474
-87.65840482568106	71.66880817713096
3.098390965215159	-141.2446465652409
16.224484712930167	-143.17962225893797
107.4573919083754	-85.71115826465848
30.345285662052923	-103.7488934973018
-60.148767186270085	70.93904474163524
15.270861599654308	-133.61928753491108
-79.87966714073319	-106.6440161548992
-118.67565392215712	67.167801295241
-7.93155952995556	-71.97295748780631
37.840328003650775	-143.99878203195883
26.626660631891202	-146.39448578028743
61.7658775093641	-41.455645279966866
-97.7690454140346	-31.685190038743613
34.915717676138584	-95.56851639978156
-36.80010979827037	-142.567108715361
104.59039204185167	-44.351562299268785
31.515214251854903	-99.79608416436132
-68.073305115844	70.00850770871706
5.615069102537451	-128.18805074651928
19.66011889853403	-104.52771394120607
36.51875523610128	-125.48884790851957
99.05793376593442	-111.05613982487715
-109.57387799306382	-19.057257724348638
38.94509249178841	-144.13877413252348
-81.2399600165754	-37.37883776076137
-75.41910361245354	-76.66260378868584
-83.02411853188562	-58.65126750660615
-111.55079013507904	30.555928373866227
-104.62279463941267	-39.364351999249145
19.431842471720838	-90.50784566030231
-122.10970132279145	-4.375800355401338
110.57513799687857	-75.68496160423155
9.862867466476917	-140.32781231232516
-6.606225783939862	-131.67076007487657
44.66292728011341	-124.56841684577188
-39.12512777366889	111.50755666906547
-101.54483520812771	-6.7385039071981225
-105.30624767297229	-86.38788265841454
-25.451586103287887	-129.4483643222364
36.912286743731215	-126.53026582871965
-73.13634048324515	-119.90494902039599
-85.56761570824911	73.44179127504742
-31.47951293955211	-117.99739331069439
-100.12585923332763	62.533219817762685
-68.76452049301666	30.30753415225573
-105.60075627380621	-98.88840251176833
122.3734778153527	-86.63676638764511
-112.85489898128907	51.542252096130554
-34.37071530053671	96.35308203138503
-146.8735008361589	2.2607015015689136
12.465926354427745	-94.47965082570374
98.38581801723596	-110.70080471575453
-86.04812410308922	-61.88111113597505
113.32087895214126	-80.65644797302703
61.419767443389766	-97.01776198697537
17.724295425625517	-109.94102720634179
-119.88284749597845	-46.63454348104022
35.66192717641192	-142.3397830145534
-106.8433457418359	10.165023436639993
17.38208486527774	-24.725011048465582
92.70095959990746	-9.888849726267813
8.917911618503545	-56.964907009810844
7.13954349359785	-34.68042117398191
34.36244730680128	-144.11330355988068
52.05109644583866	-125.85533463071674
-87.3429324927796	-89.53507982315945
-27.606896764802507	104.28746888054836
115.69301626034857	-85.55073714892883
-37.639998181112944	-119.63933148233907
147.50097915133964	26.721700860160574
84.12525229334263	-98.08840084714657
4.921829506948158	-105.76656341821028
-4.236160659336536	-74.79552546885787
34.039271301842405	-79.36481948192717
-72.8319903864979	25.340420534351903
36.93270322914136	-114.0722944031755
45.776655204402154	-126.82503222663107
79.4045869930873	-101.28974587081707
-17.997874648308116	-131.79984677322494
-82.06930920291097	-75.77876121537214
-6.486734778501632	-143.85723009400678
-110.89706288282262	6.205880190447673
60.89311896231828	-99.72998327896977
-109.85527043431314	-41.92471108088928
-79.51799371842208	48.66895895273723
-62.70987088394509	-129.2761282359834
43.51389191381772	-100.79913691177214
-45.36437868156321	-126.89977048194692
-98.88908675414937	54.16225494344295
116.07626367261834	-28.842326888515906
-95.34949264469579	44.474392678113375
53.82747709699823	-139.03388521985715
4.955742924161883	-122.54703426750997
-113.46235851275738	-42.89585776469887
-86.2900240337849	-31.38240119041202
-33.06728205848557	-143.97987259781638
-109.89673672762157	79.22261505994865
-97.01376030169718	39.224226119479646
-6.439262263835535	134.13977337189766
61.61380695663666	-132.65700609703225
-94.43040099294278	-12.432974884732923
119.51335447421766	62.10264395326571
-77.24850348430473	-30.76623753756184
-66.82807188450266	-117.30252978287974
5.942780108396763	-146.97848908620395
-46.461720678005484	-47.03692021577562
106.17215966309801	-103.83249380625712
42.608941179246926	-97.93208968048845
23.808170974074898	-127.05575523386334
-120.39740378417736	4.836288022492492
-92.88290665858545	2.557107059596036
-34.80919754752378	-143.02064588085
80.3606545396333	-28.70497643149818
-108.74210121704515	-77.72795681119791
78.28821436075326	-102.8206769243428
-55.405320983401154	-134.37452418274117
-115.52605138883634	74.40314336788155
7.812102968895504	117.49996008609499
