14.215129208783724	-103.45431567674966
-108.87645040033777	37.506737199639254
-74.8795987653177	-58.39160919698519
-37.629994238528084	94.82513290348348
-99.45322023762569	-12.989739097630755
-96.24380529474938	21.587045118926838
-37.27386986866338	-80.63779293270827
91.96047003346528	-30.135456820687438
-137.89109227069133	41.18022047413653
20.855876036927874	107.81606459550625
4.511926798120586	-119.91997855931919
-36.18010841863631	66.1147397234801
-109.0379900561441	-20.49791977759043
-49.52627076271179	97.67291451876896
35.19652814681451	59.50742206067708
-89.01896019267923	-72.59280813581336
-29.34677862099242	76.51272022012513
-65.1318461441303	-3.5258037185577225
46.868477068776166	42.00995224972093
81.60628864427906	-54.25519975601827
-68.7882576149324	-67.2397529875914
-63.19906894989567	-63.62720222239851
9.406636343931051	108.42997410318337
-64.58489349856431	78.04491418046219
-123.5408657654875	-55.11357620060493
96.11353697821815	-69.56908953946493
-49.46732418499612	68.5376931541966
80.40632956308936	-15.167266376339484
-33.767927127824244	-113.10009891366396
-49.2454990199613	-90.97895159207056
34.86382608344546	-105.27623506794411
71.60434156088446	-117.3045235557876
-107.28337032919205	-21.124123611391443
-27.043740734845453	121.53740087331694
-104.22649333870734	-85.31328874823821
6.302861601687135	-106.01405713955525
-102.23999083170581	52.09497483187468
67.90979265660648	-94.32966404693873
-38.10223544972421	44.94423079922173
37.3504685241194	-126.87022708612882
129.7406921728466	-45.42324382276348
-109.90518480062404	37.470303042510295
-110.54889753168331	87.76960672738953
-46.45866240502645	33.02087226319095
-109.430077253098	-69.87255687560963
-1.8764460363453561	-127.06649290012899
-76.45679414091414	-99.76284929215656
-2.0437716002734003	74.78385770355479
-40.79283107203254	-93.2575657398075
-84.83348726186273	67.38451474759333
-73.83566608829942	91.56172057969768
-85.81775315221562	-76.54597971013911
-26.087297444516473	-57.64158990966007
-92.8239623561392	15.418386089453312
-120.55273044172068	-54.79809392333297
-79.62632221705378	-97.95285238446456
78.31744022277717	-36.41413172658109
-75.26101765799885	72.82459638459817
-134.6533418206436	-1.5069177250621804
-89.15731346522463	-31.52868217478618
-15.725645360077614	-56.7871343529186
-81.39179728634105	77.09113080369052
6.980483993370453	-93.7493027229265
-59.09428856755896	-83.78186608961946
83.76969803815001	86.2275106792204
-54.31260064824655	-29.258341670522192
81.68862987635492	-73.05974917408138
72.96086385849877	-88.64016112051243
-93.76974364253904	-40.996870486647396
13.0168257583853	73.8152955768437
-71.78785411640122	-75.95903137757387
-33.30001139096385	95.9116008748951
-43.79224807448233	-82.74918943635635
31.101130330245777	-96.48392229265164
-66.03133005735339	-21.934322825997533
71.68300147867474	11.707596331549635
-10.83203582321719	-71.87605149774058
20.728211900326624	-104.0142204787097
-98.12850306312842	-33.39787618427572
-5.301773984350886	73.36530718624063
-76.42982838170376	-5.164931821125046
39.63619161121095	-121.17187917430962
-101.34783120113333	-12.051799758658
36.43802596353518	-88.28816060376451
82.7228550572329	-81.88632371291914
86.68465333677179	-67.54134154075636
-64.4161501337328	26.20243661230784
37.414860894941754	-125.07288466151184
-115.18840844917852	-55.8393275670129
-99.16265552612762	-40.63415311281785
41.45940494910345	-99.11163882152024
-37.82828163308101	-99.13706265576218
-87.45106909133096	-19.715078457880196
-127.4747345613829	22.681174267094338
-78.24802543919209	-87.03974763365504
19.70092624049676	-71.45595504787678
-13.478731445689808	-106.45671294581717
75.50705261306796	68.18771282013182
-76.2036026117367	-36.74897822776469
105.19342067981158	38.116717454590464
30.526871748719067	87.1396048788072
-74.70581122891373	48.30094739402525
-39.56577164107919	-122.80513505222632
107.12260707305559	27.65864401494812
12.934192499370504	-93.79228785889953
-89.26926475315197	29.853275524002587
35.43923012143319	73.02554558222201
99.31206439614861	-43.987221847821004
-50.805999240212635	-105.74908545477093
-31.921250866200364	-124.0417115628498
51.35063066345122	62.32039667881532
-40.78923993544254	-98.6460266588459
72.5342158119502	-88.3334448464276
10.14334468426044	-97.95697080543705
-28.219504793506207	-107.11082612678084
73.65457479407803	111.62039123153622
-54.62015956148894	-104.14900227861203
-19.482390493700425	90.29700298633982
55.50541462472318	-20.00992151732993
-66.74173524684907	-10.984490155889645
-100.11501501177949	-58.27170922292596
-120.60673116162332	-62.663940242539944
-7.102557704790314	-117.14021605174274
-78.82454461991718	-92.38036204223128
-31.592555230526262	130.32015444753975
99.3171638883441	70.84446771825944
118.59621896229625	-53.17528471935479
-83.79663936310178	-72.46640682003532
66.77328326944018	125.68252418681064
115.17249118256635	-23.57991920627028
-84.70251503026601	70.02576718574785
95.09455820702907	-41.53365691363114
34.96728971511442	-50.13503521267973
-86.68853509099516	-102.50749513424084
-46.44597882610686	55.358732112508626
-113.9084154127645	68.20591201017824
-23.96112011784559	-115.43836319245241
-23.24808091966596	-127.5191357831318
122.24061046247937	-3.3318896771625615
-78.02957814904127	-40.46896669324579
-80.76637312117423	2.22481480262296
-99.88464058313389	47.577956460434756
-8.772746095326875	-105.85658007638206
-33.00452517759731	-101.17117942367652
-121.41951793058352	64.01999896287008
97.83833955567552	-3.042351961597711
-113.61360018986214	6.590628449463894
-48.00458998953954	-63.87067927737073
68.99699540442857	69.5077060006003
-110.95443454224267	-54.91560843593542
-88.7420027435057	-15.397547544342943
72.77247040716581	39.688663592724865
-102.67720386996486	-63.47509419342619
-81.46784645347337	-12.781779485081463
-16.944804820880154	111.35232594734116
12.534197874278354	-113.7891783473104
39.00326377211801	-89.62135261547316
-107.44875158824165	-18.776167685853803
-123.89550835187313	-40.46173070438256
-59.093821664972296	115.40373077007577
-25.775984669126515	117.36966656811778
-89.45167105415236	-75.73937773898257
-114.44758286612453	22.752573011196993
-136.28350415424626	-34.959987379114686
91.36168899300422	-1.3813216375712976
11.088344337710678	114.02057464366196
-105.18101717147059	24.215614890481728
89.32997746055054	-70.40143892983652
-72.82131455725683	-72.68375995350465
-71.6766126000535	105.80046615284178
40.96287817223326	-104.07591135646888
-99.56937452690639	-33.27615833214966
-56.996469495366114	3.506866838763547
-72.22641743860129	-23.701504214825224
-111.76859295594015	64.3289103438419
-65.91844054396229	-41.18865525535927
3.187980532613587	-72.07933599323724
-0.06746762285490046	-102.6927933046099
-65.11002160562144	-56.92228761299174
50.172407685173305	-97.98621963804376
-37.765347632333466	68.60526620653114
78.08644120215054	24.168712786529642
-84.49456815499957	-62.84895592466844
-56.15464154313595	-100.27049082522248
-48.47493992463116	-41.93471670854551
-3.721813907828498	-99.29846906465923
-40.51258017609297	105.83641124653391
-25.851311283430437	-19.958459119600196
-60.12557272979323	-4.7360092810157814
-106.14746582735877	-34.91755880493761
-81.25405055251771	-46.84438817651815
110.66369931732514	12.653054712009942
-64.73878516559505	-35.37837506859616
-68.23227617433065	60.18367734266844
16.751057392888832	104.9943165071376
-45.55639011690831	-90.89033365123763
-57.33999882772542	-21.75162162354011
-81.87115545810089	81.69635050744859
-92.00030812301195	-15.794007091764133
74.68496282508295	47.6202982686612
