1.314169748288332755e+02 -3.167213203248192599e+01
-2.708076220619599184e+01 4.873061420266127897e+01
-1.721573571873645392e+01 1.397723430990060933e+02
8.182550074144739227e+00 -3.479537445824360731e+01
-4.680189899465077019e+01 5.417820047994648291e+01
-7.246146884940920074e+01 5.077528872372863589e+01
4.664059219431483427e+01 -9.573296850072293296e+01
1.978689382456573753e+01 9.709360557592179930e+01
7.765388872766406791e+01 5.959767927677225430e+01
4.272162641783406656e+01 -8.582700584157375090e+01
-3.671435517566714424e+01 7.632775665637358031e+01
-7.584274492346929719e+01 -2.604236657042133629e+01
-4.839395632941000258e+01 1.565699864755221427e+01
2.005870654803536368e+01 -2.757286088812328728e+01
-3.568956823597733319e+01 9.241775076576986692e+01
3.752960366597309871e+01 6.561558477348444285e+01
5.999731922645733562e+01 1.101538960780419956e+02
6.686054314522311870e+01 5.796131771900191154e+01
-2.697403418154177501e+01 -1.823075624971913555e+01
-3.686823087609798932e+01 8.208233930807378442e+01
-9.834007098739178332e+01 -5.235123590239801672e+01
-6.007806492512423802e+01 2.513124773508398846e+01
3.855868644088707242e+01 1.875091961393258444e+01
-7.058838283562208460e+01 1.070289052336161859e+02
1.030622505232207331e+01 -6.448116157518529690e+01
2.320535557972158358e+01 -8.853731754568110546e+01
6.665845751828701538e+00 9.074100803960610051e+01
-3.689938227084378752e+01 8.066014324740335439e+01
-3.210426584394508609e+01 -7.599695765364478461e+01
6.702354520647047309e+01 2.743750206797764335e+01
-2.749890263040436622e+01 1.261447622008541316e+02
5.333748990917150934e+01 -7.578922458861215716e+01
9.825998727155155166e+01 9.598687170107972122e+00
4.517080671548939819e+01 1.863588590664139488e+01
7.509612387729806215e+00 -2.781880631893702827e+01
6.840310637398793858e+01 9.664243688530889642e+01
8.841134834297592704e+01 -1.013967203058889055e+02
2.901962151722616312e+01 -5.095964923769567889e+01
-2.674939220152251806e+01 1.207217232300556020e+02
8.295852416914031835e+01 6.002676278891044603e+00
3.292080272725847578e+00 -7.529392459223809908e+01
9.649851287546539425e+01 4.409331970029789716e+01
1.319383036577709234e+01 -4.476183282064157964e+01
-3.446405062885887105e+01 9.987186368825159377e+01
-2.096741793988746139e+01 6.629617039431346370e+01
7.432178965535257475e+01 5.478251127005363230e+01
1.199824464767799626e+01 -3.738951469966158214e+01
-5.906442020273100013e+01 -4.361138365017932017e+01
4.858116200355608783e+01 -3.627625763583564833e+01
2.097098121232782475e+01 -1.863625335370804947e+01
-6.776813852228515600e+01 -6.117545537417714741e+01
-2.789543433304556430e+01 1.211342427493872975e+02
9.165737498988443477e+00 1.141775885533131145e+02
-3.720820603177813979e+01 1.001314265187211276e+02
7.068976109662504825e+01 5.222635898484421091e+01
3.597471654048752043e+01 -2.951116079545432314e+01
-3.064051662110124852e+01 3.812966674535728373e+01
-9.153230936403646467e+01 -2.718009351740501245e+01
1.738379147058489593e+01 8.039700112150583777e+01
1.095568262070032688e+02 -4.744400227745570930e+01
-4.594085827312893144e+01 5.340157949717598740e+01
3.891165636452613796e+01 -1.969243819727361711e+01
1.008737600265253604e+02 -3.053363486700137486e+01
-6.337447382734278989e+00 -3.896350202513509942e+01
-5.354882680457318145e+01 -7.668054080237632775e+01
-3.691894384515266836e+01 8.004504939353365955e+01
-4.340576873354821430e+01 -4.540144934601076443e+01
1.831927277628589934e+01 -1.706060882308780435e+01
1.009475517882266615e+02 -2.706993202564133938e+01
3.671227172693482999e+01 -4.434254041284582115e+01
-1.290328082987800506e+01 -5.837514797449024684e+01
1.941697752897820095e+00 -2.437995567082166559e+01
4.159580911761658228e+01 -3.748316429546933648e+01
2.221999385184523845e+01 5.924800395269277686e+01
8.420739291760190781e+01 -3.406633519177615455e+01
-1.334372147967491173e+02 -5.326309517909555069e+01
-4.555748951236204647e+01 -2.509333517244318301e+01
5.140282543293090356e+01 3.196667159332400843e+01
-3.422738572847884342e+01 -1.753239278512404908e+01
1.784236404727152703e+01 -1.914106535385657892e+01
-3.006657785476261324e+01 2.459340371849227580e+01
-4.798067957480002121e+01 -1.268636022353418369e+01
-3.290697482275353281e+01 3.451655096798925371e+01
-1.802533493438073009e+01 -5.874740281124078933e+01
-5.452727444716688865e+01 9.802492828770917299e+01
5.503993532198303740e+01 4.356966827290641930e+01
-2.136656009337379558e+01 3.723530997085244110e+01
6.251770621976444176e+00 -1.233256071070943847e+02
9.958557692861513999e+01 4.475980365604935685e+01
-4.369323833828062220e+01 -9.454125561815054368e+01
-1.956161092184974137e+01 6.550471816843983675e+01
4.147499874927536467e+01 -4.859661174657724558e+01
-3.375663558422354527e+01 4.107880088567841170e+01
-2.576026758226995028e+01 -7.947129385364257814e+01
-2.195517997853958292e+01 1.057537965040791477e+02
-2.525506367789887463e+00 -6.582676338980729014e+00
1.283038634491697962e+02 4.310052475061979749e+01
6.536658374863804966e+01 1.286464125293705649e+02
4.229443686316962214e+00 -3.730770178132027581e+01
-5.770213288860888667e+01 8.072338535629886280e+01
3.264805397144886001e+01 -4.217498044438673332e+01
6.481936323270417688e+01 -7.445278920521832333e+01
2.191948726031035122e+01 -5.001001101824640926e+01
3.534355354055356457e+01 -1.327736230646098647e+02
5.104684411698627855e+01 5.261157676633665403e+01
4.821689700903009168e+01 -4.904383416421379138e+01
-2.523517328041612728e+01 -4.399243503235258856e+01
1.377865535829464427e+01 1.167873363463680505e+02
-7.365946187141950929e+00 7.941292475302124387e+01
8.058149223888007384e+01 4.763399653928921396e+01
5.532726721237787615e+01 -2.060105041735559439e+01
-4.416045357353160483e+01 -3.675699662588343131e+01
2.305896576725395164e+01 7.762837831949703116e+01
-3.664697670167850418e+01 -2.217349040043124830e+00
-5.684056677895394927e+00 8.272136187222837123e+01
5.642509187925232084e+01 -3.345378834714843208e+01
8.391454453273371428e+01 -1.199249800396716381e+01
5.444185515716231549e+01 -1.011544598118624947e+02
-1.034592932550699231e+02 -5.999625304120088742e+01
1.352943285069170543e+02 -3.284574942566673883e+01
5.027810747202908459e+01 7.448380962306237052e+01
1.011332935604327901e+02 3.919818124291157346e+01
7.187044831475245132e+01 -9.328053357872916251e+01
5.146850986119186189e+01 2.935878975820210357e+01
8.802404511790413721e+00 -6.388332232470563099e+01
1.012347706142081734e+02 -6.894140856963770148e+01
8.076496451904688456e+01 5.182097711082720082e+01
6.174767454856225868e+01 1.127892309087945932e+01
-5.256965849686601899e+01 -3.060646580123229299e+01
1.734816343984868681e+01 -6.140661522126668359e+01
1.179094924767077686e+02 -8.010741614149817735e+01
-6.694812348389461931e+00 6.524883240560498621e+01
-5.065799047613356976e+01 6.604562485283358342e+01
6.035819053703142600e+01 -7.473697863624700233e+00
-1.260218839307692562e+01 7.279672339061249886e+01
7.614666855663243439e+01 -5.937941619076440247e+00
5.119899105229788461e+01 -1.651819426384974676e+01
-3.443427957363378766e+01 1.139117885493665625e+02
4.940144124342943854e+01 -3.731788492767827847e+01
4.396926364229752693e+00 -9.017663529788801213e+01
9.610369778023606813e+00 -5.034740684172536618e+01
7.446157933860446576e+01 3.714615007259203594e+01
5.147749366577269114e+00 -1.018789175646994636e+02
9.524795304250432082e+01 -5.914332352268633031e+01
-5.536273523458268642e+01 9.813253013030130489e+01
8.251405703257379542e+00 -1.170943866753495968e+02
-3.392240214779958762e+01 1.187503746646358707e+02
8.053872783479931741e+01 5.322258994927575770e+01
9.231132774855335299e+01 -5.037878819528216212e+01
1.659370127310000953e+01 -9.890523986205660378e+01
4.147398493744316994e+01 7.587736209939922105e+01
8.952703190046912596e+01 3.625025656225112414e+01
5.139974226658800660e+01 -7.635812773208301962e+01
-1.459009295792971805e+01 7.409382074509537119e+01
7.301945806626437729e+01 2.162010712726050699e+01
9.080119633450388505e+01 6.247803843910256205e+01
-2.091784180488010136e+01 9.549685814972438891e+01
-7.243916630043570137e+01 1.035788775720186550e+02
-6.810675212937299250e+01 -5.054854665376925027e+01
-1.095568529382490297e+01 1.026779282246340586e+02
7.090002333937067647e+01 -2.133548746613188030e+01
-8.604572861232053071e+01 -2.304322547849205449e+01
4.081145478838303831e+01 7.924508000473150560e+01
-6.237983972955397860e+00 1.837639005066913001e+01
7.846011785669944061e+01 5.224852853900242167e+01
-4.649646306531286655e+01 9.791046027512011563e+01
6.382527249606829400e+01 2.077712620908634733e+00
8.905575408225633538e+00 -1.185021048315194463e+02
-1.940614622440233461e+01 1.089217010978380102e+02
1.963149474454909438e+01 1.178265407400225797e+02
5.575025062710471957e+01 5.527237343489588284e+01
-2.948756012970365248e+01 -5.706666102179036670e+01
6.528356907294889311e+01 -8.454282572627434433e+01
-1.327066097952592294e+01 1.041880318346079832e+02
6.858127099536856974e+01 -2.073666346768257540e+01
-2.613111663156417563e+01 8.714216400578044386e+01
-5.873834555133652202e+01 8.311511788692000380e+01
-3.750615764221187476e+01 8.501482707986781406e+01
-3.550652277502717169e+00 3.534616439418073952e+01
4.598478293166791531e+01 -3.046954597303337664e+01
6.583302528143030941e+01 -1.314686805715980142e+02
-1.795971869678972865e+01 8.901511185520257641e+01
-1.373458781302742793e+01 8.747908180840515513e+01
2.225894495290016195e+01 1.114301452834145181e+02
3.271057724202161410e+01 -7.452491707755922334e+01
4.058281277900357509e+01 -6.116514868777783676e+01
-3.554784308596101283e+01 1.296490482398195354e+02
-4.033994977325427556e+00 8.762323497344307555e+01
2.819602023812688074e+01 -7.026016421719182858e+01
4.409102017866624124e+01 -3.373788196334010081e+01
1.801259695546171713e+01 1.140061162601627984e+02
-2.808745759538166453e+01 6.479644170187609120e+01
4.439634551634870974e+01 8.760306499732104157e+01
1.516523553268582702e+01 -7.035915174661565175e+01
-1.621169696613637967e+00 5.002635372462551544e+01
9.898894377890529483e+01 7.427227192679490031e+01
6.534089564154064078e+01 5.388444919144318845e+01
7.327610785688591477e+01 -1.224129041575677803e+02
1.169772734713311912e+01 1.171697923762112907e+02
5.205023628733755459e+01 5.906407097526135885e+01
