114.70213672330786	25.391579276447402
-70.86553375748673	87.84616963365328
130.49631115434755	-65.77068567119603
38.27209433730623	-125.86665991900675
65.82201847438012	-64.05987097591232
130.95743609095294	40.46306269101743
33.60771225527372	-135.44341600453077
-20.873517671016547	44.56801764061572
112.02264466622768	57.48114485088107
19.452955474909476	41.565139049998
44.08330670580128	-142.4818458618883
-30.058873180618658	-2.057486292906565
55.18266018435415	-40.441970950022025
122.99770933312053	79.31362515921239
-51.323632040844814	92.68861543309409
-14.48410390812527	4.03836056377421
52.289499250117366	139.04019627967267
111.99568875241597	-24.312533163363135
26.095235850735673	86.25845982085599
93.4851312355512	-68.91299592657337
-69.05514504081802	122.41710469571764
65.4476591227171	-96.03282162818897
-114.67114782278588	-14.558023825581804
31.383911206694165	13.516086919030844
-53.64519348236294	116.20094354936508
124.61137700383837	-60.9303081562024
27.956790142024516	24.03644407731396
58.047244838760925	-71.99905388797264
-100.27476217017757	-99.14256709452454
18.826717219701212	-22.499093942921427
98.82387697581548	-67.30589590433088
84.19205858889954	-90.13992235990817
-63.76249688597356	-9.973473879133449
-73.28097404595188	-44.84387525093728
-138.20567442242614	-47.37633184981976
-71.62984981603815	-65.05195670729658
-113.3578790485555	49.28891137130435
61.06946303869784	-116.11443981253507
-33.40879054561883	95.60670875672237
59.98211723086729	26.019413677875946
-10.879363384986299	-89.62236696609864
9.718070051943231	35.261671976813304
99.99888714587799	56.852651338245934
80.15552205831904	-81.033298890132
67.44276386051642	4.562075629608903
-121.86875301047459	62.347117694292976
-7.177036191352143	101.78434989809682
-92.2178079816122	33.17570221370091
0.4189286217695549	26.941535374542646
-136.99149044342147	51.94708596147313
-27.400422784236827	97.11704863637232
28.874070283793564	-15.162719191961317
124.91968931358429	-10.411627799225046
20.651994091830318	134.30929216562657
-3.858587332286758	-93.53458530072704
77.92598670398105	-14.535446402581606
15.225190344191281	-84.23952922856361
-35.26519052581682	-76.57606486524928
36.459154546493934	96.44324591128282
38.73931276003923	-8.355327583274244
-1.3506521710506953	-50.66496470399719
-68.2915565595156	89.43633184574915
26.61215645640371	22.35348562495797
-110.94001331644063	44.001098325822
-75.01184659573642	-12.59616728073009
31.519138415875013	-41.00897885324351
119.63507853335504	-3.386828974860873
-13.44524517585226	113.17650328316293
-138.6744028986206	-39.70677039986583
-26.57077721019019	35.87560202702928
-6.705134110124484	133.6413216022165
-76.66472048737451	-118.51124486043182
61.17461253098317	-128.60511563115878
49.40135865142987	-30.296642419811537
118.32238270526416	-5.877801619452074
-47.087158959497636	5.94406785420424
-37.087576483752834	-91.79141720408258
-38.97720951008179	-143.71337129158448
-140.9007360186335	-44.19652084431419
-107.19479214507827	-30.742857206527955
10.040442967228895	-30.219847729597625
-102.68412357111094	11.413720769557
31.639781761999743	49.45101044880174
42.631006782419036	-2.308525738792826
-84.33343665570801	33.935014674025794
90.55580553196341	-2.7396026817823236
86.02600209395919	-43.93314477965872
-85.55921788598893	-24.680678487699897
-112.53302915514922	21.80687519425366
80.38590709053874	91.90726485033126
-121.51170479120977	-4.601944060614133
59.819867932797976	7.572370638048319
0.8576210405788084	-141.9758782866181
35.57322083104499	-96.81283512059986
-15.32668195796529	0.4346075260368932
-81.26512843110574	-62.4243669839868
85.16123153516081	-70.94905263956859
87.85229693139932	-110.34722074183105
54.73780870433057	132.05641776904355
-62.13399705447929	31.173674943102675
22.74659808331619	-25.691118653560576
-19.44957225400517	62.21125848207913
-48.64189672976629	136.64793493833326
92.31834711470293	-0.06040655586145826
-82.46431324607816	-78.2054175814236
-32.77722123097303	120.37352344266179
25.211262491160767	49.78121549351866
14.78542798454149	8.881565037777214
27.308305722911218	20.13922756244867
116.72105225599412	-60.54705536841378
-37.50120507246909	46.95225076553098
-28.12459100281855	76.35509095731915
-29.699014737449264	134.59750016164963
33.73686546468129	136.06616809670837
49.95039859220191	-120.5664327399116
137.26585096141275	-35.6567772777209
52.410977410655576	-138.98255034973218
-75.59450176955174	105.16178046661696
56.58837280037491	-78.28061521643136
81.62535784158779	-82.9743449744456
89.54323951388123	0.6719703179983719
22.225085286901717	112.05081801469662
-16.156817622248454	-44.6620167983001
-0.5038062312605959	-125.60441963302756
18.661437862269604	-146.28287829880753
-32.454204374469036	-81.97045572284577
116.38522000280189	-70.96227134856261
-14.255594206679891	-85.55823355347754
-72.6655979888095	-103.60024276434827
86.14909481693542	104.47011036787353
-114.54512939683349	54.72351884899968
77.92799357212213	-18.428049858300675
-38.90111612167874	-49.30734446755065
131.67372624732195	68.71482114530333
30.061856641155032	10.308454821054099
-42.5530964237721	-61.931243258606216
10.053135803105839	88.61641649923409
-47.598107411320036	52.87144910632222
16.832401939867943	-28.427021435994277
-1.7843743331978454	-64.53168824763017
53.96595657064172	78.60814895353195
-125.5871202402306	9.924528009777239
-107.2603644544626	-74.93867656268421
-62.82848739829459	-98.07523235863543
57.46543999657519	83.26842878199453
-56.074728799621326	62.90078475342967
37.70170613421364	115.03239064765656
-65.06343002807539	67.43455114063221
-128.13061850028873	22.25064209096528
-105.00291684101661	94.78953565036915
63.775096878272244	40.32290463316258
45.01946666302467	-43.233115700772935
3.6476331250106298	89.5210494463524
-7.054039235364442	-138.03623442480855
-16.040179028284822	130.17834182154505
-109.97346820411005	88.45771825562828
139.46457170706327	-32.25447178538787
25.869696232308105	84.32656749829957
30.69447348920099	129.71124643576863
78.44082839482788	-35.157797221523985
-121.56902479517184	-65.71668115239751
80.80855704631587	105.48341316178481
-12.16051110967215	-139.1374988984517
105.63992291128135	70.75003275350082
-82.52164089818304	52.4124661548148
-38.604899025334426	113.90626087852205
-107.16507633589035	-26.518598768877407
-114.24182209434576	42.999015645947615
0.3872125376769498	-52.299643271660045
52.403237669034674	32.9446748641874
-44.22825194417321	-74.52964693104654
-40.21278871416852	70.80466195357779
-83.52166677305952	-62.67114745713407
80.90659085474803	109.37152024226793
-113.1601060291073	-92.5327294678057
24.95446820187279	-57.28525154640052
-73.23397136634371	88.15691802553225
-3.5204080199738192	121.22285018552004
118.89517778631564	9.98053609668282
-108.34332746435172	44.78894926215126
72.96434883731791	-17.982341973801844
25.786449970879602	-125.44585820457259
-34.936951054022245	84.19562012262327
-46.55988804816999	42.116157628671644
-66.71215662473145	131.63156091351445
-104.76816388142385	-28.560858282409196
114.00828800520361	52.564826152448916
1.2774908300566399	-112.69851366945264
-11.87853813927096	-39.70623557702118
-6.251360488157747	77.03603755502193
7.45466878510449	40.449313052230046
-136.85085476685202	51.820210814192116
-1.9701579156703235	-102.28993185393347
33.75300711181198	-49.4347856930787
-0.3211548785732582	-76.94210876730982
80.19048059896403	-4.114209722508971
-15.815258060766741	-96.577467308514
139.24518107188715	-40.552533764371525
14.125774827829776	21.154782564634175
-29.918170332058345	-128.6675766095763
