97.74522765334885	104.74412796144425
-18.425292123024818	137.86445462715693
-93.77271933548188	-96.57197789500073
-109.5789803946767	-52.71417768402006
-136.48675455381363	-33.71177839464551
112.02166864309491	-51.20920897866802
91.05922635131573	91.50039856928645
6.782092053416004	-105.34666217830458
-47.768484360616206	120.2470530820089
101.54845558147832	-82.47386304952232
-121.41714998357247	82.95226383762197
-12.51626935224421	-144.78623796892782
-139.5549169042045	-2.4329814618995553
112.05739605375919	17.417543735279146
-82.06634182146213	113.09934367480832
-53.91076726822137	-95.00265966255904
84.4331135937651	-91.72111097953434
-72.60980939327874	108.08740777814133
-138.61427234244167	22.90637739489958
-34.386107924978084	121.62775123942113
79.48070867672037	53.10995606689515
-99.13234895394658	-105.7254165107545
-107.71077280340742	72.68539046854835
-31.414809512332404	126.78411503129365
26.81847116685935	-79.14189739047964
-121.44701904137018	62.51997794253234
32.94796560159907	-137.9794495893247
70.92451625382374	-113.1078504798879
58.844844399042856	136.3458522901694
-6.7607529498624155	130.84102254662898
28.71249763005622	127.72239109714198
-5.048935115044119	142.6863834887961
4.5831467992901835	116.84785705719791
138.01490556749573	6.779493108405805
-52.96185163716886	137.13463099625392
33.63935276871343	128.72500780654664
-101.17972398449899	61.09166285859647
4.934684922253469	135.00832648878554
84.85187481181445	106.51707720896192
99.30436306221267	100.58862764755801
-52.219664433679334	-106.13763323071042
99.11297713696507	95.65186600690477
123.09603635329594	40.156541494271
114.86109040128518	47.44742984236164
-34.40786561714647	-106.31419620070133
-5.666744354127207	105.49820663906817
-77.30654985486964	-100.21958013059727
74.11179922625055	-119.18854758336762
119.41660060185063	-46.07299152118007
-120.7849675816628	63.734086372874565
-130.88152140619715	40.37769754820618
83.5107083710304	-34.279273258250036
71.8805365775055	-110.75698715402866
-42.954932274462934	68.86547484274766
30.55900090905191	114.38120096212889
104.46297946726251	57.68803358472825
-22.95293050063561	88.79227455064671
-124.24934858622758	-22.638246243539555
94.57151969631651	83.73849782341738
135.71941030985283	-26.423504153210803
58.49258409765938	98.98080641647462
120.07541495582795	23.140093034197577
-121.08530605754814	-60.18395277297861
4.021046812438476	119.8094851383765
-120.0601875317036	68.96680808206172
-9.746486955424249	122.67547448309516
-37.12514361161067	126.85338077244383
81.18136463470621	72.80376705837244
-59.83552335248911	99.1922212802182
-134.98999789243538	1.7335882131048197
64.57288491486834	127.0684474959501
24.582939168563957	99.82332482289203
23.84230926832059	95.80040110851672
16.317324267616666	132.2117507796294
-62.87099028258063	79.60859332892507
72.08767767408635	-117.61640130329934
-60.2146199100921	-107.3373076724149
-122.59381175416405	-21.425858281556206
-38.746542042039785	-140.43695057928304
-15.044891625371207	147.2233342195886
-26.492900269584126	114.41197005762851
27.374478676084703	103.18775515008238
142.6448960977306	0.36848860318870535
-50.88288443581431	105.59831370392578
-27.001056805184295	126.94018305926133
43.058730995201536	129.53561166990306
62.10272220633799	88.80665703027782
-35.22766373008611	-132.39095580888858
-83.82098847619136	120.95211008831062
125.82189948659149	-63.07470615764473
115.00659515316946	88.21709661345123
-126.94340098203031	-38.302521071650226
-106.71495541445815	-47.81301550454051
106.65847509757432	68.47978282039203
-81.820119490965	-0.1903761500632104
-112.54612198723264	71.26370293494398
113.29039175100652	53.170627195303425
-26.62564303431388	127.14393494378088
-121.48636976457949	46.377858252200596
-98.85537684607864	97.78102431200344
-57.85225374268812	115.11040685792729
24.613815458153233	-88.75258925037588
78.8297732688795	109.40372661815594
-125.76481351679973	43.200606678708304
82.85687980952991	110.7137650970571
-123.7890823390006	-45.731016888238514
-111.39112501233151	61.19874200579538
141.76410103690895	7.037193782251729
-47.9239735009998	109.84465118926052
-96.90990690083609	54.59000005526275
-113.29127527961181	90.60498761754324
-97.20955444021513	85.51177032236552
95.25067374404698	63.12329206847873
-15.852508154316153	125.46815299039478
-72.89338827124608	106.69647867995673
88.08795642327303	117.30302566427756
64.25686484060114	119.4022895804892
52.524190512448975	108.99923815293899
-79.97676867281005	-101.09970851982256
-87.95444079742406	80.60778980418159
122.77249274758857	42.25949218037531
-129.64235879066354	12.804216483073274
24.609587689181016	133.63323869691027
-60.13165237137441	92.84520053000051
32.231486112273	90.68075597628649
-135.42187967959126	10.106850383442344
19.333651482143416	-141.6662488599824
123.63742074732313	-49.25696479939876
-130.34730354161084	73.16770365282318
-103.40539926656221	-75.6443269900748
-127.02001789410744	17.41811025654168
-64.21866020735754	-98.35101685332235
-75.4749433018414	95.64174648534325
89.83295396249179	101.49075023751615
-46.58699478910072	70.98417378171553
-2.997741041449965	113.26032746567392
44.156179956348204	119.29369486700122
123.44714582037116	75.9918999839503
-43.52029479871175	-121.98455997528595
57.63710003687994	114.16131342141324
43.96777930702599	-98.21840660977792
-110.93534315453971	19.923969924416284
40.02967585670482	139.8159855829429
-12.559042335803689	128.8346158679816
-104.24753325854024	-22.694197603264634
-51.30528743097347	134.25195762588413
-110.36567863215487	59.63290592168718
37.14824321284012	134.96853461173416
41.46462752879178	140.44373222924824
-33.21745742445712	132.36102815741134
84.36172107795689	100.34640102029182
-72.54773311025183	82.21244961147568
-88.82899824834489	94.05017331752924
31.018294694227595	121.84340699100223
21.63492202953466	119.41656776066812
20.031946960015006	138.00658396261824
123.92288577283784	60.05642516713038
-63.285116702125116	89.11174798352825
-136.41080631061314	-8.209630088815135
133.08828751164202	13.209884184138616
123.40510554200134	-20.33055042802828
131.09508730629173	-10.257551909080481
22.260666003800072	109.57041245858608
27.133916602130604	141.88604060929285
-52.22664363503394	105.54032734656208
132.1622806301179	46.3584315989914
-89.45675376784222	108.414528270315
-81.56670268904092	93.50293865028789
85.54004916558787	-117.8761199638654
114.99453912499884	80.3646689898495
120.78951501386847	64.10370630506932
59.08707730009775	104.91055895252683
-107.89634607267121	87.46539019264856
53.79519394057121	-135.6107269596618
130.21077983013743	29.776962271059293
108.06070017701741	-95.48511782559675
-81.83880280987057	34.120605168616365
-7.633574284151717	110.01014528128702
21.881342053086183	-103.55890206892893
123.39788347952131	10.848166800728366
-63.99961683769	125.80988945007155
-78.2690069628251	118.29939816106089
45.418234826879605	-141.38077281104893
-103.12432449069802	33.360042645354014
23.94549667749495	124.25998687007792
-94.27157108841253	79.96658278618095
8.126187334399754	-148.72396007715733
-122.40597355929016	38.605610887483635
104.80950605150281	-14.076021577539652
138.28948212922316	-50.7242851661405
56.07542002494542	-83.5710169525868
121.83952764767226	-63.49446153389731
0.8319477845230456	126.21525314860126
-20.900393491038635	134.54170398801944
-100.06791950031617	103.72795635120596
-126.73417623854081	61.49493058603956
11.2467596706639	120.073511513879
46.67555709943356	-89.43979455167108
-126.62588037717683	23.74503349046024
2.881726269141928	112.61673559847597
