141.68147118022776 -32.52719482579399
7.647423354649252 84.0383677502975
-6.391401993338233 124.78943087441559
-120.315340501883 -60.52314413289763
-63.838870089230255 127.54357829068071
0.44580483578202473 132.1703663986476
-85.41627574191439 114.92667051930168
-32.07375985916809 8.081937353711766
87.71510593058888 62.261340329199044
-13.901351036518959 -34.26284119540419
-141.48216169841254 -12.291199059623874
-25.250083311248044 -83.94119755025241
-104.53643640029911 51.531089729848226
-63.82920018649844 33.89949670329389
49.90844532049136 -17.799563890957405
51.6384758625122 83.0231044833762
87.7932861206753 -7.000320656065352
-134.63839694719786 1.825801947579799
67.24955006011086 -130.53810448085335
-24.57470562392689 101.9262863010256
-5.795262780639239 -58.26457167410112
-7.542093963807834 -139.45195006826194
-35.813402042516344 2.023340272896665
-71.85143749342984 -56.29208799908058
-47.28539488108728 83.0946389998825
-8.351642561332685 24.621789097974943
56.95506278570794 13.438992531028001
67.7649288164615 -25.532517620660126
29.35755124664474 20.984234039374858
30.169424628960602 68.89273859499222
-51.729919278221274 -40.29997706822681
-122.54213534253692 -26.541507156502337
-104.66035936063454 29.989147078438698
14.831336255781048 57.91299301647466
35.06975036091013 46.10749374232428
129.0045008715637 -14.271209775981722
-134.34472740633237 25.684052290189435
139.4935181437993 -9.483058297698717
-96.07553202706632 -83.80049858132051
62.86334623911083 -133.67959620416545
-47.05037147827818 -69.39117978864074
-67.52370482071913 3.29749175094245
-97.85582134087726 -106.23105779692922
3.9017191053984783 -59.64938328732
128.66966886568602 -42.61394780174505
-9.425840662325761 -34.96892749084809
105.70524706301586 29.364087168556722
11.977355248693357 53.2769660400442
-98.36092972119435 93.20516618389703
-6.546938112100501 -41.17655257534781
-32.408778650170206 -41.47775312174954
97.9143312493983 52.62393427705289
-47.40910799464799 100.79312746086387
74.31217100544117 -30.509414678586918
0.4002573222439113 -113.12853064452123
132.11087436284737 -14.708430842009545
50.64867305109845 -53.904652137852594
-65.28402990761748 48.937934110584074
-96.17680256279426 -86.75455269785172
-61.14111754092569 -119.4149118101473
48.523431846091476 -58.06952737904507
64.55105585190947 30.247233808529796
0.5974878108700095 76.20944431532828
24.317651567384402 102.08793799451206
92.61119626723878 -82.50186002664465
127.01837318988657 72.37958916038114
31.652507045272912 -53.712781249012615
-26.411553340425307 -1.8842395297615433
-7.4075008622010925 -91.70668660280846
136.88578324353983 28.384892178585197
52.2465224377664 108.86605906913441
26.897361802815944 -20.225154021348917
-50.58455348391588 126.57954989267563
94.80698171001363 92.58875709485112
-82.27947094983128 -46.120779197855164
54.50096265849337 -89.25763953047888
-90.69888730994971 30.99209538993481
19.214203560935196 -113.93072759481203
-92.2217677297757 -86.84682386475932
-137.70325642217082 -5.8729365813587195
85.43172105145723 49.5505612907399
132.5590348943191 -1.4477130104510993
-16.94064226636331 -37.83915515630691
-41.16563401463973 16.861829809232713
12.884570898395953 47.00263907239702
-35.151024519878476 -137.06945303738902
-95.53058044734516 42.5255150115268
110.66334118537682 27.54398439546926
-27.67855746050091 18.838917569472617
95.21912824594254 69.10739877055062
64.54631988768277 90.02652750574825
118.851121140218 -22.023263179017505
-4.778669570352434 -17.092932310751763
82.56326582038844 -33.81943839486065
-142.5583667844857 32.000096435279865
104.61143148980085 58.809999901562655
56.629279160749284 33.91914582005295
81.69187432306477 -53.63481290227532
-45.62248438902658 -44.32833906186699
-114.03001188868218 4.6949350914542745
88.31213389809945 -31.96676283446532
59.55026523180199 -91.79422428459183
53.72814309233382 56.265179121982335
0.07339019314996507 -7.172394019483293
51.51835099633506 -70.0263219204197
122.79151990823745 29.239826278418068
65.4928330647654 125.29896372642881
-28.112721300245315 54.049192294301044
115.37365474448434 33.544980097607336
-144.70483500095042 26.369123483029163
49.018624801557415 -126.94648881509036
120.93311361198703 44.24911119616929
33.420261463861166 71.74574172786556
130.9420375977276 18.22711532705859
-97.14341586600692 60.505581050247805
39.25207768936208 50.16186309535391
30.747303102923404 -64.00378589420261
18.929490247825683 61.580559993034186
-25.611488317710382 -109.99497429081751
44.92659369239899 -113.40041902741244
107.91450676682362 45.54213651872576
-147.90514738422365 -8.234693657365105
27.407216173344477 71.1787942207807
68.27762999637828 97.35001537705355
85.25806329334449 -33.44520094177999
-8.55254140440914 147.8273582589581
-78.25600750061857 87.75238550197398
80.21866648033341 10.510872694863412
46.11623675299926 61.73980199938031
-16.706789629356336 -1.670167439434121
107.86717799708755 81.85504605950794
-6.083420048599828 144.789238884713
74.79877407634595 -69.83718658689806
1.338027570503795 -49.253970905327456
108.26392146216385 85.94249227403121
65.58435934828445 45.2282759194581
75.87232949180803 7.480223952897979
107.47896259472091 13.990895249866428
130.27206749835577 32.60888180783515
60.740751504172955 -67.10428354549599
11.524663027381692 -0.6817023734014495
23.555455518914783 104.12416560958054
-40.601538511837994 -108.41529061707878
125.32801771262076 -34.70792431163488
26.03258000066099 -93.70175686458632
-78.53724360830127 -46.39781967574432
46.573142008929224 14.456900215355127
-47.43780347210244 -67.79158322878612
59.6146800906002 -8.629171490553912
-21.477073182326844 -139.98020732695184
-109.58027839576195 69.34900655194477
-5.564061391323036 -97.9781775826373
-20.27485944156374 -127.98326369209332
3.7574177740780352 132.03797529604685
2.26585560744742 -35.72017801667094
-70.3962941769034 -2.0040083505833106
49.30900904415137 -93.4879473654136
-32.14806250633625 -58.239681845703046
-47.02944628806609 -87.56988497651224
-51.06009304219979 24.604836266475395
81.24455436633542 -12.476231295993067
-62.14282061664717 -109.15105266586582
-118.45049965397833 47.783156104401115
111.52367035432597 68.83044893833775
-134.1931693358586 -37.01743203512788
-128.96746329685362 76.33969921347979
13.519523948083354 -144.064918626545
-57.20257921923909 81.04170078926356
108.86263699234527 -31.81734054092538
-126.57300484475556 79.41875808235255
-56.304953098598276 46.94128552462921
-54.8623327844594 -75.57820313162219
34.82170761329641 91.74521457500096
-32.81726308255747 -80.62751865887513
-101.06213951616624 -53.30620768394667
-15.442536616279728 -94.42704005333871
-86.32738350916378 -4.9139024719968045
-127.94276953419968 -62.41120106545954
-56.61158126023418 120.53960190969468
-127.33709401091586 -65.64144833069498
-20.800227468339056 -79.09404001590399
23.280042494145576 112.73252601844948
-62.52895966286172 30.96485865488301
-33.953569751887436 89.09599266854507
47.07078508134679 49.465850965951766
-67.90349494177022 -46.659950923414016
149.86210826034042 -5.837243089865364
15.738281707998121 65.75541876705151
127.06594827545118 -28.028807366062114
0.29061604714295153 -113.7791269617427
-83.2866938851495 4.942310998064557
46.15606522635511 -28.773478200406135
-16.31946442330395 74.24665953311384
-66.16317120674071 10.759492797703144
127.39215629840582 45.706141486978
-42.39087571021385 -24.397576745424185
13.834042984354696 -98.54107033204566
56.884224215186755 -115.41454401354828
-79.86973077732199 126.07442477616684
37.70164755206744 -45.115722890993055
