8.191561434441892 0.01621908584474744
-82.39736869459664 118.23797993004702
-7.7236299302168545 -142.74788834060453
10.671314209203144 136.96391481432659
3.9076638776691413 6.320329311175063
61.35032973011445 -123.40150911996038
-39.52169238519356 42.558999677166135
-18.641523286509134 -111.69073148370522
75.27162624670449 14.92371675558785
-35.3811595484772 -28.946219117195493
19.71261138145438 -66.59675231372275
131.04233688594633 51.1769205393874
130.60581621488487 -67.00110099213353
-49.14577241785306 59.499785144815135
65.32549625286313 109.66337292055115
100.39664008353303 11.183194268353764
92.88564198848198 88.0827430594832
40.31946931452989 92.22529175665235
65.20858614074648 -37.09387084853729
5.567822117551981 -4.825784318620923
-113.51393125269065 -6.053582851320953
-66.70207025454152 45.93061618863752
2.763504307259031 -110.29880920835076
65.02167484053135 -131.79256700074646
-48.696211135592094 27.978583351801074
-49.50724526411853 56.519811715016054
47.998247324555386 -66.4478890058229
-109.99981697276571 56.90008869068007
-73.19284425163806 -15.19674026367255
86.40333343836485 43.86667142074464
40.57485089489617 51.28323023384791
8.247305320390039 26.51170940347096
-67.88192979592954 130.31269126659487
68.53887970006697 -37.70052065495867
-11.604469170438653 -48.14069475887379
25.415763948008117 32.88846406833298
-128.4666584438592 71.237817779877
51.87406617783609 132.71800163242074
105.08589863079993 79.3713353952644
-68.52952756918262 -34.56019234199114
102.93462041089107 -79.4290273068482
52.713959023756 124.99680583875039
104.97199998799137 -11.177258462313613
-51.517895470379656 107.68997686404597
-118.82956348114237 81.58109800958492
111.07986882395562 -73.3549150716678
20.854040778669987 -138.8863728876352
-18.318809322157772 -141.5532197746055
61.10921213301206 73.417300011426
64.78606136079875 103.09797175498606
-112.31418797697307 -54.534179157111836
-101.43097296768522 107.25373756226823
42.896993393825475 30.677058841357177
129.43700776272178 -18.68756524655093
10.475924695101282 -86.91380922439839
-44.93139963729653 111.24613064332584
36.72532184666216 70.92945715089256
65.17442479609998 -81.20888454989692
-62.886655145871536 -82.06849444802627
-11.196851457685552 111.19796137728662
-60.30181070962507 -23.40583765827794
101.91662048870184 58.20137836562286
-110.04470708130157 28.468077546259142
-10.848907573896295 -39.00011562787464
-2.2733414810010117 -95.56286162435691
-35.6816064941432 99.13770198930098
-114.43546373792739 -2.051122756766092
-97.98826190311111 -31.502741951843603
43.94829807202966 69.67589650151008
82.25560531067205 -42.41540868313184
-44.129995755271985 -83.80285408737429
-39.0286390565603 44.84242371048733
-95.28205469096552 94.69737265531963
-2.6277388130247044 118.87985842574595
-110.64604027819502 -19.53165020969353
94.16048464267608 58.34238956460237
16.090140929198192 106.50511393298
95.1571911128529 -20.136937886071586
-26.602377243207734 112.46127529436507
-125.28053176502083 -80.38868894887042
-126.0727890776996 18.296361301344024
-10.773378927769302 74.22720037910776
48.6566471955668 -43.95254092815261
94.17503734267439 -110.0595291204145
-81.35315204948473 56.84788968716208
-23.287478851746922 -44.63578909370222
-5.5572292115678215 -74.81572096283249
-82.02307898859138 -21.503078462594843
-90.78382984539851 2.22199847787718
121.55324188811039 14.708728229879874
-11.891793654520145 60.23591724801992
137.32383592389445 32.24437205982603
30.73614217449875 -79.33923794756286
56.87861301245781 24.311496935123568
-98.30683748720375 -32.31339304248617
-110.73512737185534 -76.65770118159078
-64.29410432390459 128.425353415315
23.917253022653423 -99.09578682502301
-12.470433980284987 -80.22547329210676
72.59506836972498 -129.7322630851773
-6.72692030558456 -15.612594616999978
-76.4768963281712 22.51354212040581
121.38432966487906 -86.99016134785172
18.472798371648615 -73.45779695859689
-59.832766544178 -119.5985535305567
59.685566171463044 -125.50270682216556
-88.09227120658669 9.026482462078377
-105.53837033773078 -19.576998660922474
127.57777209533948 -31.55091126160122
57.94402554202558 -98.8660556427019
117.41307068724213 -51.306636870530404
-18.078149600176932 55.254477025380545
62.47752905136977 34.367052684597304
-14.33997292451503 -106.53593376846631
62.73312028193984 -41.31296967223052
127.79578245240442 -28.993642587448235
62.898579456264144 -41.88794727795983
-58.29606886641539 3.880850611166122
-54.53612734940657 -73.81455600324128
55.956754697735946 51.92130516915905
94.18540952881956 105.48624570765348
56.23644352141591 60.17522197003667
104.63213324306216 -92.2102532966484
54.38814333594165 -27.44636892944738
-87.62957185151403 12.669221303870682
118.98492862730687 -56.93311579849318
-55.97354601940728 -96.62668471306351
-102.14917254048781 -51.66610092904302
77.06259815588189 -27.283303296368093
-87.81186736445173 -56.6127940422391
13.35757792672646 -51.64617113185177
-13.774818415909033 -115.68102385814448
-64.4248574081543 -112.58129027693244
-93.22697465194106 59.177234824686906
49.49012749071958 96.60767524041039
-83.84832555512267 -51.978369820471826
76.51505624509025 -21.71166621215618
-87.44779782213377 -64.46102976852659
-133.98786630673237 -66.78744504575003
-76.7861977893359 -107.69977294737419
121.09217422906414 41.576468282460965
46.83189052889223 -55.092283404253074
-0.19787354626688036 18.273751458905135
39.311812293706446 21.961534041866823
-13.858239134297266 83.94807904943028
83.02836224283595 -112.10995616860149
79.08722078138914 -73.36624085849982
-28.048344989584365 19.923091403609245
13.574931336196581 126.2659955236085
-89.46790814540162 94.91360689514006
116.50892798470034 -62.195192524293205
-84.46944453420544 60.64647060859024
59.88846964178806 120.74364253470037
-42.5695061311743 -137.17327721172603
78.62895765870155 40.81520749660569
53.96196424100695 24.315867289514046
-95.21510203061071 -47.50627535700223
-74.72975603228538 -104.45357278979621
-139.55637316982634 47.87228345759948
-141.52575243213988 -2.580870862664301
2.4392024313061937 -62.96325558030242
74.32460973995802 -118.27797133955575
-85.17774949737752 -97.897285251478
-25.893428649343377 -64.02047217745366
-130.28070545363485 -6.9225617023734864
-78.36333861902573 11.675144398131831
89.92753575777692 30.465495762632557
-95.45807334330064 -76.1306363920352
-106.76365898300935 -49.53989472169893
-18.178810458929355 132.62678337690645
-130.37009331798708 -66.20136450151874
75.42728884227867 -15.373025656551206
21.46606125598269 116.42572603012187
18.145115171886122 72.72014979219801
-12.629181955605146 -68.36554376114536
-141.46138049976315 4.68367757553159
148.89608567542447 6.452922313969183
-64.54938089532357 -18.88345759872528
-78.57439861816671 -59.12178901856533
-43.099242537335066 -120.96040750606099
-101.30796878374089 81.94339680632656
20.533802515450144 135.9004726420614
59.92917687813835 -120.843047866059
118.83993666565777 -16.861209845676292
-15.15082493866979 93.97172484036297
-93.0951793676476 11.553413983958027
-126.03942367548728 -64.39929425848159
63.472035876180826 -2.5753909102270653
74.22425255844286 -77.09124899360627
14.685052570323665 45.08806094790225
38.728569719592834 -82.64512210324911
98.01472240070119 63.03973578149929
3.4930142491767397 -35.26316126681407
-89.99765575748232 26.04093106857862
-86.14913590199949 12.836388736598439
5.129232015634778 -133.5586733438317
3.3374179909118964 -17.57119306861348
12.800423077750363 -88.46933043076918
114.48114517167699 -87.7285422595998
-52.4157300068514 -11.95304764889797
