98.53854114247643 101.38389843037548
-64.41224572229589 -105.84111736469089
94.44156409024163 -63.34149997319657
-79.40567905358081 62.00146068918303
99.53843279503688 -52.38000278037613
74.21759249334994 -61.68586102594651
78.48636777428172 126.99305653399767
70.44587371059244 -23.13248229852325
-103.49195458940402 -76.36473396512419
12.689947135734007 88.1029970527313
11.915480294452921 -77.89398483485778
-83.84138511438934 56.14070128055558
-48.46957760417066 131.22019801184135
2.0943121946921073 -89.34255696039207
-8.375691046437565 97.23639162525359
99.12215054437826 -58.06889668193576
-44.89913139184268 -132.59140531650473
-128.55970112810016 -57.09775249070885
12.407568851528262 145.99927917025005
-78.50674829055014 127.0246708883038
93.34956680312173 -37.362525145268066
17.314699494942115 -100.73226257305232
-114.89779971794088 89.41282241497036
0.5684396908491269 -0.10699953110514458
25.96145084647725 4.04401111915108
-134.96054359755217 7.27525077552915
96.48555024887864 -58.044796026970786
-80.0398494134799 -31.500711016747587
11.495411382808209 129.72052071554535
50.86539843741455 -4.274829553195549
-24.49832886307882 -65.33954278731242
108.83856126478952 -46.22750262373514
-2.0923440156092465 -42.82808021330224
126.93772731765281 72.06451045134331
-68.09672515789984 -119.12632718095661
57.45785636937 -115.44567655258523
-5.06994183145711 29.18550927363085
-58.80913529516535 47.08818722413485
-107.96914848902549 83.85763594205245
52.95792055329955 16.008132481653483
-1.4208796681464908 -149.4309682700626
59.80731355734729 -127.82967067418508
-114.72660687534447 -58.42057665055196
66.71910222090182 -59.1988283677526
130.30601013831367 42.785239586055056
37.53004529775715 -34.98064563420693
-91.17895747509885 71.83245454332307
4.958338632598136 -25.720803951019175
-95.66157419397433 96.91173344965178
6.766375538297612 -67.70193231958956
-69.85726960878942 -100.23411043378084
148.17205106149177 -22.396607495736998
-49.562805925764884 122.30752960397122
62.01012095972641 52.29984878112344
-80.07276963083828 4.900286705950194
3.2156329594582598 -103.02984631160096
-51.55642687613026 -106.66751091638822
-117.82997002198674 -84.2294410593885
43.02773251216398 -101.12455292782664
-52.96278491512124 104.62184952470452
27.422277756157047 42.36891237661553
98.20622000084887 87.06357162880784
99.51256445551114 45.43022711948585
-29.385550580060467 -144.4405067508296
-36.97398500989779 86.52203754482977
-6.780709280310503 101.74373525368667
-56.6212361153763 -106.16011939417854
-85.17764796874592 53.63985957087229
-46.84721923162956 28.87724583639791
54.20590943164754 -5.235370880292771
-8.13664684756149 -60.78084244023935
90.8807279572911 -9.206647871902499
-24.700448659777514 -24.753811987587156
-78.17324546272351 -106.8448036270101
51.47291256538339 18.119152695966108
-60.88851488269817 -91.58494076880098
-94.50242441340885 24.754822345748803
23.008774236999795 -18.940772581400157
45.18316171964269 -51.42381077512827
-41.5262076468799 -144.11218656770038
52.194372739080805 62.81513546019623
22.15317079409518 140.23268332422614
-90.67144769118424 -64.19252408285942
36.06383787582142 -21.31052037168102
-47.51221839504178 101.95440517587647
74.33789131487714 -36.21059108035766
-76.46945355659048 42.90481666135812
11.680500095349975 -34.09914137295214
143.5259092754397 31.891204888898645
63.290828784149376 13.527139556238629
-54.43893823397673 -29.131247809412358
41.88564778444299 126.64423389061265
-62.92714038359655 -115.73680005070962
64.31730441502249 4.585017897994649
-1.5449083387970197 60.02828175423147
22.312753478777026 96.76699137841425
12.743284779916866 -61.042608896100646
-71.56367560302851 -121.8645156125473
-25.32912498054958 135.1552551387577
-14.423463725388498 -34.76093553307076
96.98610452524915 114.15141505695725
27.5976750676694 107.08023182841085
-16.744471002510913 -6.453205923844652
12.874528185709721 -22.953814499473573
-52.09593684847224 91.60708230853564
65.23252841936122 -31.838067807011342
87.73495885386708 -58.21958222221484
-109.40410198748812 53.58404077065659
-36.878332758732654 128.12787604503052
-34.09179772907995 -118.51346436371671
41.65353777158319 -103.7914681288672
-4.903896389909055 -12.575707196904146
35.58689613744987 -84.85297088504356
24.533967111582005 -13.891143877026092
65.91190258329857 -31.143389378903994
59.410491564389154 -77.72625785987654
66.41627846981 -79.44680275758074
130.05798696800994 46.461362081546106
-18.455745457650536 -34.35907788249501
108.0487157390767 92.14590208938
12.629311139641343 4.556050024787692
57.02191803556974 26.847099655378848
-118.3580463128975 -0.43365991703667095
-44.932148740360596 -133.59904717290425
85.15559354213448 17.33762799498115
-10.73379358527292 -145.63853239088866
77.4746896187057 -40.893036498162346
-68.92640824478616 114.94974259347245
8.247981055742601 95.23030978668423
-10.133935545645764 -77.37265021565759
115.993192056039 -6.2521061583890365
-55.03575013315003 29.86925148852487
-2.7261368913967288 65.59648492525253
103.08667224277603 -87.15154751836607
114.13913657998295 -79.7922843711378
14.574546229730185 83.33570625911865
4.167298302786085 -51.599481573546676
4.898204381689766 15.409127038278864
96.58229066463775 32.344626672533074
-56.98692645182158 -57.894569081452566
117.39331070288151 31.88118965299476
-80.36127064882483 -69.19497102976734
-43.45172727926707 -63.19803237040501
8.778293211871029 -112.38079587043477
-82.27701575443419 49.829514389323435
34.299140686671784 26.828915762061087
82.98913468941669 -108.92371058402381
66.27035586000507 -44.903872545327026
138.09100316898014 -9.400980277725779
-120.15584863502595 21.65828845656429
67.69774724123778 -35.47113014196447
-91.33419598629764 -44.67440849000968
-105.84051544740441 61.899907111995205
38.400080410993084 -128.30240444674928
70.86316304844833 49.6819028292308
-105.83085259018858 15.437936969886476
131.85245529521765 59.8389243796013
140.30694352721721 -24.18104546753614
9.75424407874637 16.17993215590051
-44.71050243658204 94.48854812483012
-36.065585702961876 -62.65652170089923
78.24852997897563 -44.18424333655722
-99.77602025380949 68.02151976800052
89.5908847887514 11.938380601828909
-100.53197411923861 47.714999768336455
-121.50193011473677 70.13833696442995
45.46596317672373 90.90973304851629
-82.44076681666441 100.32678170749384
-63.539527793311855 13.67538740305176
-31.11641402779813 44.26299834909499
72.41455281613108 86.67397937177778
28.32117851489688 76.05511502233827
-136.08236454221728 14.611277488456754
1.5333873613530502 116.54421785533474
55.23769825366435 -101.08921865952577
-77.17706797278956 93.0746128720911
-65.31127984353972 17.906793443414298
-18.722037039028756 22.38504634513253
-108.70368808915401 -56.91617009584328
128.28129342545247 -65.86673799255718
-136.3627991638565 20.17405545608214
22.907371839246263 123.61353760759604
-69.68601252194141 -0.5800791073074858
99.66117256856292 -70.0734416805321
-18.815099751528567 -85.77883562217681
64.8857841702969 25.008318614850538
-36.27976475460082 -46.74284417993782
-116.37186806984158 -77.82326583093847
-76.1656371503739 -104.76108000514175
93.759137676549 -42.11097570987342
72.34864289293529 21.319151735982494
140.2941692758599 -42.17691384027811
-26.97452410325231 16.404025637079197
93.52091758635918 -45.41167680030768
50.762087236603 84.37927133859505
59.80058512425783 55.62217387129952
88.23384030057191 79.31193477956154
-6.126267405967462 -97.12569849079128
-11.010895236102957 -132.54848333118812
-21.916851947424824 -72.05698911447116
