-76.09467399890539 69.42735021891563
-101.47092727189359 -81.56002718113595
85.22881793136717 32.75636128443857
8.12447121685239 79.72045061049472
-48.67057107847163 -33.853180480677054
-83.26660915747554 16.096199485311086
111.30773282447498 -71.69599948116387
-132.2918451395673 -13.89965344796219
65.13035452209024 114.76381102205855
-29.646097235026367 97.45778052031802
96.85707148082969 72.09933456805035
-88.72355982097021 71.90895574945631
35.96552435962929 109.55019049154963
-5.770164628942412 -2.5445317579983837
82.32100250715817 111.0345272476551
-53.86889384995346 -60.92242046886115
76.59695020814607 54.569441597566346
-21.930035182950494 -51.00029694538692
-56.91995902871613 -68.87166391845433
28.83922576614916 1.7324896510512144
105.74070192598747 50.6204270700768
124.0282538163595 -76.12482658053042
-77.61766020230714 -76.68627928243346
43.302372561469674 -61.281410301450975
80.69955401372084 -12.694156255303357
57.50406375740607 91.35228155797037
21.677380475788517 16.89896092435146
-116.82064501983346 58.98893451626512
146.6009486646991 3.8767146452988626
69.5894574913342 -67.8440869372688
139.21588118719873 1.6497720660905864
-10.863712826442224 40.33183016538977
-133.65167048656207 -36.9166891115791
12.445955162479818 -71.9534106204128
78.27565828107714 85.87428133602376
48.50507655444769 -16.40675739985826
-14.210406688613398 -129.07493540041514
21.133439963219526 131.39686960191014
-117.66105204850604 -31.50482974762425
-84.66268763282189 96.59797336013078
-103.8356962575748 22.500850149478932
-35.044040142524004 62.11186200484668
-146.41318592037857 31.100126760658497
-131.1054080457333 -28.848629409676576
-28.05434503889356 34.10334093336392
-104.53078187906438 -93.35453635437342
-76.22745413178386 -120.87905304609582
-128.74752128648962 -56.242820755528015
-124.74512701646245 -71.06562435545365
-38.7926315676885 75.42720120150538
129.16820717691235 8.794752908166897
20.3527487941104 8.004240864682195
64.31385247368345 16.542124432624114
-62.75478999248216 -34.72741313963313
-134.40836900587686 -28.549547853456172
-82.38078722878795 15.252207453459745
-34.97177296463087 -91.1819374313605
79.38462564309847 -121.50573465115104
23.34519790302864 -133.38722329155993
-98.04417247822816 6.330421800548512
-115.63476681205556 -92.27824269568673
110.51388264577194 19.08599175380379
-6.201314005244264 34.396571413235286
124.7174280713979 13.041493361559224
91.18700097304264 17.931868395398656
96.93217826317141 11.894340047417884
74.36540105115611 -44.66203788739632
109.4588467804651 44.854220136284006
-18.351121239588654 33.205846418434845
-30.970589914716346 142.77318668330045
-90.43935204813764 -43.09635090411706
7.374521386450556 88.70131846732744
129.97229810523615 -70.05834435101251
77.07478840995648 41.89851866714619
6.161094051225069 -76.86377863944914
-53.68474467253477 104.38951712988495
8.834003855561077 78.18694653064121
-68.35550898646876 -52.953018463033686
50.011468513226276 -23.631252272750064
60.07964628332508 -9.856539409483592
118.42239302434866 90.15970284389151
36.5742215167196 -138.00491418779944
-135.38644517979142 -8.947494303096185
86.63914011650138 44.62303747059346
120.56139925610448 84.4193354831061
-81.24018096698562 -9.101371090627538
81.59495147302827 -82.37879483222558
37.01601297305799 105.40435905282084
37.12138209579625 -134.1563472909023
79.59420333255254 -52.954391185732284
-60.53808775529722 -74.7752865305609
99.08792995681108 -81.79085278480387
-118.48892741523152 84.77256110799534
17.80024172472336 -28.334211541936703
29.020853672998115 28.996886159339365
-124.77678662109356 67.70890993847591
-63.710661208818244 72.85612589751744
-13.411195620850233 35.92560998158816
-8.211910550692213 -104.26614529918334
76.59245056290558 -1.857896038181518
19.26708833604819 -80.07192296842106
-68.98652290264378 -0.893709728242043
-14.653422913610035 7.5495262399490315
56.658409714548604 83.68036175632295
-83.72455999140857 -11.33746212600884
81.1179689992844 13.985654975303357
84.34114911772802 -95.23499078766473
-58.13313808260436 -43.40390187449933
-64.61949874652842 -77.83503508482069
52.86212666096713 28.184052446314837
53.181838308010036 46.26650756138092
-33.788057121953926 35.434946535298515
64.17167912715608 101.77343955683011
44.07347634746454 46.19273658971828
37.07620990932289 -26.989959966195194
-86.41959487068827 105.71777676642344
-42.181202005750215 -29.33251830159071
-141.5801195231816 2.0099212309032013
-66.17920901842486 -133.43458325925948
-99.36043044951364 110.7026580556374
98.87871965175985 -98.5080195843319
23.688449966737625 -79.04525946144086
106.88535038902035 15.656595342604854
34.698875403660296 14.449486978150796
-16.963523749705544 -31.045311080003195
64.18568340020636 104.91835349108271
-81.01137236249022 -115.32428129814608
27.82384550266067 -44.82450894272469
-144.92769973526535 27.7454174237288
0.3542742039112925 79.6525389822421
-90.68641581232673 -105.50169410438804
-120.42591244374916 -55.26586357178706
-71.79791881327033 99.13220989181488
61.204471223286525 -26.53722350534822
-89.24704682269923 -61.49288686545436
-6.008763777831227 30.14733276633188
103.08551440148423 4.19613531274833
-37.28838369116023 -144.51300604468486
-133.45965260533677 -45.39085992482919
127.66745396635953 -26.83550330011666
-40.461929722881706 -43.02658339655951
78.34887835803397 -113.34393392966163
96.1886818882225 -80.85807501390252
-82.07165285392415 -38.14311877561638
-35.25010336569778 -141.88818976167826
84.1516235603369 33.29088597553355
91.2021262786508 -112.32453069106344
-89.04288954142453 81.12515904411745
3.935895199544763 45.54754179136553
76.24438680055431 56.7972457138508
-102.56561399596458 80.66874791108745
-72.34430553015117 -57.386485793675014
17.293784313211525 -21.280824985562084
100.15599169199176 28.7230461929543
-43.065441420874805 16.17853249190389
-88.75141418642511 4.297212303342564
29.63473011740855 117.59713492845572
10.448111919007806 -109.69971983073896
-47.452848459816835 109.0218317656779
-43.01353760426997 -85.57729755813945
84.38332747512129 60.956775666025
-4.135634268395927 136.36735762278911
77.97183793572692 7.854863743437955
-109.15817972878259 89.2197561335485
-131.281497294336 49.18005807058384
71.87957151024716 -29.93675211351814
133.3744474553773 -41.710214177570506
141.91917454992713 -11.755981637959575
-24.23668319422773 -62.5134244495113
41.41644684616378 -17.11251913926822
56.34632225460699 -106.08536978648284
-6.393542286979038 -84.19887546090364
-56.09925397778798 -92.68003533195264
137.6863193014213 7.989545970621969
-4.128067860693826 32.71996304103723
92.72713015361883 -62.06056975887853
-17.618549465107385 -68.71979987550635
64.2785252624071 -106.64776777450197
98.3795855677156 -62.66308555969921
-67.40961446401963 -88.54259134101504
97.21927605688187 -82.74575695120484
9.08670732435961 -138.22105450553198
-115.48896635261515 -10.149164553488912
113.83335436942691 49.898612393818894
-6.538350948798475 -17.037388663083913
-119.46605456891103 58.23348495726508
-121.98233470542829 -7.5065915267960515
-56.935670181415475 26.555439197015993
-12.232752125838928 80.84113710078675
80.1084199566353 68.75723122523924
37.57457821841436 -144.72125753531273
-99.70639803330758 -25.31019079666181
-41.528978369504756 32.49810015917896
67.74834607418813 3.910493020395908
91.11036438386267 -94.9561985175615
83.66988962073745 -20.67287618222977
12.631296377552092 124.3465827240433
92.7912566536586 84.0240167538261
17.08703879181131 93.30712142178596
-48.08451438340106 -49.83108816781684
