-84.45545986202423 -116.37668931453106
74.4481517238799 -114.44551115043231
-51.508335110728225 -50.39839810296579
-118.8007568831914 14.438708502998624
31.47471994957715 -116.5125703333526
130.0851879926799 62.19474000391089
-111.46485359270544 -8.395356814886725
-101.29729984381001 -56.03583262476994
-35.27969680115792 53.16307155589078
-58.51614181807711 131.2094590360917
-38.34823765932216 -83.55200546062514
-79.3349006604033 95.1862296401009
-83.60411685444228 -66.95062506023011
-87.56864979646885 -120.61654488682595
126.84274607732473 19.48404144463127
-25.929612497760093 10.922247784903586
35.03418123682254 37.62983979054306
-60.20630072186265 78.3981172144468
-29.456705111044833 -52.92976143253728
-2.9092674281370243 132.60580523550223
-96.33441216775172 23.194959182055605
-10.918778381124575 117.18611285899763
85.21183305367325 0.5286548947101983
-35.86528309856837 -91.95309027998977
47.9207928031263 -133.4527606977561
44.90375075319434 -54.78762180124728
89.0697460063962 -58.47032614791773
78.99748147884534 2.3014143063305386
26.73057906101136 20.067586507818092
58.54338381058262 -128.97103061113046
17.867355238078066 38.340021213028926
126.7068189820413 53.86981679692736
-49.257862746663186 -45.75894243456836
-56.047903540306066 -77.30799207135937
20.81897908601603 -35.34558761917736
83.22955694330848 32.03027047402255
114.2435107343412 89.88965019277103
36.255854050954596 67.35531127116212
40.60074784810988 -8.271229478530625
-38.37997331308498 -9.042191212218478
-74.56799135749183 54.33582416401979
-57.89263916722787 -20.92556558517534
61.93530117800278 -36.85149821664979
94.16358569737196 -72.86852364688492
133.25124665392235 41.78580627013828
-106.98717671392943 59.82194642597243
-11.69264444767942 130.30267708256554
-45.835268946504236 -3.7834818791523497
57.41771859385882 111.95482628789902
-20.0933535002534 -84.01957408087955
126.63094698945959 -75.3130430417394
-148.64098687369287 -0.6272183246736293
-72.5795692724105 -126.90367241570291
-16.25355368370216 4.202713143331893
-116.95941741910175 -63.12763324913177
-16.680595540552407 -44.36925339480587
104.14410497464216 -15.97313320307006
-96.68725975629177 38.08742455997945
73.3851939050911 25.649577932831523
-26.566061376254897 18.22037644302165
-22.183175958657422 -93.40221877480232
-92.70485167814626 -78.5797494185358
69.88761945017123 5.446440674253768
-10.145722951852811 -30.262551456497015
-73.9562777528354 31.954160099000156
-109.23487734757856 -57.54010357859733
17.715651560823087 50.78272595187925
18.987530177346997 22.130157894880142
136.50978610156463 -16.49361673048218
-11.824799123133737 68.03549601818428
76.78144075250901 -63.76877972402458
-34.558299588411955 112.7897536886493
31.864370613590257 -85.61266797473328
-64.06381154031394 107.83613042622203
138.81342573805904 2.6881814655363696
27.244383834698862 96.9675009887614
76.68634655941781 126.84513908557169
33.75704502015342 131.48925283472337
-126.39961281922206 43.93131200883582
66.52606858489818 -23.951418579453883
-43.60934501081039 -74.6459815996975
83.6623195583424 -38.41791848902238
-19.622242596998536 144.1583072719228
-73.37336923900702 67.72612172925815
-75.7861899075063 31.149073077009543
85.84992170545232 104.01533171927767
-15.44200987426601 31.062197755657824
114.24031224224954 58.16414421862445
20.602329307251555 114.86061081002892
4.495157770439713 104.09857159122859
-136.23901664382868 8.799267399084192
36.86450074472601 -13.03080625545521
55.90016833575234 133.36848884020426
-13.93256409192387 -98.7790133737632
-24.226837318473418 -80.41359994654131
104.92881684870122 -54.65927622329784
-12.567852633402232 105.37304823771422
-121.25575184289283 9.817545227965134
53.15023685452424 -46.874497219240865
-3.3141279074106493 65.67730782188849
22.973107784184 -79.49925231230496
54.81657359626406 50.799107970778074
-84.3659860961895 -7.753864852448558
-94.95668257963325 54.960124178998576
-72.6017248507605 -62.08444817518632
60.64128304951142 114.06778524729708
-18.007722823943336 -12.160148694099357
-87.28138245276395 27.31281325145876
-5.871366848097988 141.5758296934693
-53.1125958276371 -123.0503956382338
0.83279990778881 -103.7900512755798
-76.14477307806733 16.28095044047161
59.10604180309228 70.77118938594535
124.74163804933539 -10.141238954917133
-98.29260393371585 91.16423749853055
-49.31480612090569 60.62012033990158
-32.63290227202685 -6.489845277936884
-56.286223993382826 76.14083791676252
-1.2103613768836252 74.92631899841724
14.362098533766211 141.05958832986752
-8.316442002680905 144.0258348800378
117.0630818792906 -30.50603115351832
29.082044594405406 -44.40362149581457
-8.6595570610046 15.880665209129429
-85.54572816302827 97.62913081084949
-114.99157080548353 58.464568794335236
-81.9876167519041 2.4411608273419216
-41.681718866153155 -44.61471443451691
75.77832662745433 -69.67237077327187
-51.50967426821632 140.45326120974065
-59.52820419723653 -50.47800642059128
-20.642822485242352 148.47683116365087
63.75331182110797 8.182657650475518
78.47346951321737 -21.659144118037535
98.36979437170571 93.4537899465916
-24.290228450007305 93.96002300550721
54.8015814981793 92.234826095729
-40.219751678860334 -140.93113689083768
49.59359614536258 -37.798292995831694
64.31375026252672 120.67756860834699
-68.8897553546465 100.85339313772047
12.628065395821912 24.516661739448086
-77.20339989430418 -91.67314869624698
37.289494383280335 64.46245208939547
-61.80567399076651 -80.68383907773651
-48.451753160442266 -84.29483187608803
-43.032664648973096 52.967258316950506
-61.74274524648091 123.51600662857324
-40.59954069755406 -12.00357538913811
-54.42506545016395 -93.69199739670515
70.43068661875802 -69.70495881843739
-122.57721737737366 -11.794059706471307
48.17241369948309 -31.866830719120173
-80.55706782287423 2.095495620084152
-137.81678318014278 35.428344140304525
22.795276580621945 -29.269410173621253
125.83481167056173 75.6034706516968
50.66515074604436 99.72184606301484
-67.14669874730224 51.693837137184595
-27.21301075957466 92.7177779951942
-11.45993066614151 -54.51204960003911
-48.33146804036461 46.78294972352207
-94.59154732515418 33.3550658323739
-17.709694239057722 123.5614283186612
-126.57582531016818 -69.01850362323106
23.785729760775492 -12.59992865522068
58.14823924511638 -52.32022849672084
-97.43155668924926 -111.59775060152137
129.2197432457394 16.357392774911393
6.537559538322595 -86.7628322420744
122.32741511231043 15.858162276030557
-36.06919892629069 -96.33628797499941
-79.80006274533642 -47.02049369772228
-12.65477909034612 55.69089528059312
113.08783422644325 66.66247415520154
-42.963679967482044 137.42956968782534
102.73159264268229 -52.906119566590995
-36.9485066218263 -53.94255726401355
-49.176589118515466 12.4760177472172
-97.3909271744871 76.050460008618
-50.99266974097279 -30.900390692890195
-126.05724876133213 17.3887709020306
102.13891896766796 18.88996727951481
-104.20334027426742 -15.668675456412174
57.36019916944779 35.05562339650491
-126.32234165436982 -65.13308558646575
29.89037807983898 122.1255006487969
20.257560159554203 141.1716303067887
-61.72123669223534 54.43668288053196
122.86597621681202 -82.98048016627239
-58.263845979768234 69.20105028397506
107.12363632027659 -25.216010308827766
43.386129937345025 -130.35611851882567
146.13061105709357 -21.613407575163126
31.95155098279464 119.84718048945962
110.76536777754849 96.97831025686358
-21.228734309983473 22.013642235332167
-100.18359431462494 15.938430448963643
-78.94268500909884 14.57509083249859
22.93988301291637 70.22804250417563
