-86.05914211676131 19.785968226984746
42.887323763761025 73.63589897054722
-6.239653799573559 -41.084590432499134
71.35040814928163 56.30886293699836
-14.91950700112399 -90.46937226034177
-20.17603872651801 60.36225337027069
-6.269600983816077 -136.61299158582472
31.633951296197488 -127.86934799994084
16.09040517909295 75.56982617257013
112.65903131236614 55.36577309269635
50.01687697639781 -115.27521857264723
-87.60891654422234 -43.95548578300334
-70.58408698191224 -116.70729359507965
37.63835591725959 -93.62879533320745
10.621095641070918 57.32505360866649
77.1858874277165 -62.70070184725443
-118.33031509161313 26.02594913816711
118.63918270185522 5.8580390725197375
-48.720162313400934 -84.6342585035347
59.86160543832067 130.56344884857114
-106.85438565693474 -48.420643015208235
-120.25812607276642 60.06416073798192
65.11337600987683 -47.48429001181444
59.97179305406307 -88.06022225024341
61.22326888954543 -15.929820817591406
-104.96891306425573 19.72330714529909
-24.237633908339056 -47.073212665366384
138.49799251905446 34.799807118081965
-16.35200551412767 141.16668033116056
77.1418887570364 -71.65118929260055
-52.3435535773264 75.32007644932469
0.3251983267748706 113.92293274859465
-85.0031466833575 -78.2233376457653
-75.11975070833505 111.76647830057996
-49.776958265198495 59.56253275029488
-82.4177712457548 60.581221632250134
33.2649623993885 -104.19694217826878
35.76698478158506 71.73480493164858
-18.7644341691627 -91.2334150867964
30.103608489883463 146.91820505916544
-142.2814967567677 -17.3799689702386
12.850594427628733 -47.443584440449484
-102.7124508780955 -29.085852949401005
-28.728754203181623 140.80711343609804
-121.54921327320713 -62.9433162185835
41.46379420981806 131.00685292580428
-16.41562918265134 5.301227858314919
112.49973685958754 51.517460163116525
-51.121431918179574 -113.35445402466961
53.095317267581095 55.31018373639065
67.34901814993061 -108.36361811521084
82.06982322331764 51.378978933866954
-78.04874584721058 -64.9176354842478
25.276960665122843 -37.98961433785797
-128.7701158832594 -4.02233838302658
144.6321509761384 3.392756838224034
128.19267873429035 15.869254146518681
-72.68760594597073 -2.0461264795475245
88.28387923314708 64.03947351710232
81.23894291612056 31.422513097301273
-5.60828788387947 -107.47464669045154
-19.785357043876605 33.840500824232144
-31.238232806216665 -6.363814184168791
3.1912401837290307 33.47051253104085
-48.456363830403944 58.52800641776627
102.96794682966444 -14.257708750169257
-8.186109001010934 77.85878848752951
120.1847549150694 85.147364767205
75.65081237550221 -39.10671038050864
-4.11020305439527 117.07893219135134
-108.48092924292175 -53.57700062650342
-122.17919702615788 7.388402969668536
92.69705334262031 -69.30255534135715
-30.112106429866827 -113.42967262359426
-58.30547813991127 -28.495268453697786
52.422157281019366 -11.01060954192611
84.2199113669292 16.356835878245196
-44.43242227555689 27.667473307782124
66.96518544543471 54.27189944821725
1.3923541504151018 17.672079009251718
-65.7295581927943 -58.538308806418954
-17.32740387266976 -16.089099078820546
42.62879635090762 93.03333665045157
52.204718792846194 48.78687682129362
-104.75916317780988 -76.60619601043781
-36.35688327899158 -52.926549830978914
-39.726960299779456 141.9903103938036
12.016447583596497 4.019826528326565
91.07727733800238 -104.63072406698247
104.1632902456365 34.39258922237521
-115.88981280839626 36.65370756886829
22.774778193571446 -84.356071023101
33.51384888243833 -48.50550490300957
-19.455901658633735 -25.3662057627831
-11.824895919966872 -45.554761426350446
62.241033695824335 -35.31801386126264
-39.65953011629366 -34.287827802915714
-110.75330176106118 -8.851449506596392
-144.09842376293548 34.76263590157005
106.50861566953215 20.021402789782
-42.37673866668075 38.33184449358588
6.564455451695212 -45.57570795610833
141.29488969220452 -40.91182515398147
7.349895434175477 -14.738993990132851
-18.58076628877053 -140.60618756066327
-43.63776571772797 37.19204611264678
-36.66612887245657 -11.215318824991739
74.58989906099563 60.99352295077999
-34.59734765022556 24.928368980153365
-68.13053321906081 -15.778555852216622
99.09876625139806 -2.4000487867337505
81.86323062441954 116.63911588502845
-98.86207906949814 -38.258253781788184
90.6876814501374 72.48220600726849
75.07467519143626 124.47026272623418
-1.235633733607486 95.08815110759909
36.616709592419504 -60.802663701855735
-111.07139839317084 -5.778264826076179
42.7790867443223 109.56915217409365
8.834486375863655 136.53148053114074
-88.2810579989308 50.93441983773082
-49.34574715627801 -22.928393656457384
47.2421594429818 -9.874140196715121
49.24486707953598 106.00622279450876
-34.8434310428766 -21.37354026253837
-55.51321642942958 -94.34328884930714
-130.24737523884494 45.33213790271729
-105.04029456525718 72.64451862703396
39.98883924252917 130.6382033790117
-82.92756316208748 89.14672869839075
6.294946866838825 130.01000717941065
-13.839458019912497 26.074895411216577
-68.69809128636088 -19.388875443709217
-14.62929028089989 -39.78514566772751
0.27256859976954245 -75.81487286318018
47.08762853035755 47.81966228889112
-57.37489487767365 -12.13979594864917
76.50494623101805 97.74184538482837
28.195640796561932 -10.995204150958937
52.62994321748303 80.2541804954621
-90.79582873055936 87.65858846841617
-21.3562974013858 -41.4004029136894
74.71010197231676 66.80712540316107
123.60176069937852 68.7100860465812
-71.63741227329602 -57.78040603068326
-51.48857445434372 33.45180941232421
2.811041742501529 -138.1335745198953
-30.470541885735233 -74.26938689109642
-114.96626651608922 -33.43273649439437
-52.4153320130011 -120.0382036676006
49.00315172747228 -50.55107021658123
93.96031524360053 -111.15588628074622
-21.238478762752486 -53.284172858945695
11.014739998898301 -68.26896998829486
19.29470007399458 21.179192861623548
-36.430029064647684 20.027219256278975
7.581482421579569 -122.78358254165069
-66.3678179972994 -12.683527295463353
17.378059871105368 35.808851839477114
46.39030403367019 -71.52297658685521
45.94514984615117 -26.930175223268932
-89.4226155034951 110.56558058916865
28.350419802548334 -119.46679408525327
71.1626399855123 84.32378296615306
-13.786998058693237 -125.83848275530707
-91.2246208154273 -56.96643950317735
-0.4444513744567623 142.60250565978416
-42.06031795048506 43.85505832109957
-11.902126125798535 118.64455006126308
14.206550759656587 29.50424928385433
-146.3950369760735 10.015462754537042
-7.341546528031791 2.8181680431884595
53.0171621222446 -102.16039801301156
-83.18508035966904 -35.44314649204365
-73.03796076695401 -50.451912250327986
-88.41397326394075 -112.33773187756016
72.83499054026267 -93.97504449192068
32.802655926200885 66.1890749406426
33.969059499794945 -15.486265132330882
27.884049313384047 -116.10101629633554
4.595748831560874 102.78287750795623
-7.847967213372352 -31.335088468743173
-121.43148946123866 -16.02249283651613
-108.02279324189064 100.5029239468331
-117.22138113323403 -55.00718108817808
108.49164460916927 42.71980766361422
36.231837226586336 78.67264244098988
77.81548997871214 -46.271388337818706
130.66300100235117 58.62945401103019
90.09337349446368 -74.20044365030053
-63.78651456511514 -64.55400108731641
-76.34269945285229 -88.74044960084667
1.1234832612560983 9.49663779548474
48.268007024630734 -38.101283692577695
-22.669762196711932 28.047828337888944
-70.66945157437611 -106.2562539606906
-80.80406198756793 37.32037029910044
52.21482076101984 -133.42859198727234
69.1304740168757 -69.88159265872574
-89.05918987393714 56.94801953539306
