33.277585240486935 -103.22084596118127
-27.05716644449566 134.0384746486602
22.5841677841927 1.274949507626768
-59.81702858717751 85.46772227253805
76.20950511472776 -53.64438914071439
-92.20507365422019 12.863776922675909
-21.588378086901002 -147.13403377842658
9.696069214904993 8.189754933278731
-78.67890267112644 59.66016779237977
-29.338792737604695 141.78065487684884
45.676314912772376 -53.72649787077526
-56.643514735771625 30.554751475183842
-73.38556294184855 7.318276559813696
54.71836195684463 68.843456791863
-9.786289534931258 -9.700996083460755
95.19567978108164 -21.379912678320505
106.19744649269772 77.6297723620829
91.64687753268316 -103.72950173496972
-6.263567530073662 -146.72278331285517
-12.923050093559729 138.5210815835221
36.251118500535405 52.51674431420974
-44.814334867254225 4.844386729809061
81.22351456578994 -94.01400385914393
-6.651326176644152 -11.292219640178923
-130.1606790071704 -1.5583841217350827
10.584222173734176 53.88581621367284
43.19419023007241 133.49215655846933
-45.926100576518344 -78.1009366613788
-23.852629935151796 -70.69566067842008
25.715685024366323 112.70842953984976
-7.1006241608102165 81.2223791759002
-123.95423191898274 18.10397433960165
-41.78522617787183 -105.71201073638969
33.99061402266667 -36.89482977005252
46.35475673982246 -100.41696792153859
21.729566935577747 99.32751235724004
75.27748663717162 -79.08319459849537
103.17818986307846 -35.65514087909508
51.994180505784875 -21.311537095355767
118.62875037035671 -42.36280042276119
78.3943748941459 -8.528773990927537
-74.44477595046574 81.56004880725834
-102.16475686982263 63.73672947687788
-0.35010289703787867 -33.4245201922641
2.2860122852165397 133.39967713388586
101.0127239021618 68.61285469914851
38.63525777361885 -99.2993252279054
79.53313012995096 114.6769269808751
72.10552321659755 11.979145538701223
-131.29373953278832 -47.91663780556121
85.18553863560697 -115.24395921879783
-83.10707666983524 -74.9485475225127
-110.7363457364967 45.618899953405275
5.872418598605449 40.85859992584229
63.624983091906564 -105.34164001264112
-10.965554568301318 -145.53270051603866
18.35731190486444 -113.10981328399953
9.687137554126792 127.92120713790295
40.93377249542769 -133.12914582350382
146.00872727936442 31.112041222097826
-54.78786640823105 -91.4832377614112
33.13274338325816 39.28735288839012
14.400101326545027 -107.64786761445049
76.0668538035401 -109.17287512640699
6.029023958532638 74.39543543043894
-15.320296247202343 -15.209688054311567
-48.510046775786144 -126.1781668288671
115.87054768195479 36.17571225361385
27.189867670514435 45.59595185303794
-82.31800749345203 97.76023049852176
-8.139912542394608 41.46137619770125
127.84960163311585 -60.9443797487829
51.5184629482716 -128.7220840186491
-96.63781627261127 -104.80075652564808
-100.10163718929303 -107.29159108223682
9.68833338158491 57.12951246154965
-76.74708630080153 7.996090306988744
113.44188822676867 -32.48208154591605
3.1632533442311903 -17.09487457363661
6.765168413013347 142.18063456176077
-63.85126698306113 -28.146138138410542
-100.894164295332 106.85618806464262
-78.99278422859553 -10.260912539495997
-87.37300051848634 96.37862135353782
61.61628495066981 -62.346512657211676
23.157310558719228 107.10525162576944
46.44815003293488 -83.97279882509406
62.22238015395937 17.292247982614832
12.316227357366989 -89.07163432094892
76.61216370895521 110.27874242802567
106.79868419540563 -1.352130867084389
4.734193226662948 -99.15881922933919
-74.26364308070174 -60.976268593894396
-11.224703435670671 24.114859256247534
-50.50395079400641 -41.69595689159139
-6.77687874714639 42.58347450128485
9.487886418913282 105.99910312474098
-93.8051779452047 33.269981227233
-26.770849822945287 -70.42305062010368
128.0979833891429 -59.7192630235803
10.694562363099303 119.84326950272232
78.04552948907372 -1.282144999740411
73.84481628083775 -49.8028276848056
-19.98228203241462 113.1725833603176
14.416265428208101 45.74272377457094
-68.23549271922633 -41.00833221174752
91.34802888184262 -57.2294274807882
10.307546923451328 27.045236690942346
-61.86331377492778 49.03367654837326
-85.82778861336249 0.8957187160705031
16.748798291946983 50.971230045800084
100.73246521969493 87.7266224248542
-86.53107502677234 -108.64431253359302
-122.74942477466806 2.8793913721086515
-109.63802483020773 -51.42895088504198
-112.2215866349316 89.21177407408233
-27.922024315137428 -83.09925212417694
-67.55874288615514 -86.16464682281843
-37.737043576532145 -55.57022876514749
-134.5503411906184 5.348816331167586
-42.57681717564675 134.73211037357547
115.97696578969583 -9.761169029953406
61.90351996749447 -95.665828953835
19.69785372576317 98.50774825328574
-140.306202609297 -11.277225265471456
50.730351759808805 18.75467602484336
-19.298292886576046 41.2511122687776
-131.56753029001874 9.754688779315135
122.35932562252438 69.47802698286344
-119.33166853107811 -67.14307942371646
129.74371333297375 10.160811221864613
-96.38009822477912 47.96272792576892
-102.30704427576738 -88.57620355370382
25.455426447349947 -90.71022545102667
-76.85611601648347 -56.7640796734623
-72.7539539647824 52.23173602832146
-119.79880532844751 -10.328165995002973
38.54707056104595 -44.497625222003464
-148.83421433696753 -13.370682877368658
-107.07657259382982 49.33579556882338
76.55623800711807 -123.66929038807947
-7.137087843897061 22.577437985163513
67.86727211559585 128.7193717614787
-54.95380674018996 9.524124487175364
18.720807226841668 -56.786979308549476
8.533466919449998 133.60771383002836
93.6569376890419 49.587263810536776
61.5537171073609 98.34215622347986
-10.59390393071857 108.57400901276989
41.71905424813066 79.13533654177462
-49.18828148499857 -62.696093729643444
-44.97439623025282 -94.30090451588015
50.99776729646852 -127.16709695125309
-60.7237622615621 -105.14229285276147
-5.69928012021556 -45.399876365737455
58.151466362658795 -135.35243627982308
43.18176438246192 -111.97161324474419
-3.5533589527408345 23.7737414824982
25.11427975354677 -83.10698488716643
8.788920687063174 -44.77403713973181
-63.152673565167916 -52.037361581272386
10.54468153370669 112.9391874064322
-54.68398483810433 28.99120835076871
77.03474242210729 -70.45806947757673
-12.37559141545905 -6.2232531331479315
131.2197170358959 -48.32008811921862
28.93724504558882 124.05174615851239
102.68422440513227 70.94847376694236
74.4508551541777 14.577282176766001
-91.9051474276546 -109.74021428413579
-14.500204521749477 137.36189640968433
-84.73032231534579 101.75889168468568
4.627068644622141 16.39047431021706
62.86177957395269 -112.066507855824
-51.92267545443555 -19.99572332072363
-4.9124556672244095 -131.66441975279508
-22.859852615809483 21.043028433755456
-89.43423082395714 -73.69326185729783
-70.40504782933617 62.39333120564193
118.88270850311369 78.33268190207708
-53.369471513542315 -123.54596682522337
-138.8322833457823 48.930867070254045
-103.50518112436906 31.322621685228846
92.894372533722 46.14627051785991
-101.03205635798776 -26.591560264461105
121.45909638853963 -7.04916180458515
-53.6326636586563 7.739946059583603
-5.356644421988518 -81.75271983270973
91.98421726943292 -76.83599813316594
-2.971990866829164 -18.730116885732723
133.39998887085954 37.94693229294965
92.38245813679097 44.84196211501712
105.76071633246951 -43.62762295852521
-84.4444487006823 -80.42281030437103
-61.11075940919627 -81.28235784508003
5.033400512878562 -24.848375895026994
42.44634477677515 -29.590664777428152
-32.71147339795972 105.63913592299144
68.16535293421974 -119.98975043304623
-95.62679379456796 -62.05276675590513
