-44.44492392572783 -52.05100001893724
-71.14723835190857 -58.0405174320113
-46.24723122482812 -23.91848745464016
-12.391406561358643 85.05902474359638
-62.75358322909946 -115.95075331633089
79.73933210287782 -13.562215447209791
-86.08766699070243 46.81713482784597
59.43280836190729 107.07977716316053
74.71490174768228 -20.47446851589988
-137.5254006352874 -24.286199270957372
94.24477323245763 36.28042060785493
136.15827253432502 -0.8795519057047287
19.62732536827094 -138.06564616148023
-103.4213711486391 -41.19963302367356
75.69404110706108 62.47416857959981
75.55598489024247 -26.504556239489872
-106.01661810277 80.80947422581049
-77.29686490437447 -61.74554482066285
-109.92576485168935 1.984185617860127
92.37056750034867 11.94727126915999
25.176902555338035 -111.0602406881065
73.29801047327474 -100.46727182194083
-9.283191534893732 -53.98048706254259
45.379227518651426 -67.59678687274715
-0.03500892904069647 -91.44302472361757
-1.059051216298946 -31.628105087035216
-82.84341267641234 -103.69317993422548
-138.91862136748904 -51.67852424314529
108.01855632378319 75.13874731930956
65.53278503510278 -56.57070346945051
-76.54484307869951 77.6276511830707
-25.62205660666677 81.99736415279185
-26.042441468550525 143.26775529248403
-33.65401846955772 -126.14121892448297
61.83058202584439 -26.50864847116109
-44.42554739723139 32.936214880927416
-25.143347003137457 128.5915180941406
-26.196978067891855 27.9768147643408
19.574940215599934 52.79491180655946
-104.2336043243811 37.55366162101125
-34.586002691229524 34.67053041033653
-16.426358230903283 -91.45840077305103
-90.9266695936028 68.25732157666616
-54.77194985303109 -120.34563005588087
-142.20071659299262 27.473495252516855
-148.6609266790825 4.771466023203342
94.99074300731489 17.454320576225278
-103.86129812236663 16.80873488802085
72.31189488351197 13.086350641440527
-12.961186185769632 -76.65267543327238
-101.33325156945519 5.726643410996815
-59.70921267098153 -34.09177295289298
-85.48895857627853 -29.25600292737037
135.12213502013716 33.75867343428833
113.18232555004047 -20.00829075291947
36.76167684098998 -69.86245200367868
-41.52368701912249 86.03504874392398
63.30525255143758 -51.573661321712336
138.4399892305349 -28.9693320622154
-103.105517276321 -64.43093438011931
18.932585869752895 74.33917622045395
-9.47810793938596 -0.43993989119145366
6.644111622602602 43.77548833810366
52.021682000292465 -39.76042208748338
-140.23802032791755 -48.39690159266463
-33.04532621241742 -46.07431541951139
-2.248347665424995 -92.94743237814603
28.961372925215972 -131.6348235609851
-12.013751501550482 -16.393770178852304
102.68015259251538 -76.13607920229063
-56.44370651975447 -50.75844679012127
-49.429169532071306 -39.36224096658498
88.02877014990192 -90.53117915351865
-9.365184903597555 115.8801929695955
69.60228245790275 123.81350043071512
-52.32303900844335 -51.69727912889636
-56.71255854175691 117.74213531550843
-136.8268459930898 30.094513141009582
80.28609867288066 -115.49477734684838
-31.265180234293066 145.64311864517668
82.25488553115783 -24.189875886115388
-58.695629153475544 -29.8921347651473
0.5575395831877806 8.383660645901587
95.15966511546446 -34.1782176596359
108.64281206694581 -50.92951568169101
-39.642080754115426 -40.12881180640424
-92.73215171510058 -33.84754283851127
137.26294993298856 3.0854116788899284
65.8969733825145 131.17525965064104
12.986990142983528 -14.79020664672037
-68.02740200718793 -46.83671924337897
140.65694932563045 -45.82329826552848
18.91006754483454 -112.26530833880416
39.20443498321457 -121.62352961318723
-37.384811113821684 133.4326759250333
8.228826931866728 -75.18385245931537
129.50739438264037 41.34266563138516
27.552800462864074 -143.6145513181557
-54.29761819563256 12.87350832917753
84.64659429292814 37.13460451285532
101.11574570400046 -35.24943566954632
17.269464511691865 30.76974565668816
-1.3139190261044884 -149.26175229893943
-91.14668591382025 63.41724372331274
80.24229533583471 -92.39163510821066
103.69056901145666 74.63862732829398
-27.640869350479946 -8.487652928592398
32.897285355811825 -3.9109708468983646
-121.11638248987934 -34.09588388460094
94.22008730704344 95.91281594201233
-72.88372769461822 59.50493476862845
25.558179454815836 -24.95866252838994
31.015794737407628 65.95112980446497
123.87681768089445 31.073952263761413
22.848305900246054 38.61876235593177
-55.23752641709069 24.83287855965812
-30.081408320686997 -93.11443283095193
43.18434131466808 109.39377118724637
-134.1989739603789 42.52802910763749
29.82543967098925 -49.30425970026655
-25.76404294027144 90.02660053255791
-7.48654307548453 97.75570554811294
-91.56495803511297 -79.86644934333619
59.48050756962312 -128.5605329429578
84.96101367339934 -82.18856964069252
-102.80441735513686 11.597986519907998
133.65419501158252 -14.245495032072581
-61.273728663781355 -107.0041876298807
74.04356272743902 -38.61801701145817
10.743652231545877 -34.88781155768611
46.54192878208753 139.95669394017958
29.08542778873842 -30.41027516053205
86.09271188898003 82.4502938864958
55.137457897764705 44.8315620516619
108.87952604684638 81.5150003590862
87.24041274843901 -0.4641593276698646
16.56378623754791 59.798543215654654
32.0780184385777 -50.018010938619035
-3.292875991114007 52.57445354464796
-3.8840813831347467 7.0682042613153735
96.32899080005924 81.65456045845103
-24.543598029357053 68.10401323173824
133.36090528954745 -50.78445235324918
110.62577548875538 73.66292756795654
59.33766204111395 -21.781212008618077
-86.54037755376358 -56.102542818162924
141.1238371220383 28.9655387540006
-130.5088262235893 -14.245206199887985
-90.22674175256927 -75.04061747977131
135.625551743644 -6.769764030987669
78.85133995160153 -84.3221096813288
-16.39926323084055 103.15448832853123
-74.52343883430856 102.09907096955482
-4.749532920316085 -4.858396696700756
101.55918892896914 14.953044094061502
-13.809923054446248 -140.67544380674676
2.017442781221591 -148.22863929150503
109.64985588905624 -74.19249112797542
-128.05169967613728 28.032036821765175
-84.54867353923666 45.58895754122271
29.790654796444382 82.98764499179525
1.8176523242939016 -2.6934261309989456
66.45538887974735 61.08420670877413
107.8149753752102 -28.915775164357534
16.618162114773032 31.998443316457713
-19.16504056059715 56.359243336357885
-79.23782328935206 -95.58516741009088
-20.52503043197938 -130.25044676552514
-108.79705297231187 47.24285965935045
57.35751867742036 -20.189602216231723
-101.44715654448272 -41.440154149494425
-143.35496235920422 21.934136703725105
-94.45197413384244 96.13211882070622
110.19508670956972 -82.77991570235007
96.50074886744478 -58.52735654327431
116.4082374645581 16.196505586229577
104.74937210679363 1.1716501011122569
85.54107211842128 -26.25549083032818
72.02639308881928 -22.545233758602166
-19.405082999144213 32.31380937478512
35.90091943887672 -82.33172629586886
-126.56448428819148 65.76864310938247
97.16286915390279 100.80025318092987
11.079059681298114 -89.01314592961576
113.06619233917245 55.93504238415781
-103.2659506978229 -64.78068380583316
-136.42990205914893 -0.23193825168150192
-23.58630304820403 -73.83194641026807
99.73122904898543 20.140554727306995
8.726620153021221 -43.85782737487751
-33.250643919140856 -110.42269298853321
110.34550605185984 -32.32155904370872
-100.1105799779706 -71.48828195667987
-64.85597618583485 108.62888630690892
-123.34505000397778 -22.429350452146803
-85.78400130850244 97.52701752728025
17.13284354431931 -140.06936624016978
-89.43446447779202 78.41144362295715
-2.342814662441789 26.34749922559192
-11.052509307760301 -73.53901163485827
