71.87308783652645 -14.691102538459152
-94.17390501731226 77.678182675929
-47.81978587631613 55.659199793295656
59.879377507333956 69.63666775114959
-101.65729454961807 -70.89459792732697
-102.81976472406757 -64.0720677819093
71.36186039363464 -100.20316846107514
-65.55252298595902 35.043284135453845
-52.28133128766471 1.0916808614769993
132.60675622243045 -12.759072114881478
-38.20825173802859 59.45697615887522
-144.59857678870685 -21.23759806919116
55.491195449001054 -8.775976718038182
32.8503111834383 -44.73489255618188
73.07975186720701 26.174163055869418
-131.48785797552742 6.133946239407194
30.63491170220135 61.2288404192935
83.61960883328194 -43.60476145764636
94.21471296593852 -31.976402642345658
-46.83635656183479 66.97499946650957
-3.5754131961674678 98.65720749676207
-7.022195110118643 -71.55253980319077
-73.59950633501421 -35.70857096152542
16.296043460939476 -52.78464739724357
-63.99805465790628 12.71420801225848
70.81375895909177 0.8607134419547202
28.010762355634434 44.2351285260723
-89.51594624894712 -10.879480874785436
40.49495389316756 39.1869493556286
55.30132836740867 83.34718271044656
-124.76983242774777 58.429040015166734
106.77876192545165 -78.57151704427436
-33.76262237908556 106.21359771423957
54.621285905419754 56.76949617040464
-126.53853362923027 43.57836090484748
-103.6190953222082 -47.06066361262831
2.034353756140834 -52.74422492605189
92.53136932032498 -22.35111184246473
-95.58688504831035 78.15193133202584
7.393817763657673 -100.17145119096395
139.48180549477902 -52.86511303298747
-43.778730484206726 -21.437703003817248
-50.56960423629676 3.765851149084941
-35.24846332417089 94.28058021653219
-28.16129807960502 -111.9284701130622
-53.47216303782505 -102.1349062891299
-29.95697253840045 52.55942671474959
104.52237617015001 84.54802913584031
-111.01163125377013 20.80285937297333
78.59041721466461 46.9785994293784
-47.644015395351175 27.352595570588175
59.29795776677504 -137.1389098856705
17.294683028003305 -129.9301953898372
69.65833022852918 84.38337227838475
-61.699963649470696 -94.9258281491327
50.83002707356212 88.47534098772971
27.414862837577175 14.598768140521093
-51.51249124296843 -7.343487349927138
-9.080344767254925 -131.70250613314133
-78.93045213450412 -13.705031721915663
-36.467198485685785 -111.26854091019024
46.806045312072904 -43.42546251167176
5.838069762513883 -95.54865407286002
44.54736683739094 -76.9389006139924
-138.58131978986358 39.87136959253003
-19.63495999192095 -54.32471587067359
39.72313671829241 10.088800083618892
138.36440865745698 51.7904535144546
-16.72074672601107 -15.781659872157405
-134.0644277378187 -8.363603113167194
-96.90388586426337 32.48530495842093
-133.44841542352847 38.44605144774747
-48.87316613736723 -37.923587797770466
2.8944515676019367 -24.586991390837344
78.23461217376004 27.91264123723956
27.90304271450575 -4.045619591887242
100.70928431350804 -108.01607703459098
61.44283898122121 -17.939609364028957
15.436414708521362 -69.43050583910234
-69.43287466845645 90.96331658889858
107.50403492454845 0.7433443544847544
-50.01831926696926 10.764415239362831
5.550756457729452 68.30499494704458
-16.518327332697826 -75.6750123551504
18.265172595805094 -115.17425119436848
109.33697486532986 10.755648899882278
-132.14626372174868 26.24357359369561
-39.52806422164019 117.03567369621283
-20.29122877194941 -20.78035872714778
21.25266863829696 90.33322790129853
-34.06041597351673 -14.834875485233713
-124.90666960018874 -59.05485777231617
-80.4929053376815 -45.94212141988095
7.874088794141509 -119.30523642537953
82.80975509228317 7.35328531306534
28.899709907683704 -143.00525525548466
-98.16421232848255 -19.29969593359153
35.286592490579444 -95.49570971448154
-77.68163473466191 -9.469098898888737
-74.72074094125442 -33.67033453090039
57.05606360162671 -73.34690744611547
57.11282790312863 -83.59942020797305
58.16952337740788 115.17683318806192
89.49018119147739 5.438879655698047
83.76011749468185 -123.11204761361964
33.6914628532622 -37.47513018848585
-86.32308211110245 -88.09411163262533
15.386126421918318 -134.64328101163858
30.54893892385225 58.508022907979
128.41401995181113 -64.1030817140927
-121.12678098299786 7.38150133384423
-76.1671294223674 15.850619890331359
-5.414047304627505 -9.89204177873981
-78.5483506780199 111.5656933766039
-12.251148489333463 -115.69386989933223
-39.99171905674612 -110.94076079739804
-15.496837814296757 -105.47912088265942
74.58341700970848 64.07774648148215
-66.48549172391101 -73.92822382914703
-129.0581433184843 54.21110782421376
39.747546775340226 134.83960285382068
19.95735501500252 -131.7673185099776
59.270906894987256 32.88479559435544
15.816565653351288 -34.51394645333842
-4.712370074417933 58.62314757948611
15.619346454885207 -36.48270389639272
5.502602518440667 119.08880572358736
-100.82291784031074 -54.91793717906577
-14.329689745077266 -83.40773329363273
-30.433681474308084 51.212337442723054
-49.414508479144494 31.392858988050193
8.756643441223932 -6.693414714541441
-42.63737484022419 -9.360448895713015
55.60962539380892 -48.256348065224905
-132.51520654246295 -17.197900623110954
-94.25407056224329 74.33228946053474
-34.986463176987826 19.393523582353673
-34.58036237392458 87.08357082415574
-67.35590826426802 -38.60466272436549
94.99784427234894 -59.176362615430634
8.48100465162898 99.11566376398537
-83.7601816843896 -58.05287321743773
-73.69967511528282 -32.07700680567365
43.95697297707964 -2.2914920585183447
-68.88654623310924 -114.81210290122912
17.70928152645083 -85.81563304660025
75.91268522500354 23.9587670021587
132.32350761511663 -35.96106195145849
10.626557468455417 -108.7880783983694
-62.92593988470518 129.39049761949514
14.82324946416339 140.3726963560946
18.184603504910946 140.48991964395563
129.99542798079102 46.36942368801754
14.139410441292927 2.860991794513248
-123.93153077979012 47.18922503165811
-135.72505473125653 9.108798018048647
-30.44224353895462 -38.355992077183735
-80.14077772681199 -112.14907963965224
3.596412746159736 -133.865016246191
45.387128019343834 -127.15746089459103
74.0687728429903 118.9648989415727
8.5157307307189 10.772058119031335
-32.228110853925934 -124.72273051275741
87.75156540834718 -73.73064840029974
20.457965431511266 32.33982478756275
-4.499061438921234 -127.4163970179773
-30.796593218967182 -94.61527955608406
-8.715944557625638 -31.075565055272648
-15.525359435468948 39.070293174779025
12.673247149846127 71.50887550415308
-75.28643225191522 39.98752735056723
131.19282010685697 43.06413343532436
-32.91821261396102 73.75718809929562
55.4792572497886 22.10039993471783
99.97784833104636 -105.20765897900212
7.2943405606147005 -48.66176417587532
-126.12957835365363 -78.26303533370402
86.34693716326098 -18.080847294426572
-2.945952919440397 26.673883935135528
-93.52039090731898 81.1462449718716
-113.60004374969989 90.0493070229554
-21.611721381847854 50.34011658233243
-43.40476040285794 128.263731090979
82.61796653055575 102.70014399593157
95.47295533542044 -107.8696609439565
-11.809709077431222 134.02742236154103
-69.20677654824162 -44.02663781402349
-19.0394289139134 136.24395900608752
-145.24563888296234 28.37816443294253
-104.76235595870978 -12.63672008422496
-110.99068024764718 -58.89954653030919
14.723297474259152 96.75184835431511
127.30833052556157 -42.79687309955124
87.22817205889608 -53.17320434612791
-3.446705389789818 -107.69937849144348
8.09073525174283 -118.13747853567655
-73.16111523632023 108.15776067297445
-37.64332258154533 100.57331890524267
66.21460537316298 -103.67822622693282
-2.4034133014563155 -16.62024485354886
