-85.34268164031502 20.976800999182085
-80.04469360081737 13.039293920838405
102.29118815994117 105.08912478762635
72.06717974436766 -26.219520948893315
70.78340032772321 -18.835868866519426
91.88436974460424 -117.4517890371085
-30.649724360285482 -70.28848624974799
105.28147498368975 13.569135333333758
69.31763277594109 -68.25501396614453
-22.837532560086803 -51.647887738121014
-55.91393647290273 84.72271228475243
-39.65216979384818 122.75794249758657
22.503910827671977 -106.55760701897476
-144.9106117278337 -7.92315026039273
49.016947180846714 -122.63681398341262
16.54615068704251 64.18598909802895
7.886165836197552 133.98242658802693
-99.34123631309146 -96.27980636900186
-57.461784920675576 76.91076234013948
42.08858591643416 76.05916153303959
-115.51469755203709 95.23948133917591
-35.38208040692194 -81.01650757459643
127.09121150884958 57.90120271414848
-41.27216923687147 116.88923431863269
-80.45370556262614 -61.535151928644474
30.392932687532134 -133.10464333281703
-92.47790388989372 114.87097399391962
-102.04796985916687 83.98583216323314
51.02047647768019 -115.06642901253659
78.73269960203748 -113.5045137428063
96.98508547461837 -77.55449737705982
98.89434205268905 90.40279360789881
-65.15839225877968 -96.76147805543833
-56.697348068167734 -132.746228560066
-29.110079575522704 -45.574345181800666
-74.37782942842868 -0.9943857003210059
-99.87687364382626 43.48249252928596
-47.27692520839065 -36.4453558789344
107.50427557385095 -45.52557092318297
117.95275320751772 -14.798483282684186
63.1554380493315 9.459713050941685
-116.67792099686383 -51.94167618308503
-60.434416492792415 77.29669436346515
79.36103602602363 28.77996820267719
8.874039915393999 84.79683655308843
-2.8336138480785618 48.457200101269926
-35.65518788353142 -8.86747226210895
-57.1226966695545 103.22284577266554
-91.98238018809832 -107.48635737082074
-37.97802144297736 -19.30078011508389
3.995375874675748 -66.4932056973944
-50.403178661658956 -99.82795666224717
-67.98291347286775 55.16952853356172
-26.020864101566275 -63.669780197313216
1.9575261889274067 144.34414793568254
-78.63154784334728 -105.56910760082722
-57.32794103186959 -89.04462270315676
-12.792780116968283 -29.886599602404324
-9.332887212351535 -54.38840984286687
-140.9287629419097 -13.261925691648768
-107.78562752575182 -99.76114433935783
-81.00891284509461 -77.77013624613518
-95.02122064235508 -71.01904159543803
-102.18495464817417 42.9083622755678
-69.03721983929165 60.652334121575436
-126.89092266717235 27.233557135667528
11.610570781193207 -62.877283158675894
65.9368838244664 -23.684003881034528
62.410992074446966 -112.10601966719501
118.2447199929746 -50.03370408882679
-60.13772726526626 18.37239609621088
62.51740690256619 -97.05872571067461
52.53195810094121 -114.34686704837902
101.41084313150954 31.814439993232035
-8.337665530119938 -20.305415366959057
-25.992050552706246 -46.54357950553899
117.40601012066902 55.45646769004735
39.235765168047145 107.7984975228103
67.92696352478849 -94.14210883547194
87.56046999044912 26.39936355601392
85.01664532641601 90.39121740112108
42.23742151684179 -92.58248809418224
-47.25379447642425 30.079127979829494
-74.60667880914619 -16.42977423511131
117.65798434887112 -23.62771907957031
111.2275138847359 -34.92743143096924
-64.4451517724824 -129.04997649224845
-41.735718161734255 111.63596305730063
-95.0486970120195 -8.444005959553856
107.77474013307508 -89.42013011735818
20.107436396438736 -131.15649476138717
5.560986836358779 -29.8244343794181
-44.12181673696013 -20.37600991914911
44.2282924449885 125.52384828002958
143.71027661583966 10.702121554414811
45.20246500685626 40.685932969211514
-30.086156311426194 124.26777823812235
-135.74760985632642 57.97696165187743
-23.803759030068207 -71.72746192135882
23.508928631151992 58.83932485237836
24.245057790590486 -115.71662828005796
-64.09721370206638 51.591207700598616
-89.90859503302318 -106.98772372241238
-85.22295379965155 -121.8698336780244
-100.48946862627406 19.70729567546418
-45.16875390726116 -11.298820475298534
-27.537026925592148 81.77108287152437
-6.484690750172118 83.36745609966978
128.40544868408452 25.60602848182558
-5.91981728189922 116.9771512502757
-2.8693662946335885 36.66198599875565
17.388860729734883 79.91394231727271
-103.44557401719946 -31.428389529591445
-51.71603725992236 -77.08619874596377
-117.90737509341213 91.7515399740898
-120.28417470579095 -62.278025964717585
76.83907036168637 -1.0588227192062876
78.6329109179949 79.54531255722779
83.49178718544417 79.67638631165735
138.65490840465523 -52.454950483751404
104.94520819388359 84.65099086761532
5.576105164227132 -102.38475627449762
36.26516590576847 21.95153813380866
86.04588289534027 48.607062397773085
-116.70503512887944 -20.91129042574607
131.62098657009383 -5.005155670006741
29.819134448612875 -0.6821507477176676
17.446045541339046 -62.77711875297024
-134.54769979824115 -8.652476169242156
-69.72079533586474 -84.062596760072
-138.7617485519433 12.815393405946482
20.61281543513508 -105.86910139601846
-111.77667062781002 98.56479070105868
46.81895762447367 -80.48405570833543
26.056282080789373 -108.4040196676009
119.64226089670004 -5.6021373414762365
-101.07926731671678 -52.99588023779786
-78.59124241508414 -60.417191383986534
5.849173710217027 29.167331810065516
53.397781057772754 -109.59771252969942
13.369179416517296 -45.618496339338286
-40.35190156202801 -20.760350085500008
95.51566564064348 -115.21800038556943
-136.1766278471269 -30.969942057198217
81.09269126240311 -34.8657950251286
25.560282319832694 -60.42993034357469
-2.8668445488579333 121.70260168590343
13.328760584178037 46.656139731010654
22.33587410337129 -26.82928224704321
6.74679327824922 -147.79363704475543
27.34328977432608 -71.53468813666893
55.57136374452094 -89.08360264827115
53.50322014955124 63.22168940181836
-13.545497527419291 -149.09443056380104
82.40379396955441 14.333262328676263
-80.62132769259472 12.078096472500276
7.469738600349483 140.1086784561192
-118.76306961204673 87.80226007969016
12.290035109877685 146.53525630879835
121.75944262892743 -65.91629780138702
130.18433269099893 10.025173095126645
-115.20415416391187 -18.659143822668028
-35.95675300087285 -143.42616243622504
56.22526503574716 129.40525411256004
-68.08835209679492 -14.561322917702931
-25.409673255240115 139.06245466545798
73.49756385589214 19.82587017098029
-0.5213928794471158 -93.57509121517533
-111.44117403761571 -4.337788995780265
-34.99644427405247 -43.920558907540666
89.19677852538055 -44.457329752746794
52.49715896986704 -102.46701678182323
-46.88205837878302 4.636947975675462
-103.10539508199192 -3.759566847575169
-56.02419368992746 -6.00954379876261
12.534158118879516 3.3246289863378675
-90.5072489379482 -29.0098394115609
116.25120608165228 52.13681894579177
-17.74344105686324 -0.4210669725948226
124.89790388533505 4.671838410251336
-59.66758518450739 22.97651544340438
-60.32466042649544 44.03392191015481
44.02283183029129 -111.6973570103236
-50.327838796596495 -20.52307410110597
90.66980729183203 1.8184240294271423
-85.85103535429703 -122.9836890500303
42.537775821338855 -67.68837719571751
51.88773070556367 115.68263684024974
70.73050384146121 -35.56613374233757
-22.250196167050763 -54.73083250920235
-32.50102686041873 140.59800528278802
1.6682060881722804 92.58102273294479
-29.02433046587351 33.21997357021429
14.952339957208189 -128.7473406409003
-33.45025175686734 -5.1834688271735585
117.33759040863013 -66.96042314057712
-135.95394812837765 43.755234092482524
23.83735633725018 -121.1991790887521
72.05253027865908 56.76182513987963
-71.59760485463433 -120.93238675562073
