31.880000266890605 146.36570686577053
-1.8063369336503816 56.7800793463176
-8.401014266956308 32.82158150944927
2.2129108152351873 106.46779520482158
-9.851497183375892 -21.676647511887175
75.79223877046515 100.22346165897751
114.45039680302861 88.19806754063079
78.80806307386852 -55.71994509696472
87.32685933845167 -16.30318080583705
-5.814281434716983 -46.91639163863243
-61.46545050701447 95.62989066682827
25.892095436415943 -88.05456177643516
93.67268239262857 -76.10887291567393
-79.85169549730327 93.13193651900293
124.08779375786088 54.97135880539886
-8.753888096443571 -147.3412038957334
91.7152455736635 66.63080497651711
45.60872016373331 -64.83977646142658
22.129621208282142 34.18096160048631
32.54431435266945 -75.69551486256272
-65.68704929955594 73.13534733536905
97.30191919321312 -27.15553889780592
-0.9564620201465763 -87.91007705133558
95.5029664193143 39.221518071082855
89.76035929471126 33.58714637449457
-101.32541849457095 77.56834626011334
9.845604214831454 65.94738233155248
146.42851862361493 13.833332447797604
106.11389439823924 -75.43029176489732
114.6680152587081 0.25484628806605536
36.521518793116 -113.99397840797943
15.94546856503863 64.59155153750002
12.164233444261841 -12.56717378558874
50.45013896736181 -23.051904207645816
74.96810240607935 -25.884269110469614
-1.4873100194343045 -81.69752893677258
85.22149803469901 32.34729334491176
-115.42421650745577 11.52386587740783
48.415292725149605 -138.73193597282022
-77.42886034652385 125.11090826474644
-63.21285428763272 -95.6549164338891
-5.371280850669726 -54.33709811602488
-42.60430128064917 -0.3753940563078821
-37.55742603690084 -53.761937188507645
-69.76051410501772 34.71828834176876
-61.933599466016354 -108.28584524395875
27.14491893427327 -56.49647337112431
-7.188846799133137 -3.6912255826983973
100.56318917187066 75.7276155070846
134.54402471739292 15.517941913505254
-71.82034917297372 -94.25416185813053
-12.118763661647872 24.26743332312572
32.4674435405038 85.85050598674165
1.469958013867142 100.74896271088002
-121.44298073803624 -69.77650251113741
44.68674273841683 49.49740498093397
86.94866594983958 67.65087879427762
72.3230865143561 -126.7218619299443
-66.34115162513011 -60.85091902927835
-15.649522687974935 -13.07616292065846
32.018402698335564 0.2761572683596465
-124.9761010727454 -2.359377938135416
-145.17091626314135 21.935171782100568
116.61724745505731 -22.67822244613095
44.75802877795249 -111.91011223101127
75.84451874153976 -51.881527246894635
60.248802565169015 -92.67582166582037
-24.35405510740228 -95.17456922035821
-79.32477306232175 -69.84406237090376
57.78786196910095 69.28666635526909
-88.71150424360485 -42.058748336640974
-124.9235179360574 25.04410717986303
108.74520355720678 70.54707095966862
-20.762574313120645 -148.1299642574438
-133.53544953151103 -48.96638296022504
-119.00725006028718 -63.65686328649567
3.6140852077476655 146.06382454711854
114.01909479442976 -79.39684456638182
64.47381177025925 -2.8864523687373733
53.73214120487514 -121.84016248269343
-25.65414868903022 34.60883220875045
-144.2314339606689 -23.091370862555415
59.41014873705708 102.1940049834872
89.20981473163602 -22.832940826954214
-74.41164652344541 -8.070579535899174
43.725466995306114 47.353036014159585
83.40369057974624 22.303681657265322
-5.313922533058753 -77.7619546799678
80.13265396887132 17.553423019483326
-45.603651418550264 120.28383624996044
10.695829389966885 91.74623345254206
-102.15443299590484 -107.39294360588065
-66.22269785346924 -82.52435470010491
-1.1702722448300786 -55.776533034441854
-123.5383404076166 33.38047514141418
-83.99398526805498 123.18670357935885
45.38655303566825 140.17744175905483
-50.359370336994814 -8.380258953209763
23.48294555316043 -135.10250842308417
1.1781337211822003 23.861450044433287
31.996100678935083 117.3925030307673
66.78874481941459 44.83275461819988
107.90058737976365 -73.97216540567115
34.98704248104864 -95.7206306246203
-93.99938746954234 -99.76695004823127
-120.04224034332586 18.10200477950953
-15.083863104047108 -70.71029112897796
51.39529464605068 114.08152455704025
28.91832686698084 44.92388062223037
93.32240863020814 -25.033083898877322
110.8753679826254 86.06394476860059
-53.44951593739829 78.08897247454922
145.1065230592874 32.91744552490315
40.94576463790738 141.1963417609616
-92.66946192903335 15.60668052373196
14.248827925650918 108.14051131724109
101.32506854177592 12.176392622240511
-4.577390096208977 -120.71925849639163
140.70535428373367 38.94009151669677
-1.5043017781821992 -148.8265651761294
-18.605308616722713 53.04427468494935
-91.16870705798185 3.934403204441359
-59.47694269465414 -44.95578295546902
-52.12484391534402 -9.125292139164378
130.51979638724467 49.963967292617056
58.596305533225106 -50.994485196751675
-47.376345544325964 94.75386120635054
-41.66285301171974 15.571115022909895
104.75190756915187 -63.37937610999874
85.89888840634352 96.3222033816459
67.30707922921059 -62.45406214777379
141.78956947586744 5.647252094967384
15.441811545130236 -5.607931660251134
-90.1117017327404 39.19834227105839
-4.674935466903995 6.6288262186709845
-63.63595593991704 -12.801245708293443
-113.46566860852668 73.17903651490622
-127.08991412348433 -53.81480357711967
14.164887833063931 -142.23725051336055
-22.03245412511317 80.81074864763993
25.079756817499586 81.30835089177278
47.97752521395826 80.072614774698
117.97924051193588 -49.56801045432911
88.91384242894884 116.61189667844766
57.76603734073509 -60.680813731134656
121.03740302571623 -19.53022522164904
35.171591923773875 84.33502371522057
-75.59755050232577 -44.17885039194019
-1.6902294810119185 122.20085743372492
-101.82163359360854 20.459721221999697
69.31849707831884 -89.64610920496396
-31.88373877885661 -15.61232629416747
-54.854672486197714 125.8873915598831
71.4541601203608 13.571973951900773
-101.54747610928061 105.02217756322305
63.69968626411791 61.75212366051291
41.86778629979498 133.9336090858334
-42.44846526368601 -72.7781214679664
-56.28161528857802 -47.63728855468633
-61.02659129487572 60.830965285687036
117.93677031404954 35.41251078092849
-63.33677846367363 108.75921162800321
33.12177425188391 -13.868052973795745
28.720125234894585 73.52045324187782
42.880926192604214 -106.58088530208913
-84.6594544064013 -41.12359510781884
-4.9015804159788745 144.4447899356058
-106.27721809869794 -0.5954282593605078
9.435261993317019 52.00059909907622
90.08704184423931 85.78860930174766
-32.334396089315355 -30.258399265268665
-10.309360736543683 77.31979729417101
53.38792368638721 -85.37769278429475
-95.84901931887859 20.16553242729555
54.12239942163804 27.710219324251536
-20.20241866457232 125.33398550611855
-48.08209368244492 -52.50656932301143
81.65655185852857 -97.27582338431611
28.498032315696182 131.50303189345118
-73.97639162336948 36.069877592586906
34.75243997370532 -33.92428834482614
69.43152147675131 -15.227751339630116
70.91386677597986 95.76873135975757
-42.97806081105092 -100.79332756169134
-15.121194733168382 -75.50400271785564
-121.55795326546523 60.47592046026705
-14.459948220266087 33.022739510365696
56.33201146885002 -93.35720755149019
3.691508666934704 114.70321714695451
-104.6401219679415 -1.470612844106955
-60.38359846655524 -114.0674838032584
-72.93268794650007 80.81418963906525
-140.35597645189284 -39.87161156585819
68.49230370807857 -61.57247778876385
72.29913763381396 103.80932458167038
59.99142561206812 44.00392395337274
-53.162241655998656 24.807722923711424
126.08994973572138 81.13453441874222
-67.40044517478083 -123.40965125713385
8.340481528280053 119.37534480550184
