-126.36002504225047 62.86697613468744
34.994893181935865 -47.18975465748577
98.36480454235951 -48.55465667116496
63.635304261582746 92.88620122131726
-14.966558378045145 -85.81216488542343
-19.054910876029535 57.45958656634081
-79.81182114433386 -61.101635929452705
43.71322495336205 -86.42441473790602
-95.07253694139935 108.08762955063533
-30.795038866873828 -17.195055985993093
-64.0889878449788 43.53204077867268
-6.724099967503692 60.25393448491106
45.14218972201757 -105.5072806908389
-103.98190205521934 -23.363071231674578
49.322826195599724 67.56042813984143
-63.83701691797838 -98.50022216077222
31.73861625833182 -141.78004229706437
144.26309655532918 3.250036296523521
-62.47802914624677 -40.98549723613347
122.83555223411248 46.162132715293325
48.923279355352854 113.56249727814766
143.91813011238847 -28.262304067029635
130.79230554720533 69.58439080737966
74.82046850512626 67.78601579341303
50.030863144585595 -133.1118490104374
81.52673871775671 -32.591656920293644
137.60265368506793 -31.69983823249066
-103.29848491690638 88.76304062735964
-6.5175912126804505 -13.874025804733842
-36.631099839496855 73.97804276161912
-7.973275783759943 143.2486148527272
-76.09189902830022 -7.956657022883136
102.00965920673903 3.638533807716739
78.18918338261295 58.11710652258108
27.860599944073407 -133.9653042973362
11.802805337570911 23.223830748472576
-29.87620680937636 -40.06932579630676
130.43577169595966 39.39094054377054
6.760677177617704 130.825208586831
16.369129931766604 118.37938786307839
4.25466604705714 67.59201643113144
2.5901422352231274 -85.1868534829391
90.1273417064139 74.79072901868949
58.34330684451426 -48.23049766181693
0.24496154927507852 124.41448488220529
13.599993367788056 134.65015902617722
-109.91879489421758 -34.46869243929789
-103.73840391588335 -56.3920829251088
53.99312637361652 -104.0017620339888
-78.72559758205675 -70.41252010738266
129.5014532305585 -55.65219805227451
140.07192811377777 -33.99128169591933
-11.15467950079659 -60.551091005089404
138.70173448996277 -8.283855299843875
-99.78850134009133 34.0985196151105
130.7997692886154 -66.1134739882955
-19.79941597814037 -139.02505254803881
-65.41533422542821 107.00838130294962
130.68994964709995 -10.878445608762972
94.96831036055791 -54.69953902168746
115.48221142591885 68.41312193278326
89.12473029076746 -60.785710573184105
31.094232002252472 -36.82912010405687
75.62620091028951 39.10699013738525
-134.85398454208476 61.62689145522983
-71.29738604266781 100.02077756186794
-27.1679102022925 -88.44246736330675
17.391366819803558 -59.891703619332695
-70.77965480632012 10.936715292548088
-40.27629483767737 -74.05425835853636
41.02263083782496 -68.33270156241777
90.10744703297428 119.56610141911514
-141.53815881975893 10.80791542367083
-77.447631724854 -106.73188056038055
-105.32757671113264 99.39270416132935
-77.64255591875578 93.36966176520602
82.06694946529754 22.358853401594192
-104.18371718297122 25.804441885894306
32.27372418745962 -76.69993343061705
78.49517214949175 13.75572789394941
-70.70760529095128 43.31769381688306
-57.746610932500815 -117.17620591736971
98.70705077505087 5.70443997517168
23.34580338748875 -31.742368971814358
123.04854854419887 -25.78809952445768
75.62664532077797 -122.8332323158484
54.75413640896129 -112.76858103588584
31.369880928913876 27.580961852967594
-37.40017570613369 115.32963934667467
-47.81799504442081 84.9325927129806
-46.48001364304943 -2.8247232349536517
-5.334119650542596 32.09213501135503
-57.86611189928066 -64.95690094442224
-46.637433018398504 12.943446638628677
-49.963571296825414 -80.2384640787262
110.68337628897149 78.65284783969993
-71.16897179075266 127.26714315847904
79.01809937938731 116.55863974788801
12.44499119066645 91.9150368397039
4.543015454637181 -129.83786002644783
67.42346081480434 102.1468624806593
39.98368143698231 -69.66267664357134
-45.09936271671076 -95.58007787817257
78.13838512920134 17.906711138812106
-15.564400542820689 -128.89665674741806
46.337553466249545 -22.39618789222762
-50.812402022561805 64.51561544239196
-105.23500458989206 -84.01352759852104
86.15866616749992 -56.492079230861
-35.78540343983173 -118.8771490672715
-35.751204951365516 10.755532753882484
84.07030922558842 -33.88004473683611
27.371611306350005 -105.67819416764122
-1.7502424697960353 -65.1403024788539
17.748962558142242 28.474767212972562
-9.466718275204993 -26.512859358261267
37.08224457078693 117.58084126308609
9.100673874050539 74.77911363926518
36.93027997814746 99.92504448046202
11.066677032249391 11.859334749226978
74.67006955649325 100.25704587953281
-74.44802587738435 -77.55258653550449
58.75825184556542 -80.34062840934233
130.51611993471644 -21.55583644983058
75.05773781964486 -104.54824097456317
20.88791581094602 -145.31385766171033
118.04834181011394 55.660448420637415
-66.36185422600403 119.3249018922091
54.3684991858918 100.77073004314583
-135.78928366434667 -38.60862479924957
51.19077007227885 -38.302535889995454
97.32961804526384 -91.19122828296246
60.10728215130519 0.8086789831974912
87.28046200885187 -18.449189838862367
39.349096046033516 -79.19569650577768
-136.0303350794431 4.351702227715884
31.280146942030598 45.45682496495558
91.92559132429952 41.348676960961036
-113.13729565759962 -28.94248526489874
9.236608630614509 71.38940961929006
-18.66471498457624 90.97116916714268
-16.290272986706917 24.63386879082476
-42.62796630191678 96.39826550690368
-42.5666665498959 138.6245987377702
89.95400254603389 84.58275073739486
84.77263825525486 -117.53325607108118
-81.05804879085765 -74.87285744557143
112.83849051453454 -56.31329812089215
82.97702691019504 123.53463069422563
102.32794388361977 86.63707883547724
107.03942315041581 -93.61839561208849
100.70888163768632 13.807501121197413
-103.07801259456178 91.86237946650067
9.548446826027579 93.27633363462536
9.977742493735143 99.30454620788642
12.996455122437983 130.8005482187422
-115.67086853262968 20.819077364113678
15.31742463040224 -139.44444146040775
-107.54336441448086 -91.86494736188561
-41.85545791427897 -81.00752496958141
-63.71787873224671 -28.102544743941035
51.95904111480906 39.304274064181456
41.66248441826903 -4.35461402158696
23.086243196576444 -71.12881695199025
78.67558271737529 103.0194314883331
35.79837804780894 -34.86642600883376
61.54106551782342 126.61052614447708
23.793738888556902 104.33651353600715
34.75616029869968 -115.01887573253035
-36.24045230325425 134.29824415009276
-33.02776885447565 91.6742996178239
-41.194276632377345 128.96965742715702
-4.62332482333048 56.65670748938221
29.837167832157252 142.41166031411635
33.15237186494488 41.36621369762795
20.914984944452158 -127.00664866343679
35.298563552021996 -47.98178677138133
105.4046243332531 50.27299419624241
30.538737033819082 72.52574902405861
33.538612847894974 17.064805625119465
-130.21203269236827 24.60248762449993
59.46662803411914 51.50088061549143
112.04745158747566 -84.79286737625542
-74.72460938059795 108.06824809374478
-131.21581349854546 -55.35653911228219
-74.33400147319962 116.65255642085286
-69.44736732987279 102.88369695288577
-112.6184393113947 -29.519791171442968
-41.7655668216452 60.321949501596116
10.437753734150496 86.08377795078992
25.44805807680404 57.609192063668125
22.89085200815817 2.1645745609084015
34.293101100484634 11.519490799905412
-2.739767667558415 -123.55768563948041
121.62359782879317 -87.5786233296888
111.26431437277044 -23.793344018742246
-15.971651378225394 94.61643015226488
-110.56737899826899 68.60816978607872
-95.28627329765284 -57.12186779423501
129.65434554454745 46.545433861434496
