33.06255124189991 -62.129868574972434
-52.965776864318556 -57.084633573374354
-75.56801639486144 6.0200074075711285
29.41817964478818 -7.200485914468554
128.35258668571473 28.037889792619882
-84.78587894464688 -121.85911224035252
-3.5675783157233014 -7.519231439290453
-21.493418926245347 46.0939055059494
110.63134908154741 -75.72510110626646
50.941963713701675 -120.03658310438419
50.018503208842006 136.62807609120364
-37.286890809219784 -111.7438326607615
-46.013170483437605 -112.3659357864124
55.554415086982786 -107.84748846467832
-105.95056573220268 -46.78961295529039
78.9734268567925 23.648715082350847
-147.77548882002984 22.421990071785245
67.39924112063672 -63.633605129126984
-36.15638724646235 -28.192949253361338
86.48249580973406 61.36972718272122
-44.8734607243079 -84.6310092831735
62.24656310616649 106.07090399795494
1.2845843152031107 -102.49604879304088
100.31056092257555 61.22562110591787
96.03201353217423 -47.351710893112326
-74.7291681741106 -35.267602884087445
-32.099278762468565 56.59356508830662
-52.93590785649548 -91.91298956150814
9.943685644456057 79.3981642741058
-44.14925929391617 -74.44772453566219
28.537542164628565 -109.20997537836385
146.1148921995256 -11.406099123702102
75.1325175279241 45.929117079385755
10.605919440746247 -8.56882786472579
136.15915344578596 8.286916380870457
-36.697806924323004 -142.12740315167258
-6.685858783199372 -56.55431926849828
12.672506058356594 -141.63440485917073
-53.02397505672878 -110.6210929712849
-33.9221334163197 -126.89745793869986
67.98731766276705 -28.62949540430781
-75.77083215323842 67.54297118850029
-3.363291603800785 83.72187173399531
-104.26214531853877 -43.16261449520889
6.2671976860432395 -20.852102613631764
8.536506294235405 -27.524225203690083
-81.99998515019418 -87.42139679154515
-68.33253736035208 -21.725466529675472
-52.337088739142246 -116.34237355462938
-115.31430388735268 74.27270338883906
28.938719913214285 132.94929460589597
26.438424757825306 45.1670800506603
86.06438704000914 66.26302894853313
-49.15326420153393 -92.51805047165733
64.63856603826841 -134.8108616201503
-114.27012956268524 48.92762435761409
-63.24268636592536 90.32872339270746
53.30942621228877 21.84798230773234
105.73456414626826 -12.215408035718848
49.57799001228337 -5.16422138840854
115.00167477858254 64.65221031215101
62.6549975660102 -18.69501581483452
68.22103422427435 -128.2322272841935
-77.63606445817925 100.85590618794026
-20.78441964602162 -114.69509008956534
128.1832965067595 -40.780897986326906
-84.4051520839066 111.09022363740752
-32.3517600269879 -125.71095730727117
-87.38897825355029 -44.811845310578356
-41.45284472718437 21.02409699636392
-39.840911295733946 -32.30872796490605
29.461613645139852 -52.07903429830632
14.604949377842296 58.58412368056585
-117.2380588792885 28.932163626633656
34.996939177701925 94.89177686866229
104.00029886443967 -57.151430630848
-20.182606987455642 120.68195567421417
-92.01040996436862 2.079441568834087
-2.736105199509514 -45.74422171671024
-5.6113524302699584 38.12593330706859
132.76826522250343 -26.071235064760724
71.65656534284913 -48.53613987550419
107.37455262874882 -24.548719405726807
-123.83492740557095 3.998977844896538
-105.8913586516196 -48.45191644337307
55.008598343335024 29.480574189020107
-55.6754094815371 -117.28299369204248
4.294612831266104 139.32270192576533
-143.77437548613375 37.95373639736505
41.31783322520046 -106.00452479006739
38.5610745853442 -56.457732019161476
-112.17691620275222 -38.62660991774621
6.695164764393323 80.11279012326663
-34.084873429039106 -66.32643099635182
-49.46631340751601 -33.72317438998145
24.428234386855173 -96.06536459780327
133.97302287068513 24.625110755832335
-23.7537196437511 77.07565187723513
0.8939301970315663 0.7706505804622432
-92.16154554934378 55.10340361180103
132.52727245242343 55.20958895555518
70.66610065525332 -16.879031528728174
-67.55639380307595 -88.84352563366012
-129.48182719405457 -36.85866497828747
-131.10151443980166 48.780664103384076
25.559120889083747 -11.09574457920801
-80.08285802767439 -47.91102014903951
118.40136531669303 -56.03082774270545
38.04239122104626 -98.17747577327752
92.08728418505045 32.56061664999666
-3.973055999747085 125.7948856009714
1.1810166820509922 -73.68211697472505
-42.26418388796076 31.716453070893703
-9.825698220351642 17.311967858424193
-123.98107245017428 4.8411325124819555
146.55435401009197 -20.636290132166177
-129.94723773544578 73.60738375775382
-78.99685294253918 10.23522171767074
23.340706253535462 15.628830695332757
-37.077178595675655 116.00356762628647
-76.46712655473233 84.29390770767284
-59.527301690505 46.13286573827573
13.4380086034445 20.629527527419185
-120.89116685993038 -83.79451325239563
94.19082136155721 99.7224125617469
-108.48992066405214 -32.80640993741486
-75.66264140428612 97.6887473844151
115.30435224491471 -86.58563158174223
-71.53192225740986 99.39977675345263
-19.0427636698576 54.43045502723169
-41.167662769275815 140.10630565690158
-128.80856276714115 -59.94049700655935
92.1201288505683 -101.93483482875054
121.72764834330447 -39.68655399947063
75.9053531287608 -27.25866144875894
-27.31188062916087 71.13905774445637
-22.145051133812157 22.509389365153936
-17.286705571916322 107.6548460198567
-0.07145349275496335 77.9589179912511
-71.18948533288756 -107.04639799432718
35.89624089726534 127.20249567224609
-108.8869816709807 65.7108991344516
-111.53294796341386 -56.74693949469481
-26.334663312743558 -4.678529242569199
-97.05077415129429 -24.38476654895303
40.6629319269923 21.757040518351175
-97.91343901530736 109.96349864880709
86.14992321302663 4.806517526374971
144.0093322651474 30.76259832703351
87.31659701123783 51.66530713040236
132.24642733473678 0.08637000619976287
109.11392505575589 -51.72750074062792
-109.4403441776374 -85.80512380859601
-128.2555991920666 -69.04182446044352
9.232223954813007 -61.419903640560484
-10.849663510199797 28.785913976564515
-10.830961701424062 -120.07002939057737
100.16126520373298 -44.70328470284074
-47.65494838553739 -80.23619495786578
-66.51479373326146 6.122753115517225
29.9218795190606 50.32181243193754
46.31155378655139 129.70031341561452
-106.0222321415715 84.87665110529365
98.96869226380123 8.745589313854213
60.123324832788285 133.6621951655734
-14.403292312121746 -148.92824605287996
110.83122306177017 -20.770471638850633
-112.81152325522493 34.101586761771955
29.281559534794994 -51.607563875415885
5.7063837655567 -31.490054632276678
-113.46993117741415 68.31440721350577
-36.21992801508345 -122.21142631518016
128.72646557345954 53.75702139570432
-77.33766222228932 -88.44854524977981
-23.385003507261388 3.5049789318985805
21.584563843037856 58.59457972952978
90.29220473529358 86.04320654747151
127.61743865064237 69.59227255304326
53.10095356208375 29.414027590105515
64.805712668581 2.4321726904584198
-141.0902651361736 34.30683215616448
-79.78125107785509 27.058862400218796
-94.58399609490212 29.91565276880566
-54.71303096569342 -127.01906535342876
36.5150063073456 -132.4092894740775
-18.571226978348463 100.77887500468637
-32.13628399713083 8.121891354973375
71.57698616974693 129.22511086268173
45.244072168425596 -46.24853133591234
-53.287415725505674 -22.526002148506617
125.28887844477374 23.584307229048893
126.60544405030086 -6.940415413382912
-58.57138782929886 -18.30046727037509
71.2700042046192 68.62589115632511
77.15967628855351 -75.32795877393139
-105.37111902182171 99.29781610980078
94.68032231191384 -18.096327860206458
96.60867300509554 -76.34174667481916
-60.169628470871196 22.560697007598467
4.682930093177545 -68.14500587808172
