-0.9003505945347442 -5.8138582413449225
-134.5364596036849 -27.400312149851853
73.3715249073568 -36.4019697462225
92.60535388229845 71.40826945889614
-103.74706207004078 -83.60105024133729
2.167666371062495 -57.11475855467003
115.2846759043393 -59.090645744006544
44.86228335722507 -72.54419713567677
-7.603668836194416 -43.53825782150364
-45.181716634166015 -46.09675773459755
85.52971393408062 -76.79089523823107
34.234986029324766 -94.76323205481533
-99.86646739988917 43.11019100899061
-128.76365078229367 41.83737737154837
-51.245914387395224 -89.76730469838165
-6.935059943822305 -88.38571148020982
78.64675128321741 -63.60770777215643
-7.864557236327887 -114.27392567924953
56.24765433517126 122.17249639091413
10.44168692527116 -119.69615253412616
7.289256985084806 -93.96220315547167
-27.085544236523752 -48.24518275244684
3.311225599202602 -67.6709125492083
-115.19311916221592 72.89105363398527
2.9918462730655286 -55.63964322766348
32.87100797476133 138.23785728569803
90.34134724376686 -41.34634941677246
66.39284534861353 -81.87838721718332
50.01919708676726 -79.1625581996556
-88.9132400283011 -103.40110219006927
-112.57582388089861 57.719583756462995
80.23271975688898 7.225582584388945
-11.114323331081133 112.46294481727959
-34.861472216732885 79.1141860608846
96.12143769956216 113.5780513352506
31.480093738186024 16.12013134986435
109.0721023551745 56.05178183897697
123.68093861665783 -2.406720770256838
-83.56924542158323 81.9913520788005
-80.60629150890726 -114.0340619038001
-45.2180841212469 30.076286310789424
84.89679111631753 -13.01324164284592
-21.912094783963806 83.32577114450135
-46.037364184467116 110.24913176685507
3.6632140361580117 1.0613692592500923
-23.010677211123436 34.03450582547524
35.636757524665676 -104.93329689699102
-6.884246081549717 31.537148817774828
16.075602947389083 4.055398325339208
103.79257400827137 65.40098750080094
55.87229390274304 70.39802371344928
-14.356193358759123 2.3737090731241417
140.7650412878816 -10.802899345200851
71.77840093446332 -17.241992276564908
35.31078628515285 139.4000765346471
42.8657627026686 -31.049722044242564
42.23199621549518 -39.99233438239575
-79.06242137916803 27.49423763960516
-70.2216579300256 -7.4665082567607755
-22.183311841826306 -70.01095845184555
74.89938822227555 50.498911437935284
131.76600602345113 -46.4368317612432
124.21450572276675 50.43440845415118
73.42614473407595 69.7833675174044
38.32743496756271 22.011461243454033
-34.52403375146518 6.57583863910099
74.81799242819325 -125.12098854907536
93.49548606405918 97.3352876700482
-123.44349132593368 -39.284450153851544
-3.1761053595894606 -111.46153924852406
111.02673013348937 -32.92343904412496
53.38934577710882 -107.42387211369721
-73.56523586817463 -75.33751780811674
0.6796069856030738 31.242728348167624
-53.88489912621499 15.314088459924488
47.875029446183866 -108.94594657979182
5.978218614009814 91.90987505827104
-130.4559643818475 56.13202187052397
99.40740735791897 -77.62136857869694
-103.93281837877859 -76.54403552835757
-80.9311615194173 -117.22692430719746
-45.33233686330392 -19.88703051504796
-133.66695791411064 27.580617730815785
31.26739392591411 69.34558761655163
30.072595169565354 98.68444041433487
-3.6881243270797675 46.80948632038374
-2.8542874705937877 54.25022166024279
-120.96463718993404 -68.30407650598372
-72.34166695196528 31.266700050675905
148.61145678924814 -12.574768919424681
-129.1095912755105 20.010549092843647
71.24040856528399 96.52944071474465
125.60672164308576 6.62853093679111
-24.98784337708968 65.34792039335998
18.016486160442813 -85.03094178219862
38.41727884925471 -11.12749306624074
133.46400855071477 37.75820472422975
-29.318852280693424 -137.98988061173878
-99.38889679274929 25.521106982371112
8.714615292781135 -121.21820317201265
14.075534865220904 23.466372809006984
106.48920580649083 -18.82550457260367
1.2972377215430482 -89.05641822901266
-63.87914865062117 12.060258145373249
-85.21426323473746 73.29851317891116
20.534618441261546 -49.41687479797675
20.80368644643057 -140.8010271288803
47.9271143974614 20.95673666681004
75.71006431916544 -54.152256626648786
-30.574085246122188 146.68349795176883
-38.96028242447561 7.897848059591696
93.67778687613729 86.1296203840906
-40.8528490880844 -99.89835425179103
-74.32021009159048 98.97110047559161
-20.556963046908958 -24.716100130968343
-45.12925565905875 89.09794673820588
80.95070295206975 -0.7420915658440247
20.91070251742169 -133.75647395104625
-98.0414437044264 82.9712220185299
-71.95829871841421 51.30162111426611
32.98105917469086 -85.40201297041085
83.41046013216638 8.986980525653927
97.55923661835169 -54.7617233061698
-38.74974753524491 -66.10323559129726
119.22510473025714 78.15745207291408
-43.907311855110976 -119.05189293965289
-55.27829296011938 -81.46170380306968
112.49453470808422 -65.43073945780812
-76.82890962500831 -114.59214426839895
103.93306017066509 -91.17322337062326
-8.984426240126492 -0.47822841612767203
120.47166505418066 -10.16139815930525
-134.82566650596843 -9.91565279331796
87.41740018523925 -25.326871862494578
-11.915376829576697 16.412530007076064
63.453590395419084 -14.70254439887667
-62.39567373557963 69.13281821961641
-55.37687285348869 30.89292768879769
-50.54966858143282 13.980434361846065
39.16276863923952 47.69754408782005
-45.66431009549574 94.391050878305
-12.289309659637542 -69.00728213702135
104.2876204094832 24.640179179335046
-40.17466765307541 71.56832346412722
-108.8279213853537 15.84847027137878
108.05443682664102 71.26260817946871
15.13133366703595 10.769014631413215
-47.52272886132915 -140.01825159417646
82.19603598632366 79.75657386814893
-54.17770495745083 130.73476498093686
-86.48282997674058 -97.08091738716264
-23.83175310378073 -49.87653714011307
85.45587843256389 65.62232781992543
-123.44798519749268 12.81288617036015
61.535636133981065 17.471469789278036
-90.90921768951227 -39.199960881979806
-31.801782102556388 137.59116582812018
74.42030648065136 -94.31169713006217
76.55240941668136 -79.60610939717189
22.697552454231708 59.2906963905116
131.49531980627083 -41.59252313005558
72.79926780005401 -64.50241641405832
104.61861001462 -38.41655800594864
-137.77751947915215 -43.94527737314822
-16.075847866333227 -68.9051450195917
-63.786889976537026 -128.4375103453927
-111.5531036896216 58.280829382573394
-26.585964323000034 -55.71781126090904
129.71169189831824 -43.03842560366145
-36.99886781177313 -75.35167528376738
76.6969565726423 22.273526757270865
-97.21735150846972 -112.82958139399288
80.784396683196 -84.00824447637066
3.3824845774941905 92.38613470468275
112.84473408587968 5.412630556204212
47.23509916267378 67.34562246036097
53.89401282486234 -38.37278700071688
-99.90515205013538 -95.73821626035114
68.97530602280148 -59.75916243969566
-44.12769702589825 -134.18122282650782
125.06029548557436 -16.85607388485535
-3.5394387373781417 64.0113266834789
32.348081057036794 56.31841238608589
28.872178826667383 48.79938421035054
140.82693300582417 -7.642572667321743
-139.3298519383531 -39.28190381446182
-102.20240053764637 15.00654260180035
2.4925010090034085 104.44489120158767
-76.97150099600218 -93.7217486131542
-42.418270370804 -26.652806263294604
-54.462437323237886 -39.09066287739788
4.474246290736774 -90.46166591089582
-33.80105379658735 -18.164323225643276
126.78151332026692 8.178369887092504
-44.47900058181878 91.46596193760996
19.814028091988213 -19.142674761463336
-2.2025914794018777 84.04365733288839
46.63316856981174 61.95773909893715
119.80997435632702 -9.141420044608099
127.26552307242868 11.715262877519873
