40.84046614415886 -40.53239490536792
42.34628218420989 15.524228551672076
-111.48079675404524 -88.76115613444885
-103.70807846408522 -72.64800511156717
38.180747938507395 123.26685535026071
-6.298401778580337 -39.08967421846623
104.40971267917156 -7.843857269936405
14.339427682289111 -110.86410648988291
76.75497215579217 36.39805704588287
68.81152475272823 -50.91675916333038
52.40140281780401 4.830063970389854
-3.097488970996562 -35.98264899233423
101.04838362817843 9.39109040706093
-87.64004677118238 8.007515998710716
58.86221417156665 102.33878564030559
-60.5874651891349 112.04965891926061
125.51956304319165 -62.9480205842817
13.91912944459765 110.45732795292926
-129.83649158943206 0.024485276661910874
38.82018694331819 -141.81377662103225
-110.50254832764398 -35.075532270783796
-113.83179646094051 89.04011791315642
25.473809422074687 -43.94289933310449
-125.66219545825987 -66.88844265402841
-61.45382036998427 -52.12262323436512
-18.15758832525463 4.565710487535247
102.15221903134143 -19.467729867638756
-124.25882230205639 -65.52060008719754
74.68689865736901 50.16826193805619
-127.68399766892067 -0.34789912188794553
-50.0383499600965 -37.80566594658354
-61.87691891650078 -56.379198930845575
26.822061869976643 8.436023041168253
-117.4423909268973 -49.86885187510404
79.34948748455695 -27.843589107467626
-26.772980345678086 -112.44723043462946
-69.3865122545812 49.01134883421905
56.28959250869068 7.711114571657174
-55.14562498722818 -110.12674990754543
43.91055739742873 10.46470969285522
62.32868948486167 71.68884772638587
-20.95450705364623 -95.01564353007885
-123.72253894576615 30.193626585614627
-122.17283493879623 1.029227067285274
2.2776860038831352 -20.694875230594032
-99.92007399818871 13.191221099251186
57.15947757148456 -137.93324612228847
-38.707627543068725 85.8425920444628
30.203962061521995 -100.7229292085402
-113.92924998641091 -55.076346961179496
-13.303612419737659 78.14835333887689
-31.170162040452492 -54.23659176758569
87.20288437186204 38.46757438520839
26.36083972559557 -98.95820416678939
-22.07751921912227 -25.80714962932852
38.70954909252071 -77.47598185426321
66.66318349750203 -82.87119175277154
34.9598773004236 133.00119400522343
125.78374664722669 42.56004472038732
-44.8857258029405 -25.638997557842817
-138.59235963765855 54.24114695707872
21.772894578414768 23.992456685495153
-19.613789161803727 -94.02089195630347
47.86141741528392 -30.394198454880517
48.70243882269308 -71.22641412512033
-94.49254822258193 50.498002820316486
-112.54024547094397 -24.575512287621446
-120.7449870399381 22.244491415963072
-30.061773072548707 -109.06148304478971
18.74044469651452 23.031734288884735
40.751805088076225 -73.99216892397918
133.26806278562452 -21.57233063103319
-116.87968366612627 91.32763279569527
60.89720561034098 -61.60530841826063
-16.17645202202742 59.34666653338524
39.89180914252814 -42.63628466228176
2.3070682849910114 -57.61236960515375
94.93879560940384 -66.21136348976736
-103.63368657847789 103.04546443260925
-132.33785540578376 55.198085244861126
-141.08707884919778 13.735693158093303
-74.54749539439022 82.05106766633382
127.93427506095729 14.01058785814363
-85.47068697191945 112.78546972128683
-24.806669912144624 36.14004234967638
-116.89802180726753 -52.85103582929162
-10.819162490508772 -51.716721921119536
-101.3784324454428 -64.55047126548841
-135.11137979034925 -28.459167028711143
97.57096382756758 88.5891582603284
36.52381172381585 133.06600874908173
-105.69280723570213 -81.84669907055839
39.68375777202764 -32.096110003509466
-143.8409648421373 35.37764576390425
117.84772140624648 53.067933337717015
-52.987636715726495 -16.22466636254775
3.9922667246420764 -34.46333953321427
-141.1449138203505 20.344068866453476
-21.210596274144457 62.18785124845433
35.25106597397309 -135.37682054449874
-41.029477112961004 44.893533589582546
-47.00011385604202 -132.19876795238238
22.162149027680822 -136.9219113106124
-92.82148766031263 -97.12203659674695
6.501315350637432 -64.76033454311599
117.61127420573894 -85.61667311809592
53.48426002349555 102.87824728959163
8.34358303740798 -91.17216207643992
110.36405868290993 -45.11673017546798
31.12557088106238 -141.95615900974025
12.163009104659956 71.29440383184303
-26.62125581398877 31.03781476267225
78.1253459943772 80.33968378352941
59.2140405923606 -88.52185673084297
-92.42184322976595 -62.10422096324676
72.95898092719024 55.68243758862815
-2.437327793814884 88.25457148264057
32.54058682561046 21.294453089013096
-36.65005089353726 -14.828928649101334
69.27908753729245 118.26151586431908
-74.00570700883732 24.463245191860235
-56.05661246759894 -60.82995914391911
-81.26514736185756 -18.75912151612961
-9.435461916823845 -65.98724541507403
61.538330398535855 -111.5730369994075
-79.00715678945353 98.9486402717537
25.66505819294906 119.90779363900701
-16.056876554850536 121.66074818438413
103.2625488171599 108.49494465733646
123.71698995403086 84.7366715486561
-100.78938364581035 78.49021310807323
-81.11512749149101 -28.29487262757907
115.90027734869945 67.1282199709192
-119.48318924507156 33.592989882653285
-47.34218141757096 105.90591227937162
-82.47922014298713 -60.92007808659091
70.96186455567995 8.607382934822278
34.678051057378774 3.8724899625618656
-24.19009883408523 -137.7264636813119
-28.36993285727695 14.044073860050819
-40.356876153344516 55.52522077826705
5.858384056389271 75.6694839687374
15.806677380222403 -116.25749431285763
-129.9674666340112 57.06439501289547
77.58602722315968 -115.43492556565904
138.30251257887008 -40.905575479451535
-15.356148208366655 -64.071673367029
19.699865394296165 43.41921674041072
-79.72691122733144 -13.270392146297649
61.94023867602837 -69.84281160566765
103.51872899906841 21.230000054777214
-43.50308441042802 2.690716047187271
49.622115610076904 133.71270886046287
28.662589428883006 117.92208016383196
13.673340704285762 76.08259208785695
112.77731133962304 84.47903596102088
25.514844115817993 65.4547679711991
-12.514463689155143 -123.90250138465518
-147.55944714497096 14.078177507557706
33.05599975651287 -104.93959870886724
10.26205002032301 -52.17672569533645
100.82381936731414 80.14022733893263
-136.4454516209773 44.55660675114419
-14.999766183609056 84.02991054539334
-35.62094821286252 56.940408091259236
-107.03113025181885 104.65975037859387
68.22242212110162 -110.57562806266112
96.95561128171822 42.714493066656466
-14.193885513240877 -8.889707674298887
125.93969532008488 75.49122269215475
14.598799336613725 110.40324283990779
-127.57601858744884 58.36805853543008
108.8035841547525 -14.797824573208501
-58.09836671834522 -31.468495844619973
-30.824368876551844 -27.605916104890508
34.16010563211545 59.388045838759524
35.62063552818111 -107.74803939992782
-109.7229746041174 -71.67902155322157
-64.29463208558622 132.84519932570777
57.776071701332384 -5.339034339871177
124.80320595879705 -32.303820260236435
-5.652976415339394 -114.06322597200393
-0.8177451407741485 -102.92656962627632
22.10438515083708 109.59205959179474
-73.53146645050755 -67.34303179851277
-82.73415263901454 76.14762214019859
-78.02892342482431 127.92612538011294
38.379799712959056 -16.533537320234647
92.65771050662048 25.982197331837
70.59862021349443 96.72978426263683
144.9301539854194 -32.589473037021406
-63.09673419339516 -123.02850943171462
102.00230947813175 -48.58625219565433
-1.9876590045435671 -148.59473729251903
55.54580003314319 -67.26722681437064
58.47380800037096 -29.737045171656366
-62.588190161076156 78.83864574671055
107.26865688726465 59.02592076461667
127.07028263218923 48.91152288718532
104.9413157233594 71.91686081219939
