-89.80212191716338 4.336172578551996
-76.24792465280872 -79.62180181713225
-79.98080293089333 -16.43512678197992
-21.275198769962827 -9.681616057980296
64.27264465026146 -103.93467460438583
-29.47966898207269 -79.62391862333364
68.42019098892257 -54.79602319835684
-111.57258785238675 -2.446353833198495
28.390753168784983 -88.37742684294372
137.61219324931193 -55.04285034802688
-5.199027976186733 85.17747253650656
92.47817459931001 -117.11313578672372
-53.89939209987733 121.43464929780954
-97.04429024682679 -76.41165521058463
-34.67850690257156 120.93019819316194
-65.33705435675515 5.4579711104174065
72.5917241954179 107.66465342235117
-37.51810734200528 -84.35807075252703
44.59908335978475 -18.207362881959465
66.59381736145146 -109.68968626532113
-48.30719341150963 13.43925810326944
-13.025248760971628 -93.23823159537899
2.254355458548281 57.32578807054943
-36.70729702480801 114.03325784337957
91.44344158667013 42.61323746736415
-39.48210681690095 23.44979096016991
81.82319293724788 -26.2312877505655
-71.44728747917279 22.540489895497014
-36.785737951273894 31.525373268862918
-49.64801646725293 -28.024504040520675
48.47792787734677 -30.58304466226291
45.74204293774283 -43.96987131338602
141.7580897789025 -34.45171890812449
121.03955283753444 55.07205066259304
131.42306514103396 -47.06847238479588
113.39769071588994 90.98579055954372
31.1179072997123 -130.54948340375148
105.57912240637218 97.08249960865818
-71.63713734228524 50.29855238963689
-15.840194190368631 48.02004467041554
-98.0829420697987 110.45166767534633
45.5549048429831 -21.972230993338478
-49.50413876036463 -29.24957500967738
-31.904842182933628 -129.83764050647693
0.24749611396368054 -144.92884571096138
-6.147722710389274 112.59539038682568
75.85550327720613 -122.52971699420922
-84.65069126928306 -88.70988623582735
65.60309734915063 -7.396280139383633
33.73412400315713 -17.231376890257646
-54.930355391207016 -25.209210248810415
55.466876829313655 -123.76356035866046
-96.59018004851612 28.69910715943527
-105.51517423757508 -82.88326157899752
13.301740883400578 147.7795441388388
-5.87902749252012 20.852528596994617
-25.561073439295928 -112.68161058070633
-109.23577231645945 -6.163446644736629
33.74217114782276 -84.16961134653545
-97.98966386064612 -50.441866998046045
50.78133768405929 4.084423719057474
-107.1170307640321 -45.35358545786263
-81.472460920237 -33.41712792198604
-9.325264471490966 134.54233278654354
81.88147445265706 -77.58995567411898
-102.64978494541889 -3.389935783367697
-44.91733162592777 52.36177185103904
-109.4794507482181 34.885339060214925
86.83942226215031 76.47247249223268
-56.77415413210378 -84.29091576149213
-15.81055437125249 117.88219486464385
-6.853767723017645 -90.63468686521604
-36.06017513745293 10.110925898554289
80.1504983929903 -82.91874060693249
3.3122092280660773 -3.929422241433872
-126.34650114764213 -74.6436334018676
-36.10149753576757 45.527339426480374
-35.31621688565458 -100.0470073030256
-19.232330512688552 47.67540228539222
-75.17292642940085 -115.51126029633805
13.261243476164696 30.918786395651352
-81.83444380063315 -11.924620094217657
-135.3814531139311 -12.599968475458473
4.447922349962524 -144.6453425215483
77.78646942652759 -41.93400271008737
80.38224751202229 15.504615086371986
102.74477084980505 -68.38632684811391
-126.81658034136683 66.98515575931924
-94.08976287817937 30.436392685307116
73.04154647874263 56.70202109247301
76.77855617479229 -57.67365422456874
23.211701673100404 -102.38488360619247
-45.829337273633 -67.41455450082631
-134.77732108836824 -42.59327569463426
-109.00048937027265 -52.95588483375055
123.07065876564866 -31.642342547880965
68.16818600929045 -14.554696560406118
132.7092907650664 -58.135477032638924
135.61570004031546 -22.055890717992824
-68.96085234818885 12.553650480802316
-96.4694086164105 54.47026548696635
-81.93154169587541 20.513057442933388
-32.613608106499925 -10.286873275995351
-51.69772464590397 93.06140882928023
-12.611475096231155 -79.2765826267889
-7.550115381280673 -54.65646397239438
-60.35438956886279 -88.51626293416038
138.9820262558847 21.85012211800203
-32.347538491107514 -78.25384552666809
-50.824630658025484 -48.636577534093874
51.01335533612179 29.790173892612014
21.750438721748793 -30.120891189277646
-71.21710755747652 2.1096661823453617
7.481306474770699 -40.643456839358976
102.43619795204948 -89.85144717982308
23.443061609371433 18.769426205119395
-77.55259353264172 10.223893683766399
81.28750524025779 -105.85776060645206
94.24404074343153 64.86492937113603
-80.44508528344096 68.70300269714203
-89.97889353383492 15.272157519038414
-119.4743748766535 -28.408880960615974
30.650109877667177 77.02016035363152
24.558911127566855 -12.897116217602914
117.2312969755929 -18.65394016278378
77.17131420883346 87.45544344895563
112.09677191496057 47.99154000493562
-65.02830568942962 -80.99103377678748
31.50818890337515 -101.72412089855182
-47.56259222987247 110.83935797014975
-125.82077108940832 -36.774794329211936
1.330596765035073 108.429492778483
82.1406243496017 73.07140713254218
18.50947643370472 79.77056792676005
105.89024254521027 -24.093271780559476
-37.90485734153723 -30.297754865021073
-29.67906754186476 28.411598641590256
-62.142183347651915 92.18967176707532
1.4918710327923967 12.328120289811036
-31.412445675065705 36.242868541665544
-73.10361304499122 -129.78321822507976
-96.31460565064815 13.849617880894563
-53.45616035449027 -51.19134997351015
53.69079140124002 97.24204696976643
97.36485058868618 -2.386032217945519
29.371229644124476 57.662499117407876
29.422459741331945 103.00243437090379
-4.449150307177126 33.14364850339943
-79.27545430029775 -29.256640418204558
-91.71200456819537 -55.744743807374384
-2.66073559007446 -121.53322263580634
34.00973482165458 33.99609487437916
-71.79548100086528 -124.77999380613593
-121.22604139989926 -70.80850516621473
-138.19690539043984 39.65346553071059
25.334422884490042 99.44014419701492
59.11914374991565 -59.837264580408174
-80.31415185078711 -90.28129319969348
-38.50181608112501 -17.742998766150755
-43.51576938330396 109.04490456849753
-108.09105691586913 -10.85039347885302
-145.28232653849332 4.158714011356673
39.73760965061237 63.807199899091536
35.22647833530084 91.48854239713006
-138.0848453633439 3.7964204080184993
38.59367470341994 62.74542221854698
70.36609863342255 58.51282400729578
-92.7921962456814 112.65724811779707
-6.572123076435064 44.98762169977817
-38.958768491877095 61.45745653465212
8.590817889322288 108.34439127573154
32.764058436674894 -38.46327276289396
67.54628448795138 85.57778307024235
-123.44617172093923 2.8376272241111145
-70.9949739311088 -87.37726479221126
-29.772601173331307 48.8313147579731
-114.68155493649974 13.320298156561075
62.19169668072336 -79.60362076107256
30.639673889311396 -63.83836581340532
59.65266524120755 13.460216964121216
-144.5125579181174 -27.45429606080537
-63.92774799140478 61.965693062142556
-46.477102800819665 49.116004518633396
7.1647596145642645 36.27840307085129
1.4740401728205312 -67.07990275671537
-123.57060257096856 11.403659399488975
85.23035864623768 -37.95443852489737
54.81136834406501 -95.21335832155346
87.08163353888717 68.86200529604433
12.430706876786108 45.778313585618385
21.311119168291334 -92.8622624840726
14.075953106090767 64.3515436979958
115.1479401577697 -41.79723662800023
100.74827831430079 42.363247531186055
38.325627648963525 49.262813304285174
-20.895647527990874 -40.47449281829884
1.8936884763240995 60.03141315266698
10.721092378272342 -122.28852341486125
-120.05454699432373 24.612928730060236
65.30123127807914 60.694967650537976
