-74.35214982113216 -32.990881647945386
-49.243065136079096 97.03101289752024
117.7158981483464 13.329973512501715
140.79694460411633 11.278348721282978
-21.24293008619104 143.3856817674376
-40.46903633856973 -73.27697531084368
-129.2999693260216 -34.515896168249256
139.6003230171017 -21.242091590442094
77.92181809473114 66.47019643530253
-37.18885784100871 138.59482688500856
-93.23868993470852 -84.02692858791158
-121.75030665195551 -23.009828403769014
-13.20139659581456 58.85263400009699
44.126674874373116 -15.796188079410763
-147.49583794256318 -18.88696593687903
107.48592747943268 78.90690438304539
90.03770900865912 27.472346539687624
32.88676997244602 132.9963371258774
-81.36624296457686 100.05613017899357
-90.2715139495072 36.3234657209333
3.926698470192521 -54.37955696056692
88.8307037253437 -42.71855317157788
75.77643095664222 31.920859763875818
-87.42986557662763 -32.67044628931596
-57.27696015075995 -49.451891434503324
10.876502844968423 114.21767579162682
114.48194850890832 -60.79629597869693
-104.54554946151308 70.42249221757845
-64.64360239200192 53.68225996231325
-78.16660251397201 79.6900122416481
76.95420139947679 118.5551668608512
-33.211388164475046 129.56393160910915
-14.038296791923962 -92.19719794225196
-87.66006415422208 49.49212208876255
-84.51509436740251 -15.290400364271521
19.993641154539834 136.3099145541119
30.653769878290948 45.23846455820509
116.14502820374317 58.33087680092519
-134.72196593242091 -59.15696678697572
-105.85536009292295 -18.157125469586127
24.277500655227485 -48.48461642614231
82.73074529038088 -56.06278531289885
-8.211868076568013 -17.505479793726078
70.65350785002333 -127.73243224234291
-7.589805393286932 27.8128032405765
97.91209826047532 112.05773427034039
66.96671011895924 44.407990540722594
-45.657200317625374 4.816876408747778
-11.888518267577295 -51.29909071995278
-29.73922559543729 146.91615798019194
79.7728814183238 -35.5882736253052
92.20052059803778 69.85801511004661
57.696985549850126 -111.42667899871918
91.48212162198308 -24.910296885453807
-27.54460329332927 8.299169127867012
110.40388941154751 -0.4910879077915633
-35.789172228926155 46.63961495472523
-102.25263848888933 95.208987295965
85.83573674303491 83.57096355428907
51.01556306981821 -42.09645210909544
-97.6907110217271 -56.11175275141339
-4.89207522537478 -125.84793689690584
4.096570571900689 68.51887695720963
-66.81339173947235 -6.234985263075027
49.71134250587094 3.3541706964086084
59.01169534780169 -68.27664897154764
104.16495479778379 -100.58514732379412
36.82811653889837 136.53892535559166
24.57280825616762 35.77914808203799
112.74510606493806 56.526537252430245
-25.25431613473524 135.38323588917066
-71.65642846136582 109.44222302129596
19.69811857178088 -24.29878094110621
16.820303122717142 49.54185833913814
-69.22716937545988 109.49614927147681
-23.314346165070155 37.96200079928807
-29.06629974242721 -28.868423697529924
36.932280865207524 -3.553041297922012
-25.06133693038151 118.73287428854135
65.34979410207376 -59.586491083598574
20.48831862285991 -147.4438327642335
15.792419008805773 -50.57823907475401
7.930969878124699 121.09125292121884
53.34685915167119 -66.43893927064585
14.061999213756033 -89.73496452198845
-86.10830037249698 -96.4850067678289
-82.80542774235356 29.72373198630055
-140.38057249399975 -12.270451337405872
11.840763422974524 -17.43730161448518
83.44922170701989 56.46549174669723
0.3888872860556381 -132.34654257059205
60.772011711587695 57.16764522768237
-57.969699649358695 -42.5565197565038
98.69487958575236 45.86765213930571
-138.80322545758574 13.55860400371083
29.884405407420907 132.69956167809946
3.3650867458784957 41.7171393112663
-52.927289662955246 3.19638555788214
-18.000736929582253 -72.07751642734257
-35.19031136178196 -143.64942779647149
138.24334691788548 -55.95042021654743
-60.6113450381708 -5.28021267687318
77.24930318052958 -37.1500142252446
65.09720551856746 23.915969479458727
-86.00011181191543 -105.6377048019298
-63.261533024119224 96.99582209604598
69.56325597217806 -71.78899023598295
-37.80940141123307 5.2532386499278
-44.43560536149892 -128.40447098061668
58.7205951792307 137.07008757441656
29.162016366370164 53.06542901286936
-86.0172957434906 -26.094766640358287
120.23273036633331 44.82115279283
-34.0344595515541 -113.15154877744139
2.64339867272738 -107.93341032748917
58.129736704028616 19.01554069290651
68.85695297618963 50.06010988434201
-122.59927074768025 32.46528777629184
83.55640483162638 -89.13909382052147
20.627540465157324 83.60176365919847
63.75468667509631 127.46131825712827
-107.65207740969943 -97.9356489332869
105.99172295066148 21.529939757352352
-44.616758163973266 82.7688994560536
43.46495243531389 120.12564958004825
63.14120120580168 52.40715851578555
57.39868482248619 44.20199808471062
15.848664349075756 23.186919504079462
-28.48990780154399 -53.02516498578083
-109.09175209563882 -42.848292079412595
-54.120423177955296 -25.379663797029433
-103.10616745342695 -101.34291286980395
-53.68880985945038 60.74130711423541
3.4580138839890666 -47.144730876016034
72.25670629362907 87.01551126264022
52.396680449783354 72.13281297507
147.2232872482139 -20.015156959623262
132.17140048870968 46.02489561468114
21.27470449634685 60.90897178866002
-53.961192740526045 -48.034569350965754
-14.37485784449688 13.545638078643709
87.908606034065 30.60267783499328
-42.03840357988851 82.7913963716051
6.042152840443377 -89.21164368355015
21.942129730442826 -12.605711653464965
119.23913668844592 68.76209059470803
-125.87752454493626 34.8605196948619
-95.87706002488586 41.02589485647167
118.01085182084715 -54.50517854766613
15.374949835878288 24.904460814820677
-20.312559898755698 143.67381369250344
-15.603128551397777 15.762163594070861
-65.88140155277081 -100.56552944377715
13.06953842335988 67.0967225527395
44.84928546392388 -97.05504330991971
-132.72243324739898 33.57638629703882
6.481135322505812 68.10033118320835
14.264204378082956 -65.85209872890127
22.484231043903858 97.0358001450432
83.57262633174068 -22.120073506760686
-28.31581985259113 36.972670053525505
-0.38822942874041205 -12.676097671947451
108.32854899508256 -15.858443592510335
-17.411751905949917 78.09932019167894
119.12083577603408 -81.09015264775205
141.03959984684712 -6.972419712680262
-138.6207069307592 56.42673729104705
-107.63787229791362 -70.57770817266722
92.11260290651107 87.905957294676
4.857923604345876 94.08076985255076
92.15217845177918 49.8484850437737
68.90425476476655 -74.70726609889762
116.22113575599762 -30.542955234996214
38.90915982154422 -108.81893988772644
-69.64146875544596 -92.72551407906704
31.953324690889183 -17.700793095151592
112.36383228099528 -39.47241317066289
111.72158678951028 38.25891515684056
4.843760897032572 -148.8786987177777
20.636394856574356 -38.95229501856825
123.38359713307202 3.960328078651825
-122.80763790801815 49.29991694312876
46.69990098670026 75.40966859217663
92.44003137309505 49.98142125196416
-100.66164593946519 -60.097269411016626
-120.27893378262858 -66.4549806033957
37.61298043491923 137.19711903525769
-4.093774756106628 -52.97398882943088
15.810090177170377 88.06701659277928
43.394708805886474 -15.600230619883934
103.15438232723332 -77.22068234611393
-103.88244672253963 87.04384962155464
-30.279807938741207 -124.12052141930958
2.0428109128529512 70.9765251996815
-73.52868538431007 49.47254720988228
-5.873629790105527 129.27668622639288
-66.76062153457124 89.67797914283167
31.060039456444006 113.17881845462918
100.49388732703609 37.51745732382978
-64.17118696906019 86.7071761957143
