-41.63171504077971 11.869440722664367
-112.63631015163851 -91.28596651087273
86.13311783794458 -12.084516365924916
-144.06853207594105 9.41771083869118
-125.14428963994486 -10.030735030981019
32.597311688638726 12.321455954597324
-39.99732899413124 1.1928023849869016
1.6373830252152726 36.05197112703118
-37.005925826110534 -125.55601016934432
80.36580534810564 49.171677989601086
-42.68932787267716 -59.30262431116268
-77.89480155788556 -81.59923902473933
14.142895574447662 17.1219974352451
63.70376169403933 -118.10722757330925
83.02478861291458 -102.79667502071528
79.6525206806657 96.63041595469024
-27.29760020197363 105.67882103041084
-65.23049497550844 -104.10388133264925
43.46479651905591 -3.3530232737517838
-91.44240647134853 90.34814543459983
28.483698268675052 1.0677424054952829
78.35035040744508 -57.58481145054864
120.86463543710217 -5.036076045764964
67.50400956902045 -3.928527993550633
-51.946378311751104 -25.097200265834097
-93.9084185121267 75.7257039431651
-95.840767447301 53.12073413002888
31.37791766650086 -144.17773283965835
92.54156101224277 31.63597967044869
44.37957308747327 48.35528847716697
9.798350003478303 133.549566022818
-75.0576608864065 25.802049759170423
-83.77358051543803 115.10760478165271
-120.96003209726807 77.65376008081563
-57.45712811810002 3.645659804242385
-95.90337356304718 75.0052857594859
50.991745831835054 12.736435136527621
-60.671581646868155 -71.72373607542936
65.7408845951183 -52.8796870309692
100.3694596741112 18.129625620138224
36.07102305059292 -99.52122083266957
72.35589782434747 99.41342047142318
-10.661422721664147 -69.41789515910988
-63.25431368588122 -45.229502657232686
-3.9821471820788643 -119.12782532941401
9.75736801062448 -3.7164540367058843
-67.52925031248077 132.81717749846968
123.23093573900509 -20.689820524006194
-3.95380366829432 -112.76497079842363
-104.75952241548494 85.49063299972315
-127.93372164315812 26.084521008769403
-136.4841167059342 1.1120201245212402
-10.996500088104622 76.23429093359579
-29.74577519117586 -53.645306853027286
83.80241842467711 -38.34634076127393
89.61757715947272 -88.19519604259271
-64.71558400212238 -121.34671842282854
85.71227693491504 14.0632731584496
-113.2921544186801 -66.7301497310061
35.430151481489695 71.10067675125663
-75.17599716309233 -9.02977534088529
-132.1276374283722 60.25244961512703
94.9704876591434 102.81244357566293
-57.70767988636573 129.02490913802828
124.88236565112756 25.996640107770645
-30.569674608663934 -38.28057394485791
66.26214538719157 117.07359611624439
2.636880046953983 53.14098158234886
-32.392033680726165 0.572151053728129
-5.2025370504848185 100.02320936306809
3.472933258267175 -55.257433432851315
18.125892966047374 -4.824851788434007
-14.648222819794112 -123.41765503028833
45.726853772810934 -68.79372370265054
-94.67963523760515 -15.96452822025028
-32.05651441019502 100.40405989341617
-59.64249910206477 -40.462933091761705
55.33790025740204 15.400333769493413
16.091406770743202 -134.84333856971597
-114.78669941147658 -52.76841989380276
35.51605475065348 -84.84775679291724
70.77602814026712 61.27264717225403
11.732655250791243 -67.84748300205834
-15.241244420477951 19.16950098071345
103.63589106846038 -75.44790384891408
-65.93900690221633 36.41468518363493
79.14491729973487 24.231838365318158
33.961527807868904 -52.5461767371771
-25.64527622895709 116.34624165828592
-114.7871370401199 64.60863288369384
-18.257149891311695 -123.41701953569749
110.94923009943699 29.40862300420589
-34.87855659039391 -4.695198779217969
78.69668187281756 105.86977046435695
-136.35773341481382 -41.51692969193327
36.26150673137981 -0.20216255446524042
-40.292391922506944 -66.60444394239202
0.8996810387339805 107.97001107331785
-2.040602451616913 -37.449372589480404
118.04699146318836 63.99728257387442
-68.94481898983017 -128.65443723318702
1.9566294315513797 -141.52549434194307
-40.974871873928926 113.30345683326169
-3.857577986503537 36.830107594381026
27.949659906333824 107.90388599007191
-3.1828901798503626 144.11950278976693
-49.067503866960955 -139.5763104919525
-81.72988534241321 -85.98342785399316
-12.717015598934278 -130.64000515156542
-24.605865213608332 -107.87520542389197
32.043864823737515 6.679727639828885
25.599913336842572 -66.17089204901012
52.33249446041997 -137.848131899282
-115.86331807373094 78.83044364835513
39.9982316329411 30.320675657657862
82.07174490061223 -91.46323271919806
11.56562831950306 143.33449118585867
7.315250439162729 -54.44708829767289
-29.867580997725696 53.18963664702405
-15.66884776789243 98.39005140684117
-126.69667778724052 35.944578087685684
-49.43867156218458 -124.49305425006295
-49.575399215579864 -8.782108076915646
-11.084620159720728 -97.2417149637813
-6.637746219436037 -50.965719030753114
50.98639827986232 -90.52991670363568
8.819122140443156 111.56688170884563
74.72350386831306 -63.85485929637381
137.03190409117119 -27.717107807738582
107.33554468914079 74.29705945048009
-121.88579166341516 -73.81688270053378
-61.52062350818212 -117.52477218837429
7.362000898037014 4.927561743293679
52.64164859778604 122.47624594964557
66.6597248322986 69.33054735975132
39.99500199221448 -46.41139415683366
-120.35127059322443 27.991448252112384
-29.267804817813246 -76.18089674379098
-132.43950897640136 49.90715785870021
-72.22868040425979 55.792981726444665
-25.26685008751802 -110.60555400405015
-48.86602564926861 54.06835009622778
-2.2367958438132423 145.65519394405482
49.92376367827978 4.169960796612866
87.59890447314574 -61.791834061059674
137.524192401224 4.145571285561251
-90.02568542810926 101.50931642796094
124.13956505457645 -74.93472529307786
-66.74843409316479 127.22598238507479
-137.45542127127862 4.0082782286166445
115.308921173916 -30.228861788771827
-92.21497554318121 -45.984974261737435
-57.14990143146222 -118.20507000060846
-5.628083911562523 -149.8934522381338
-108.1905923851484 -80.49329199292643
-40.11299973047817 -35.72370287475899
141.52114473377705 7.992350099776788
-130.37951160548081 5.677185971131813
9.126094984197929 120.4585650254473
53.06884322232815 27.16942134595665
-98.97570516758425 -16.17686999609502
43.277875276257895 -66.79217615784914
99.39583624476221 36.573604843723174
-48.07892194953046 -89.73694462373864
95.05774949738816 -49.74239325975741
30.917651673593436 -107.93464208458002
8.562693737386905 -71.29616523509148
-76.53641972627366 67.02193910586415
-121.40863898415273 20.576181445421636
-75.77238940335917 49.79831408486262
-1.6284052191517255 138.97896907588836
-33.311702915653626 -59.98522794154006
-142.51757813645042 27.624206590150294
-8.829327970075093 71.2448433453788
-37.88737504695365 -99.01163622151552
6.930362883976951 -102.22699994292874
-70.2024960873101 -103.90468733570724
120.14141275076572 -25.973705464426164
22.20722108442203 144.8650806118967
-117.99023379428287 31.134565362931117
-38.239064864882565 -142.71501775120703
-82.63826227072374 118.28076804305985
-100.59316450407795 -31.950877612055955
80.71269556246575 -85.31228444431112
93.48463908637237 -6.5782058530229355
12.320248586827494 -113.94328749282586
58.0481177589068 -62.93336232299852
-2.1972280463228477 33.0891018060432
-137.4224690148856 -32.7040927483597
-68.41706395209425 -67.75376608930516
-55.303948539966 111.80733457401172
54.61252607778266 78.3786984040117
-68.59131085408173 66.8980072797162
-54.738335030894824 -97.13527989088482
138.27437131675947 2.2522207944061865
22.865288793011928 99.6714154529865
65.8244058124142 79.3604207769442
-12.757409132637212 110.19104960262506
-66.39406667423054 -93.85086020271468
-19.617560230447943 -108.3132555422898
