2.742901279348514 -91.24720089023846
62.02984197561193 -91.03272754681265
35.15729129087068 -105.57604405814568
-128.99307727274646 21.5434952898537
29.16484886323884 99.24859185489738
98.31118159764353 -54.92460508538762
9.128043519837798 -140.42572966128165
35.843737377566804 30.541232013010905
-20.721155080075953 77.7379646330858
-83.50054418709283 31.811058284195536
53.922516683103254 -77.16991058663302
148.88372498469596 8.554568589200892
-36.06689272938999 123.78548824698709
-105.25481096945362 -84.39622552947034
49.10968058929765 20.34738924564439
86.119513083312 115.57122393160434
57.211173510659094 53.05070032561977
-26.45117737321839 113.40159227365176
-79.9047551233072 53.30712703695847
49.68230184554469 90.83415813957149
-95.05491447115378 5.3663193463304495
-98.50259007360545 45.46947065532786
-55.43600223117466 -10.674453495307551
-88.34400862032885 -34.59156529826107
-96.14309282716626 10.210354161148162
-73.93199359931633 -87.73204755508978
8.194940700545368 77.46132183159443
137.08186358627805 -28.103514028350006
94.58562353910969 90.47974686219541
-51.627990926094164 -30.469085920787567
99.0644479440167 -68.4955619706478
-98.22229008056924 91.37356198054083
-21.358430366377192 -24.06008550940572
16.68824179825374 -82.96762740334432
134.08976710286194 -66.11664485583606
-106.20524053909776 23.48184647078383
-47.78760591679265 29.33336508041887
106.26781454313863 94.1490466871561
113.97160451442656 -3.627664198547044
-71.85947011490347 91.305137176169
115.29899593054976 -30.690416183476334
-100.26615030363511 -85.6076840103236
-127.72714282103213 63.28700479106127
-131.43147107743067 40.11031054381658
124.51554287548952 -63.9508162205469
-58.221917569035305 103.65072008524446
-125.74855579835825 -43.632497736049714
-63.417623532299295 101.32296306274645
21.473496601099523 -95.98141960327077
-120.61559022163094 -34.879692725185194
116.33295294368247 35.36664138438766
107.16444826894988 -88.6737319944824
-106.97337802825948 89.17616240657742
105.57460109101707 71.50478202180942
-12.008194836525366 -113.5917034695864
31.56972549915317 47.900205209018324
-64.84637577567435 -80.8126707764589
83.41182618257389 -65.10034685597155
-137.553242261672 -40.07192030898352
63.74186987975771 113.42696451187004
71.41674997143116 -83.85135317151448
36.60096635776569 56.87127511014827
109.54324508544778 37.29121434398058
-59.23432049879059 -29.688567133000376
32.28915890041742 -53.809570137287366
-54.63082412611935 -19.882710843039877
93.5964413584054 106.99403428284647
-1.4801236848323818 -77.57963986987822
101.15937486693223 -10.488663833499352
-67.38418302034694 101.28261785660573
-17.302064070306354 -35.032030277994174
-9.364091304875425 63.94442355216161
-74.12769315633518 97.34774847972385
-28.719987515378524 106.473685136488
-14.94460837656552 134.8055200456823
51.63818916968771 -73.89286411920611
-98.6999170163776 0.9321920681270842
22.030081101797954 25.84436794675434
57.120264157220355 81.53133648552016
-95.80683079143446 25.128459214634987
45.75141869769565 31.809077289636242
93.14485100070283 -62.312782386691694
-69.65996444378281 -118.71581950832893
-138.44108683625547 -56.95298445938734
122.62765793002745 -27.37698259562045
25.524043566570683 129.81866890671958
-119.7706274463179 -14.242443506921507
-2.7027417124513846 58.245118783150936
59.411913840894435 68.43610643616493
-106.08319032230922 -55.607012315380544
-89.88370350729556 29.455622432434122
39.59817316595449 -69.06633497446649
-29.196516913500282 -84.59861755137321
147.67724073180239 1.022889179272474
-33.44351863973864 -129.81250399839988
-21.36985225662183 -26.464375319689065
-129.11783109574105 12.298705420507286
-8.32010102725866 -92.58291277380557
125.32025068856393 -54.24045432455925
-119.68310479741852 -34.517070192730024
23.48006363018405 143.37283365264773
-6.178164409554658 -4.282291622829031
84.7568637871021 -112.24073473457088
83.36259256090052 -87.77278422482902
-29.578633322889107 -46.31006484564965
-42.407333823708804 -46.00136977406538
-26.141679707636552 69.49711387172565
73.96336366183264 84.73971116466348
25.73406693289904 -88.28244727159979
55.546157162340116 -34.72093301721351
-95.16606629805389 104.04491711276567
88.60448155090859 -36.14812196406281
76.25090556331509 -106.80749796248861
-110.7668890264278 -75.5253203730658
15.466474038910395 115.63757200511795
19.80573296913861 -119.83478637221904
-116.45585329504445 -0.19958888827378024
116.11122228684481 -30.216224101104487
143.9258142796087 16.732482360924482
-122.8137989915775 13.005135634764397
-111.6293548669578 -27.42023993902335
-44.427974491501054 15.196627418756693
-85.64871388081568 76.98998918772865
-39.22064064219906 95.49927518440447
0.9300332594663837 -85.53290920152402
6.367964631361602 5.514893419750956
60.01979239706127 98.6671070718869
-83.81369686805716 19.462801666656205
-9.858083194243815 -70.13356833993593
29.758278735098564 -143.91236729733077
-86.86757203176334 -47.64583829888052
6.323614566035037 143.20377120414952
36.83646653769137 -80.29099971869702
-111.36635875996625 -80.3499724085869
-36.60913462301252 23.343628659601066
101.64927328564853 29.78286168505649
-57.04902265274557 126.99019718135374
-9.179777044453845 -54.66448326533236
52.825276807306764 72.79003729044624
-101.08123088658078 -87.29121880338649
21.10969616385289 49.28260106328551
-0.07469584321095617 60.629139432187635
44.2606695652725 65.86169473334691
-48.15767025087234 26.44992802981589
77.81984611012419 22.278077991709722
-74.78196311441994 108.77732670498766
-47.15383425795933 58.49892523778895
83.77934822886164 0.03323890510859545
-33.34062114732879 77.14238412549956
63.88168250261615 52.91138860945263
-91.82562003721931 35.87797649273899
-105.78057216751523 20.072662058135563
-16.061152337795605 -41.04948022521086
-69.1405428815119 -52.202000221219606
-81.43536391936186 -107.39116906612651
144.16615592220012 36.22280259954344
-68.74304618621194 41.950824082696364
50.302545651105724 45.08193134462919
-40.65907889748583 36.189682508543
-26.50514063877194 -63.670692867950535
21.620417788386273 -8.134306091659118
-31.230175543861478 56.33540072914291
12.15684339272336 -10.3754603568885
-1.1909874365266142 -31.79890478002903
-108.01725385121475 -98.63844621479282
89.10479494025128 25.57085351769166
-109.9545789003801 -46.89313556350344
93.24079748551591 107.79639407999004
-58.2368920011727 19.539045541528555
17.594044406941688 134.5885275380785
-69.18783901193385 64.79996185907045
63.22095818702228 79.35559232708201
118.45126631185924 17.773477433795044
107.12413978588647 9.206312763043652
-52.56482334535168 2.876706161817969
-16.636184901339195 108.75106002959697
-46.024744786436244 -27.08933881375276
94.46682476272365 79.36318421008248
2.683405414604803 125.05232093587301
18.699878508298845 6.794232226197747
14.302488793083189 99.9248142111051
-68.63812833933434 109.05988908134783
-19.70821085625616 122.97227485660554
108.53814969292576 7.415204364522034
80.82337633833409 -86.99747579616034
30.66869022658994 112.95878519492454
-43.22434051489773 -61.62805249504232
20.527434736434973 112.56175415076804
73.42255885141518 -91.39981571565087
-7.068883722923729 -103.56555161016075
-52.889807462274696 26.449208349246256
91.22695472186854 -79.64097176323612
-108.34798066601378 48.44842584742476
-20.76602712686367 145.46377183474232
-34.9952707064641 -7.399793766501106
38.33501924804115 23.70008624409947
-133.52251968829717 -41.39540725994523
-93.49099240638668 -96.24471920008199
-0.17222904042272255 121.48321750953181
44.154134763763324 115.90810500864875
