-123.57644449199007 -52.49125266342255
-53.785082573639954 -94.81158684062422
36.08923162918498 124.78111406358532
-46.12611947923751 40.29901544575269
70.3735661951516 -103.38765441065321
-40.522929232805694 -125.03413904609258
86.73414007484071 60.754147645297216
60.90566040098371 68.67077613820095
-45.82091128646314 -44.64319465665401
62.438678822342226 67.30107373356466
103.92995364864167 35.612567432903326
110.47552562905591 -12.80797766062759
138.7460483342959 -26.498097500775785
-3.1073699157579933 58.76044433456975
42.88586972051075 -68.37244502437237
26.83739933471361 65.74744334496403
-51.425578398732014 54.02840385488763
19.828053940130758 102.59263986682639
-14.17142136386247 51.49832476404683
-111.39728304654837 28.502055621185036
-20.34477236082281 71.5768629599921
-43.473371661536 -59.82282464614134
61.70523965689887 48.77211920648158
69.45638348531128 63.51657103535434
95.63934641910679 -108.46182812427499
14.80671461241719 -124.23035717612355
-37.02447163880888 -118.67992852214032
-18.586465845117306 68.90198280030084
-82.05184567973285 -57.31186032242842
71.4193124807847 100.20598579680342
120.10560076006605 -69.11517121868187
10.010877883795121 112.9542555606311
2.5156591622576743 -123.42073010550997
-108.36606372057318 -33.675003257756266
13.227655597056483 78.61872532172299
-16.325385597834085 -49.402580219603934
116.13316123161782 -51.75272365141197
110.45835824343622 13.99135882500813
-78.75492850460876 -6.060045896127555
-70.21321164024216 -2.739584294076769
62.594319025348106 31.03689343661806
-48.005368393789745 32.990749480341556
41.67361976173195 -39.06280072325627
30.737003434329928 73.70694414038586
-53.442099135118795 -69.29777150753073
-73.07543372045663 122.46518324654056
-50.65433737939029 108.51710585558996
-57.991545566429195 -14.46595896068427
56.092876478861726 129.65490006742505
16.725632538854967 92.00368756756784
-123.96873034919581 -44.415634216399724
78.21495895840141 30.13251776848659
86.78815333529336 -52.695933584353284
-9.27549829237113 -48.39467993726002
54.23022691877651 -26.431997132680113
-65.79564888191804 116.29983928512561
42.32980067571391 -45.880681466043846
-79.55079085601398 42.876160362511676
24.079217574233635 76.76315425006153
-11.331626433870367 -112.57941087629817
133.55048527772942 18.42034387273803
-86.70489011049301 -40.797558775334764
16.54915892980325 26.992818834010226
67.32997184181517 -17.264316685856123
-104.92479231113715 -44.97795065313883
44.55729951960915 -122.90338270480163
58.42348824098758 35.102798162862484
-71.6603360352265 94.20187034678662
112.66789449398084 20.45864988603662
58.00118642677492 51.36039027529317
108.61745925265029 46.71228042976678
-19.016792229713765 39.75701964609881
-111.97347307728437 7.906444811046947
-48.13464054366468 -63.364011225257855
39.26478758012327 -119.78677067461581
14.283038213184367 -84.13377711630028
-62.19267505007237 -110.7655365404493
-44.14088895457615 41.240147650927696
-40.61865211689835 -117.44808161064647
-141.37992334047007 -13.606187371094958
78.0678155936133 -63.67914309683513
-41.51215193233301 -106.80217854405326
-62.44930335356022 -108.22435919282624
18.1089611783278 51.618976907482825
-81.11522743254541 -42.346230708837076
-36.119983305750964 125.17071415887894
-112.74075245133544 45.316945672182975
37.810302899109224 137.57262802925695
-61.5778968925761 65.98168297085462
-41.78806745776399 60.86575877395771
-77.4375793242636 -122.63438199874685
111.1887172363332 80.38722136380972
93.55542740244489 -87.64091290933534
-30.81556870019419 62.62998704894919
-39.965595179984064 28.058770749517347
10.382031664734793 38.5019309405748
-32.13108860892168 -30.480119495012634
87.53494248090487 16.336271542777887
-64.35180194856677 -1.7502866462792686
-54.0276317085013 120.12238048047897
135.397995303658 -7.5376579083955555
69.09507467431207 4.072078962607798
58.20519704230706 -108.64378499488537
-27.82891643482774 85.60336348377126
24.535325715022466 120.95393276372216
-107.50282960413624 -99.30018887177303
75.08489978338186 -29.14716368934558
-2.3323605659802324 -65.50775212571202
136.82402439661078 -43.520779288304446
-23.282997275966615 72.0585129053616
-80.7654172586531 116.51631736889543
-107.68160486735601 -21.394004983341
-88.18924701555531 107.90187193279495
-99.18673589413478 103.57507272418118
67.13489851484603 88.6398946516958
8.407063649188697 -73.1929700730509
113.52734410200121 54.30476848340592
-91.65765915094545 -12.871916872361934
66.63648011876869 72.82232070156093
-89.305683595906 107.79695330776867
46.683124729210896 -46.498061642177966
-76.4925077088103 -1.233762514981183
77.63296293145838 88.6464705306134
-47.199317306718 -16.354027166862483
83.75805436784381 79.74034495891794
41.52691060566152 69.65016176409837
-16.090489908000364 -28.362740862281665
-40.5535846631744 -15.527374313502389
141.48472295075695 -14.977742231814148
-121.77271215805669 -59.252360843758936
97.77597737068668 -62.256704833563816
42.848770745734086 56.23804986941649
27.38173352105682 -24.789790169355985
-53.01857522567845 73.32949262890045
-29.31577991176654 127.18697147181241
2.816134574004677 131.05319517154462
-34.145799993019274 7.6459311231347025
70.87721259355523 -4.942819610250063
-62.04313166099254 -91.81481840722864
-124.16437925372239 -33.92389074198328
-52.18162062148196 15.6514103287271
-140.20512981800866 -6.034539678457515
143.56427811555216 -14.811714170708129
123.22807436862567 -24.849090837406383
-105.7349226677788 -72.45088683026647
59.761814891192785 -102.95739924779822
49.07205736536122 -66.9571858253701
-95.43638390786676 32.04730074275245
-87.22102689324488 -116.3318031662897
-83.1344895493623 101.97427698844162
147.82517958302202 -17.292303198648852
-33.637280371702595 74.84148085835704
52.836561494665865 96.15454018645126
7.581405002870081 -119.2296364858988
-53.311764437683905 -109.52554442673778
-36.73246016267767 -134.63802444919187
38.113762478488596 89.74021592115399
-9.287245864484607 69.39040305725409
45.64858923696079 110.58546530668576
14.58833759741353 94.88822497913031
-24.265668335334553 76.37923325199728
26.82041281868466 77.00038125363277
80.08234773256129 35.089591085298416
-44.11073230318888 1.2917247385467903
-102.14195682378231 -106.73179112499926
-117.11905910606572 56.97586621525799
-25.54195348040668 -70.16317017255136
-58.99661648715526 112.9793787421301
75.34268002524112 95.28098000871111
96.04388959389874 -108.66775444416439
14.516820129359381 -84.92463626193701
-127.30033574588718 -71.14860643495423
-22.33923403534294 -131.15149329173576
21.62977338209938 66.32534608236965
-77.50200725628318 122.95691773494933
14.956728393800597 -45.81606244052919
7.091272739673447 -17.696596214299703
-67.99275482325564 23.147654522829587
20.42503623551211 -92.39687681782117
140.03787061879763 -46.23102807822012
-17.72897529436337 79.54016155892396
-71.10324144732009 110.9355073319122
-68.94043869784241 -31.66626210382286
-57.12722041060829 -116.8043696463957
61.14121507025721 -30.82060744263056
125.8457227849918 80.80882655672038
39.23996738953004 87.30712905535013
11.451391709357075 149.3427950332226
-0.9200213553363847 -68.79559649401807
3.1564673446764004 21.41263098605819
-34.0857225563388 111.53976185507659
0.538543724308953 -32.00054511226737
92.8415656517224 -40.55881758937153
-132.69294386675617 -66.7108336127375
58.20531673006919 38.468142832546526
109.83321061750114 40.15351210909003
-113.6273925091918 -69.0687858137851
74.17545876485582 122.82104708881404
-126.62679828457695 -14.24264641149721
-30.979272249366275 -143.22053310416106
