78.68735483597844 23.02256091975778
31.229978600599726 -38.85484727687957
131.4001096308146 -68.8889462589471
-13.922566911908199 -5.604386264766121
47.195680511115555 -27.915809358632025
-94.18077454076266 -108.04894109233406
70.67881987331653 -52.04418559693078
-100.65148824362181 -47.481293536644195
101.58169498874491 21.854637884956702
-74.33433762306656 73.22828320352018
-115.96565288252371 15.207811714343814
-69.05820350031749 49.58602788180574
-58.35420389716159 -107.61598031204733
-86.0679288918559 -92.99585442790486
-19.17318425802235 33.06079738918972
-92.17177543600968 -76.67845762816656
107.45247385377512 -15.025927272666156
67.6674393654163 99.8667167310843
-27.58633327550217 128.14241423583115
76.35432677696822 19.81577196172406
-105.68711019741403 58.33261481953092
44.56504239446662 -104.15329939320235
14.906039051769989 -39.370860147305585
-71.28521434360569 -79.99369956639775
135.41918076358021 -16.91725811627145
8.715125449641663 140.22024885234163
-50.18073267684821 -118.29384980561203
90.06188771851383 1.1485811942775084
-30.65536121380648 -64.02316479591858
63.981075368880035 111.24720894900597
11.122592286288683 43.53398661332529
10.10398314215699 107.05352235128963
29.272652778963586 99.18693142169083
118.39371498286482 73.66980117609633
96.45971150112932 93.79513875567292
-23.079747640907467 26.95981005675585
55.77825497625543 -51.45893356999067
-12.564290926181755 -36.411493062164155
117.95509873268216 88.93704201624088
-69.28776768532354 -91.64135244264118
17.047298135868623 -139.8608957165052
-136.0124124024779 33.78034867668788
-9.235661232711172 -68.14703222271554
78.7249153841505 -117.52204747652891
78.56387130166313 -0.889557881780316
10.888675376791985 50.276829693584546
80.07431212225724 -21.604730632581337
-54.29957985882242 -61.494310057976456
-93.23033842012488 -62.63069456888276
-64.18670849138363 -32.14990003726321
-14.798606659338875 -130.64170385652648
-138.28289001770122 -16.38161490109476
-87.42840164791204 95.1226876490792
-2.284017332315452 32.57528085447596
70.33745108662353 130.54701124319354
97.05893407957177 -14.469335531515723
-63.376568035447015 65.89417359617148
-21.17719273353595 4.119524772298584
-44.02754235635812 -123.59979396920326
95.39492636764318 -57.590027489558175
-31.172299629812652 85.48380749949997
-118.55159166545172 -87.42754140315118
55.110212683828024 41.47377883681992
3.595400394773842 -148.92073904418504
-89.67032758646579 -71.67863372057776
-128.5632972919359 -32.45901866260383
138.53308166990126 -47.74882604036115
127.80014775846496 -11.89543334580436
27.00704824615054 101.60899767936226
-28.989820042176305 -97.36241611826874
-23.512163527888447 130.46424747673677
-10.098313372124856 81.12550723107157
-7.752884553902843 -93.85091333730608
41.31797455865514 -56.316462446276546
-109.63110350329929 -26.67038759561
95.82645992439448 -75.1525319983672
-51.82746431766399 -129.45707100608763
31.72184998811796 -109.03172385103319
-82.41597641152232 34.48306587859756
128.08894803550953 13.468274077567242
66.39917923815388 85.19480897048179
-96.80251137790113 -1.4074308875503923
-61.09346859677222 -7.058644945553773
-110.8778726451377 -25.848384205262484
59.58933969053268 57.98024383076435
78.92985947195162 21.199575006719552
96.50587820718616 -71.79533068624025
-25.733686808005665 -100.73937661863607
-56.99946486314927 -47.45743399765004
118.62891057984315 53.29367866680555
-6.1594633127289615 -131.0544473511826
7.824515691218191 53.67252161757878
135.11282268651618 30.601981562664953
-80.40484825873635 4.278474619929887
-87.61874930337596 116.17669367366574
50.82047157425667 -87.29735855346603
9.95208174835395 68.33726068518287
-70.2047250850054 10.315500869406254
-86.08239675683352 10.527666370627772
-38.95737601871961 -7.994591573731375
-69.65221240356009 18.594607197176085
-106.52986424999054 -18.054033950433855
-81.49121076130264 -3.132252332704314
-20.980627763057512 -24.801088149264782
127.3227398525377 -62.729148365124985
7.963718766237318 -109.6395886807034
71.59942841395757 70.22990798880893
92.12731528941448 -40.37710166002835
16.6690163278988 -122.66058997377417
-59.6821099924655 -67.5251195458083
125.64805778795287 -14.59466152066344
-134.75619737809834 62.71255387573955
16.490754721264864 -51.23315154160657
7.66921843948335 6.657771960238217
38.41552706860653 -128.55362729595137
-36.318509415059 16.17731529148195
75.71992673950227 88.91351620142892
99.63154803077737 19.969408635217786
30.546404103100308 99.94034653792978
-76.28978373666723 63.747528796016674
40.63371778419265 -114.96756714773515
-78.07742145304192 15.2610439140554
66.36491369117616 -93.56811404061128
-20.137945443096626 -85.44824969341718
31.303509784460726 -19.809802294022063
-52.0429610699944 -128.7025820565515
-68.39970370366657 -113.30024336618816
-9.589469063374246 -46.99602481350934
-22.149294256585137 -43.41277807525832
-107.95655426253515 -54.64589370812853
-6.268972205096167 -45.675829470149964
21.031788720236477 -26.956323246587626
-18.72612339064498 -1.7775095288389036
83.22308994112622 -57.13166636182618
-25.974821909960223 84.54902585760495
-103.07363377478498 -95.46144120992155
-7.736427467276865 -95.63346595009668
-35.76434717351996 108.24966373939469
-16.114327747310973 132.5776468594004
-4.327421059927922 134.48932281794998
-24.168064107896598 67.62196349710695
-77.17908854994867 67.01126511724455
58.1967065149888 -0.9323384104143851
-70.42429972299527 18.1965327553034
-93.45749495997777 -86.55128712752186
14.979214247073722 28.63372077823097
-137.8727944816795 -29.52606177900814
-123.75046920751312 10.5516311181116
87.90735817017037 -73.94392205423895
76.32109454859045 44.25248666598054
58.07461145066764 91.75590019087414
2.1771426364094504 18.945936436309715
-37.118176040747485 -133.5128761498019
14.386861280304629 107.01581791292747
22.282076770108397 136.4348737159844
-6.548861631947756 65.49633092948733
-111.90634408679217 66.58492731447782
-111.23804855939693 3.0218300656565034
131.06142389050407 72.28588468312411
77.64690580814356 48.13306489915146
-30.547588283888608 22.44357173714686
61.56498104824006 62.060907978183494
-134.40544620020438 -5.385841904178256
52.64400490173739 28.16456740116089
-52.71881215186535 -30.35130633546774
-6.937473828771912 137.91327244323904
67.34077878595342 -21.570387152927644
-115.11579799738706 12.27556745808059
-40.00747127999157 -51.23690010126639
-60.96813247134323 -105.32737653833998
-36.71338951839101 -58.530606648054665
95.90259495498786 26.671056126245116
42.31960603110566 -116.94863568341455
94.51225828997207 -28.36827412167788
-53.048374197863986 -20.410556667011623
106.29966762893568 16.002643813916404
40.56863055902509 -52.64194969573477
56.10347224396246 2.184616375190334
-70.7853821358303 -78.34001778471568
-27.307915835037196 -101.07734121929992
45.13700599916798 54.02099963527074
113.06728597242945 -90.58461215410246
-61.20145927914362 53.49488588073399
28.741008117168395 -27.591308649624967
70.38578609749723 89.07690787615428
80.56371719211172 33.577868346639804
6.303857903108084 -122.18047063690041
-51.30248734351035 62.81018075477439
1.7806279297324898 -96.96563037484701
-2.332735636965286 90.58917524139711
-71.85160677018237 -42.08376905272585
47.72840681896874 -120.6023894383389
100.23296418555012 -67.08420759294253
-100.67247984044488 -20.003481170723564
-143.93774359947102 -17.54590731930391
-73.89140461253352 -89.06714128274001
-77.42266692113665 94.00914270505473
-105.97202878372296 -8.20345817218383
85.0337019670987 47.97413030247962
-103.48558974296012 30.296865696737896
