-39.10710836124834 118.820256094568
37.24888431703611 -73.36097102549397
31.92260541600009 -2.345531596666436
130.58948730379083 -73.33334353532477
101.43719133702587 22.012124768143295
6.206150609794378 -79.01989229772929
-135.60762531615268 -38.824131083990764
-98.30106776227643 26.27869339835001
-102.19832708023809 -47.731825581400194
-14.69915262846739 117.86292060213448
7.679775564288667 10.836042755214024
80.71834542146746 99.35586144406126
25.08087637367735 29.340168747589754
81.49219364232457 -68.1156196226622
71.45012924065345 130.0592170505927
2.753427067779336 65.4794204865712
70.04424905901512 46.46344006249652
71.36562473218568 -65.19668036934658
10.359306921764256 -55.60457820687804
-79.81758349998961 56.321315604694526
27.345925585771607 -140.14852406780307
-33.43163885700684 -143.4571242550956
81.14619661452566 -86.20772907195999
99.55351883891406 108.94447363004114
-85.31875252425138 23.639688505413716
20.120412551803657 -72.39273959890986
82.44585804471602 123.12049410828915
-121.04982414963771 -19.9161538264932
36.617169378107484 -92.8876577112113
62.12944804122829 5.13988417688658
69.4999726402913 -14.498195338108541
28.737930763729324 36.37612984860388
-79.59769865227271 -23.601134983452607
-75.19872648815847 113.37642908110111
-30.92169873516633 137.07662803543442
97.21719558195655 -102.86709393740502
-19.31110168959423 -88.44915761860611
69.80417157821347 10.0229422810526
-18.844622871969875 65.12019142350775
51.88076431185781 -35.24108164341134
95.42105709725358 -91.5357951311253
53.82442698340936 31.812981140267173
17.650222189541246 -73.63329192965332
-17.04017615702424 14.08010455015276
-83.29719400231609 -31.139186345876077
54.89489713173182 61.801030774330734
15.795879537483026 123.55132355048904
125.59249869613353 -8.403525142225332
-17.928095601661326 139.55197460071636
108.2614056109385 -0.6877276809769435
6.148830213317764 77.547600095906
117.68376714780389 -6.605343183117877
-80.23198570319951 -102.82548237672263
-64.03163559259379 -52.81669460976263
7.475806008589089 -13.851298978566405
49.04657813628816 -134.85046205066922
63.64186537735374 43.86981055282693
-58.75591906360454 3.4878029505023345
42.348824621167964 119.62070419351495
-90.34662559652404 -103.35089981431078
122.45369856882625 -40.49274149871133
-60.750638023580024 -101.91637781599151
9.058143188287463 -64.72700083051271
-62.89045146605649 -4.682820802354237
117.05618162662924 -13.272009432903669
-127.00170390243989 58.26783990614552
-34.20711273181013 -84.60516095584346
-34.59392470020896 -129.24068164582928
48.901172572987306 133.52613894040937
-123.97837218830232 39.44414836958067
-13.326993629691946 25.447296378008833
-114.19138312401118 39.77890843567797
7.807687154179255 -87.22656971572583
-66.28418013844315 -52.56540536165685
-45.97280494612939 -31.811824204810357
-32.08578738649461 -15.264209473857974
-12.490663207892377 42.183985118545515
-74.30542493071329 88.08689076314954
-81.66873386988141 91.96383506193794
-29.38803305724841 118.22948612412674
-4.3855525041552825 88.57773510460974
-88.28930376463363 -2.3886712221945805
-127.21992683725475 26.449820251859425
68.0316360226569 72.42149950597786
11.828852493904353 30.959745564462505
25.896897987761513 46.36794858709203
1.7637768037697998 -85.43491130686158
126.92539518234273 57.7939960570856
78.19908928520395 16.34896157191071
19.429422608850256 -125.22646785309236
37.078267556194966 -135.7430971634177
-82.95830563932705 -50.151274252234074
-68.1789900220175 79.51161574092109
7.032175166599788 129.45440138543722
105.68403125093894 35.973912515629905
-42.14084012481987 -71.65988169328435
47.46577660105973 80.18241436571049
64.86073521641438 86.22734039402846
-6.950045230507248 -50.62837538109305
39.91950435426469 18.675137106120058
-104.4972692786279 -104.7725910701217
-2.4012533229502653 103.044537916911
111.96397369777219 -38.85687253667311
3.81388626768856 -17.62844612552686
132.2572106655723 -46.0009372112163
-9.737887795166639 35.59201652817877
105.91632527545742 58.95417921430382
39.276387299295266 140.25450847558193
-87.41466147830272 -76.77616341246049
26.751167011801286 22.099032196772395
-109.42683367670529 77.18602115001747
13.121628081083875 -73.87432212712557
-1.2800427904626115 -48.51013767958232
-87.96876574046057 75.07861740192706
-76.32572200372942 -45.21578662752609
-135.76400220248374 31.851420727453274
67.29462176844915 -6.817504612767218
-54.43246637940391 86.62516046626925
-44.05918965085955 0.020028021329591614
143.08247279189322 -22.94148244293415
-33.9072949016999 134.16973401416945
-71.30192458734712 11.264605128935658
11.130366688091337 121.87830706058166
-92.50874792167721 -92.78721057853174
-32.705915744267806 -17.216353234696047
-100.40180437195595 40.57277304814872
129.3102962425345 70.96814437850102
-120.20247664058047 52.316606475696496
-16.497533085307175 88.2022040853011
78.99961564188273 -73.34279898735403
-21.847338321114606 -84.13798342150396
94.38311699843344 37.603836367249336
36.868227975963826 124.20511330027647
-23.38303802154486 121.8094953383294
-56.056203312649636 84.9742223623456
-25.526993019788787 80.45163896987627
107.58459463589863 100.91627150772024
-98.5789503496187 -51.961130228493914
-14.601142545825171 -101.75820725758992
11.704294578210273 -116.02839599745765
122.72696065070635 5.892872492578099
-112.23825515339003 25.513050176927237
74.3893359007363 -89.07511152018925
-77.27375964500465 -28.798222296006447
128.83274956220814 29.31354605502138
-82.15494266700973 30.174347896711843
-75.6820604340146 -39.21678305430758
-112.68177511243715 36.75429670389674
-57.50493657336122 58.41195658072316
29.589304656955925 -84.97169104460922
-103.86076392398314 78.83365691695668
85.26027454019865 -22.337398633706762
-3.561753359794669 -68.51485404620186
-15.14699515251827 13.70899518590539
131.54050050946108 61.831242947360245
-20.525545477388796 -120.12340336912135
69.83145668224579 20.03528454041114
79.08247572291987 55.57533735995774
6.335987104323898 76.71148826008927
-28.850906027504365 59.281314720453
93.33400142931647 60.94471527461141
-32.08097716818874 132.1538021669701
-129.3516106383713 -49.638688089846234
112.73991933744936 -78.41995238589699
70.12080356118376 -44.577271835509826
-62.808909293960824 33.28726363349531
-16.64737725990329 23.918655661239683
119.40715019130411 -3.7520340291934615
47.30486907693014 -18.766561341769346
-126.88140829563632 39.1828707223125
63.771202137960486 116.72687760905944
23.65496758972132 -9.430360684000647
98.68495945964884 97.721124317943
86.66037927473494 -62.0028768425663
31.086722085610173 -89.76994741393318
-29.382845034657816 -39.33067147643791
43.948390986280806 -101.97405035681729
62.0348701521462 23.36233403790736
-127.78403980189967 46.24820458492834
12.37772341387611 -32.38997625870855
-4.011846235456537 -115.15078679060913
98.97057915398214 -77.73928019488429
124.69162025972804 39.14318617793103
136.23173784671292 -1.7018886604686945
59.65885442900866 -115.6873926710851
-49.32788442809531 139.52355650413685
97.36698571295643 -41.70085164520575
-68.33395979058106 45.34425102172418
-93.45583255486186 29.42175366024127
-83.90314819263799 -56.07296327420679
-9.5410524838697 56.97183269274718
-138.15484570364845 39.314901376433205
81.55153021667496 66.83343103097948
46.3374961744781 -99.27383060900209
-0.611232480009764 45.09431458928542
70.09598461382915 50.26398523548242
63.03785502926866 -11.504566786329859
-6.725246456349735 135.11292230011054
-125.85664410689462 34.429754266756014
-31.74055230553961 -85.34622173605196
