35.33497416095832 91.02732231855396
15.000316663687293 114.97888918080714
107.08327537865013 58.72312990501723
-88.8354092877346 -87.75098627490434
-18.202738334157008 -47.543556122261315
-66.17517175426703 71.20595294631167
138.43912058312767 56.79562869251309
-70.9358867762924 22.462834453627824
23.906005776501967 6.05761944451755
-81.85425298430391 61.79636098188691
106.01833545701963 -15.087244874851422
106.40008839309438 100.90782431847764
100.83158155550814 1.1818235272640947
-10.427139980878666 -88.04187688921925
-116.99397823697443 90.7181818469733
103.23832916198083 52.693488170684525
-77.20049734886523 9.692812897134841
-71.72293883805536 -42.935920204675384
-2.7732396457107575 -58.74094279946103
-45.61685068396928 6.69088430788123
147.60034326051817 -4.01145366576117
-42.06421772591638 67.28138824870594
65.69828961210025 -45.5181374234643
-33.92475617304787 -96.94476682068667
39.88455283371559 27.041036576489798
-139.37927954920326 53.467440419169904
-18.94928943858965 -112.89928416306165
-128.01246406884263 72.47758209083884
-141.47401708583453 27.14740598385309
127.86478795106544 -50.15655415992552
-129.80506620243943 7.154578300412421
-96.46010069831209 -0.26714120448628337
16.240906924869314 49.28802656094681
57.79210297760866 -77.44054876056548
-63.90915944840184 -4.199890389682446
-97.24115075875457 75.1866987491512
65.60743836739601 128.06123070529787
-1.0464808191266617 -1.1451646826480157
-74.11526781542624 -11.616801013133363
-75.55200898848302 -53.89033640106926
-16.19937484146036 34.431594691193695
-71.41799812154282 58.57173676869574
77.7095056987875 68.12439170412996
-147.5910802257835 -17.952207230679473
7.259135280859942 144.889009336706
115.37424502424896 -7.471708406708493
-83.39919649808154 49.58870624872158
8.893233892766263 -43.71581873032666
-108.65221343837335 71.060819436844
45.96965111358002 -142.34548430405496
34.88339932462239 102.94857159954284
61.864757256920576 -121.92753015326328
-74.11547813964964 -113.75501817899412
-90.3637567965808 -56.247896979668845
16.392382333887248 36.986550562006855
-70.6132798915742 10.69498687553346
44.02371898498611 58.417125353424986
15.609658165192558 58.5576870120246
-4.482809362141299 -89.88177827806247
-144.99480506621563 1.9541041566139026
-111.44499825023213 -19.447698497181676
-132.09940315703705 30.98342398970423
-9.683154040169331 115.63579179455336
6.460946259025117 -68.45951839346151
-90.05607653051068 -59.44048262186141
35.54477444951055 -33.358092725605275
90.14641085857319 -47.6853916023856
-6.137487892197676 127.24082437772725
44.35047878917074 -17.831431677040705
87.71122716790462 51.886704277213255
108.06123305294136 -8.75386564956661
-57.9128781974786 -34.157351216983166
11.892336598862153 29.12469216549778
61.05788271349914 11.198030246591697
-8.346872678371493 13.501770319324173
143.83410111080562 -38.4047943072009
77.9790832850603 -16.298571935805292
-117.99521726189147 -26.122121893086085
95.15146543195365 22.843731285894183
49.97925546948331 37.159040069688814
39.77265534505867 -98.18296710974218
-127.45782484545768 24.811825989691265
-110.29700426559434 -73.24413497080612
13.436892730797178 -18.573878587589554
-93.44685569258432 77.25390219112306
71.07025535073957 -44.55463696893444
-135.18784903845605 17.566939383714107
-85.10296226371958 -65.00904031113848
-12.792888271935805 -138.86820020817845
-73.76497894258442 -112.56589988035893
78.92174411720694 -64.42752714025372
110.67506104399345 81.47748053520384
-54.82360817041085 101.72766903604598
-78.40654200967833 118.74122284905093
-27.571130389946585 -69.56124168841639
-113.25451473522861 -3.2638388467383743
-89.13729750357466 -84.21494910660928
-2.763869234791805 -19.76588974109012
5.09018926581929 -35.69873678428591
-0.021462510981009313 68.64515536786423
-79.80039025408647 -63.94199841442272
-97.16280440776269 99.60211521651352
124.46841516681083 40.3931649586459
27.364583861255586 11.344797600850061
42.00794740175913 -111.9105407857767
-108.17645814974834 -86.03410241227324
-68.59751925558461 18.402546004379253
-8.70973297291709 -126.00960760659355
-44.44036769294309 117.75480405369915
48.838996217650326 -96.86442187096618
-44.54858575095991 -102.78086909503938
38.496297434178274 -80.67944944125091
62.09280932388376 44.42093909509769
-37.40147758650803 -117.74076548606226
111.86664203056193 -66.9371073908394
11.850373981519606 -33.54032254249978
-46.95105219730074 10.486125543808958
-69.526301101246 -87.57436117433642
-44.57698711643836 -141.54778829079407
-51.51839188592455 84.27134933988405
-116.5345207094557 49.09115043273143
-85.11295666084717 -97.56698100062353
-45.63851421164027 124.598049323084
-29.061402797278426 92.24980337253258
99.12262917247124 23.79610934895424
-19.08872976665777 0.8937143016354498
67.4839842740717 39.43574137928285
-22.151470420307117 69.36181112484579
-15.184642108691136 21.270616536636737
24.168250625287712 -88.22805606625687
17.425109862742957 98.25260356169514
57.39622177278999 33.67366999224003
17.47783175347535 146.55702574838008
-45.23114445333084 -133.71302644593288
48.89185158206909 -61.78681356960062
-10.778981555871425 117.19211916269099
86.97740474236753 -42.19022016462648
-18.860055512289822 -66.39407227379982
96.23226711561126 112.204977706917
-101.18090334224118 45.67868315885639
-87.13029269690911 -69.60661712933859
-49.2638766509225 -100.81229774667848
4.488586653235855 -48.963796875799524
135.91398740565265 42.1221132199559
-67.68091903242401 11.727770641986089
61.63077744387045 -20.914278540898902
-108.9138164567623 -14.970250786768577
-119.57678685073547 -13.755323506920204
70.22686236556267 28.24272442501472
119.3941766747945 -45.60707375951018
10.999713522683978 -20.678088351277793
-11.125263804964844 -91.3809205949645
49.052518237101346 95.93793035155062
-36.27092133558276 142.32578920951548
14.923341701881416 -136.53707576188856
2.1673010779194533 -75.44405590024512
89.08599081625358 91.4992235965292
-36.74457969563157 5.793598066183095
74.62775549394982 54.73413964090607
4.197432452374293 55.13062399665316
-64.26933221622376 -86.51449547202036
-55.508093414153485 131.0986394240105
34.366357699659666 23.824074967257715
9.620643439934405 27.320341550185063
76.04326091220304 -86.7705587945434
7.061182178052272 61.95942359424321
100.87882825115663 -109.14554330612575
-126.00531890812616 64.37246755104958
6.322888554211905 6.8337973617006496
-9.12853374573463 95.24008610082399
-67.34330468068967 115.23997808019918
27.12787740627055 44.06868671982286
-51.08758626150659 73.24505707636915
-56.74035342414992 40.96728367994892
29.62887452117158 -80.99327597120524
20.045017932616545 -108.50507535266013
-5.799586828818284 -40.14304056015828
130.34776027774217 -49.5365911405515
-44.445535788450655 117.15031639097266
47.97257495818708 -62.69301388015736
41.400379060348726 57.84514476070917
33.65530973371942 -131.2669464860622
61.871032722085396 78.2245795580902
-139.28111019935184 5.420805205513419
125.12583623348587 -8.001367447881213
-8.605239455823074 9.49177903495686
16.627818001282492 -146.9067046335101
117.64494917626449 -78.08828790745473
-120.21230315483872 -41.55824729838007
-57.71125652445756 6.486493789200378
-57.07124397679703 104.3107431860573
-125.48306558306206 76.63698859653438
-9.517476275019254 94.3649295642682
73.95614938222546 -90.51034467464935
4.830874028903038 9.151596947742545
75.28349992968306 20.405332281641478
75.99631270136688 -100.00474557594657
2.310183709996508 -98.44357689206664
-101.77138373548847 106.52823146581493
-30.29715776570532 116.77854403982126
