-63.23427749462849 -32.36436299466392
87.02362690824128 113.03261097983358
1.4884308656779426 8.867632092259988
-73.7388346449401 -78.88039941551249
-86.943184636905 92.16624748655651
-106.32566396553301 3.369265145224256
97.64475415350822 -99.24324957387752
-60.41217544325098 135.8356287200049
36.982644824758864 85.99465296075746
71.58482997370608 -68.84516194178747
142.96776781167398 -14.003583201298264
37.12947352324095 26.76460163496335
115.64869769955551 82.134007918844
5.179561368042878 114.43287606805116
15.079124874528484 145.28285993759937
113.38967078888773 19.32334912053438
102.29847370096762 -71.57220793986072
31.63263988776942 -114.13406386658832
-59.92477351392012 -94.29176913612737
9.57640302486761 -138.84592029099235
-41.01506660104033 -92.26134314501289
-119.41650336494389 -77.62353754694519
-26.950256064479852 33.92887597807445
61.77330575608171 15.915194016195187
-96.68337243913416 111.45691319510706
-106.85960766082727 62.92147849623983
62.758119485264885 -57.41370874345057
55.89524231290437 76.30705451150081
80.58497517077329 0.4870891459938219
-65.72120793536715 126.64782414214113
-52.88335601104261 126.84791185062494
-82.63342691453975 -43.69077045278798
-20.250993149240845 -93.6850347191834
62.86640540142907 119.02591501461474
-31.319380079280553 17.63166157419823
116.13372875351263 14.873564505292235
126.83549505640556 -63.64599303977966
-72.97182795584173 -67.17008939974286
110.3938198751673 -67.89297152275591
-32.442961346544486 75.28152910158946
18.990862616621676 79.93611882865125
-68.73127583902443 45.38385146363298
53.40188942262252 -66.33492727090241
15.09765815897927 -67.38075674130917
-81.47000018204963 27.679018981006553
26.99305525941775 -66.84933827943654
38.56215460296463 120.9127907597883
86.14051930408387 -107.55916205853794
22.930799390763983 76.17682395663171
71.01094470936 114.20171800454078
-100.58077889041212 -88.29888203836607
-101.38143990671978 23.671252987443626
-30.994881507839402 71.68667058734192
-84.61367750695985 -48.25976787040808
-148.46329105951153 0.22908048621620736
59.06928220544673 52.69141760771464
50.59416384035644 70.2356910847671
24.839390415158082 -51.36594156054687
-5.006794413569676 149.8865631805502
10.063567655233312 -110.19096749579461
-81.69150786787492 124.56213051738011
-75.21354801277859 -36.90236502542564
1.9357676659007177 -3.5728266768199446
-28.372155425973297 110.07561712901348
91.9180882012729 -32.03006965751821
59.41013651128167 -42.528311622604605
99.34164424048019 -100.27900470040724
-27.02748734863913 71.52807151829616
26.608902769751825 -111.66669130420559
-89.62795843390484 -90.52557687991172
38.18601248806746 -94.42274028593991
-82.28381406938149 -123.04861533788038
68.50118031508211 -19.193264650213056
112.25124244695648 42.10651181149796
-37.99642273921142 -41.040357040981284
-65.39578011488764 11.355699792006396
40.75012153148681 121.81424261051768
-67.12227444607358 -75.91946750923928
-115.86148870083213 -70.28588032883607
-42.44739785545136 -0.2994220670939739
130.79933817166466 -72.52426841451356
-75.84659763210163 93.31141985779254
-42.026324494527216 92.0367891116183
-31.405981805306105 83.6759034118684
110.51979229244913 -46.52409679780215
-69.7317117917795 49.3527454238941
1.4524011030397859 -109.48995483030036
-44.717483887185445 23.021826735461925
10.41146718208849 20.660263681020666
107.37836316972344 -51.06019119187029
31.540126022173556 41.175131055455715
76.1403773438675 29.168149252524564
90.11155036708386 -13.372377463012594
-50.229877002079164 17.696724541039178
92.65857121776088 48.88510707219507
44.089530439256514 47.95925016954376
-36.82902510542588 2.162629918720975
17.139429370776377 -46.46018715033756
130.10898727079004 -66.98181141552152
-62.430220100271576 -22.436908617602885
10.010615820901071 -76.65589962332275
-68.97917232234032 -64.85293089462687
113.95373619640716 -67.24069652054472
62.27338229889625 19.5128957073301
32.33930557012522 115.1686460561867
-80.42454076853342 -107.63339967636006
48.6453142253167 15.936418907677497
-110.95474235282526 5.174524379016027
142.6907671870471 -22.524861543864322
61.73148471379071 27.50485488949562
-56.094427775393704 -101.3254474620085
26.413618879400392 116.50963794186096
-85.41302062894822 -99.92063931962224
92.12369481938644 1.7595578065411954
6.457134727605687 54.41158034706328
-51.65378528180518 -80.96623553462773
-84.41965465848315 117.82251461132343
-103.46442164159963 -71.93381055443668
56.42317172706324 -63.69783925333941
97.42582636728262 -21.761948569864945
86.461604124368 13.815712735168487
68.0390593110717 28.319244051584104
-47.75214272300964 -52.85438796810486
-94.24240743037917 50.12060634189941
-5.739217105072261 136.01644457658756
-100.25636137327858 -56.303860143816614
31.67767948072552 -6.162688880703241
-148.04781706460594 3.184119219862656
141.44959497992554 7.828167263637601
-42.544665232402046 -91.12697184350885
-112.88824439161651 -96.32393844999675
58.65200330774066 -78.57162209071366
-4.709771026483087 107.9011378335227
53.54050546543279 -3.681362583086159
-22.196774217605228 36.39809059734844
122.50192966624856 -38.756012778734416
124.20254180203123 -11.94190280539945
-69.99555127676162 -95.22307657503687
-8.252333216893476 -13.371501070533906
86.42120816111776 14.167827742367214
45.45914933099311 -91.51905030427265
98.45184392619161 20.687358851116215
67.42907846572663 -73.5491713913007
25.294913772304582 18.114996193152972
12.702991715951395 121.27451516651143
-107.4873680412471 5.343193064877835
87.95334866873367 -85.06404097512261
123.63213444259335 -82.69878793930978
11.978308298447946 -145.0166258158889
33.330490692169064 -43.20175454681218
97.59254505593545 36.5223394160805
129.12880112547344 -15.366812788815672
58.18445473255305 -49.369257907295506
65.27706243908757 -85.39602010001019
28.229129091014556 -8.198558424165874
29.086793882907617 -34.19430085798303
113.67913966689714 -59.07335605290586
94.43160456997865 96.28897238329137
104.77279501636542 30.109620803587795
-95.18118725876212 -36.875689430921376
-46.41660739878923 -8.093952488056635
-52.29426230767328 -60.29884062843227
41.28840877184827 -143.51834725728028
-55.94925475213092 97.6969657750961
14.897317064365735 -79.75577015658422
92.13230304133033 94.35546283768682
25.864968289952145 -104.4681202334688
38.57358768619735 106.21994993211747
-0.912569774362999 -140.98050112912475
68.81839768335618 123.23853487305698
-68.77908656153153 114.91623297345723
93.16005725497627 68.40777676285475
-66.86458194663126 -7.796686652281752
1.9114853080097636 -89.5898121450949
100.54131688483209 -57.503002480480255
121.41691282071334 67.16597915289437
63.97525930455538 -56.99961215945301
-24.20495054696496 100.8051960061606
59.57252760972752 112.0843740134506
-82.17117638886529 -104.10405202784136
-76.05530493987284 34.891851905626794
75.69742616054509 81.59294944606008
-23.95064575827431 39.673817752499154
-9.21716798329126 -36.34150306403398
-5.8568917265727025 -27.479514826023443
54.42872433885639 72.8555355725626
-125.87760020224742 -77.01224075801777
10.196615195390885 -103.87041822082537
63.177844236546015 132.2343935287348
121.21090522530658 -60.37831012442304
-41.463654028056816 -124.97620083072646
-9.973925516107162 133.6457371421536
110.89200663768244 -38.457573618984476
41.75795764736411 -120.7277130885423
-21.564608199634346 -110.71889475728759
-91.46888220320395 -30.196095238608923
79.7203031162157 -21.946370566576977
80.89910563718433 21.88800082011865
32.3377475031138 20.68266451651538
-49.23485819530188 33.920685893856195
