15.09836760759875 -140.4853506191521
-80.42773004685314 0.6872686212002342
-1.502272294940688 123.95159212680993
-30.162121838006396 -41.09765858615258
-139.06148658109848 24.66358742344484
-88.39000617704463 98.02851488156047
-126.23092535040125 63.32453967538556
106.31265357312385 -77.06590575697066
65.28013310708366 -5.103557728187158
-17.47590871022632 -123.44972297436111
28.491323281132054 -82.36896885662821
149.63510284736782 -9.435988306367195
141.4647383015016 -41.622113113833684
53.0692989340111 87.23298438873066
-102.66865051030447 -14.484114788969023
62.286036590820856 26.057347374162493
14.594778403317964 74.80891317616924
46.082848416983715 131.837700506288
-42.70745823320543 17.391423315277947
85.59163967827168 44.61515517369204
125.24948752653009 44.01893591728038
12.079832382497056 37.48044961867648
93.51734424293063 -95.22994724051085
27.36226485817431 -62.53389154453264
52.8280791380246 86.42351436289158
-18.412903811445233 -136.56965889744984
-64.4664172529814 131.65163223917716
108.02426751053811 -39.63843680338073
-124.61389224414079 51.434400864585356
-90.32091805749037 -35.54059900741018
81.08664323120107 70.46572466099953
117.55015248754812 26.83140639901352
52.41965916494693 -105.52083465022025
-94.74790002348347 -59.686744689222756
96.56565103657017 -22.6341003785446
57.533632133375775 40.53113946657178
59.397609747009604 -81.17966022219437
-52.53366325305185 93.54730793385258
132.94119327780408 -7.139295062472075
93.55742247982742 -74.08038142907493
118.4460219228663 -69.1169721490211
47.57352910033445 -140.67789251068885
33.14970431012608 -3.3922316752350095
16.543707435180572 -42.31605514011284
-145.33803773396357 18.652083106673107
99.05455026187843 -8.405359430305081
11.794293474935913 -64.68479039808922
92.41562830981712 6.771288111765775
-82.93256082105097 103.75321005062217
88.54476274733952 -101.23117932049068
110.61212514880343 -16.048445275441825
78.30471670092754 52.90192389838071
43.48840936627883 115.88937225697113
7.630046874031872 128.63201394888253
-24.059150646448078 52.766743012684536
-120.1009016479614 -9.205369147198052
-16.038653522553513 46.26194823490419
-69.23981616903053 103.71580995715583
-98.93722937483642 -26.632019021928865
77.99955713715356 -26.149228272744608
145.44492034203094 22.005975252744875
130.46824443066137 6.203855745965348
19.36867696901852 16.317424613682835
-26.000391701247892 -49.26627928885701
-63.44498552150636 -26.78003608817074
106.34171159927345 -12.209325831086193
-85.9603028960279 -32.78731718964429
-105.51848627577888 -37.84949022998583
-132.99626504061027 -23.245974077747857
-3.004045959743354 20.10209213469287
74.69720810163903 -79.35221568406806
12.098595798343633 72.07636244600057
126.7579515790192 70.31774718422076
16.79028371993094 29.889291822839404
-73.05460124020419 44.29823984532052
14.261886429809024 127.42169199978379
-104.14211248613093 -19.706240655667948
29.39993714010744 -94.34255140945172
-65.16369817648766 -133.57861543424545
43.5539036505519 -25.190975291480733
-97.08672187490183 -88.84368476414993
115.1345799883517 -11.964633060920775
76.30823718267575 -63.26954375559481
38.75361289209877 -25.471932219013794
-2.5233218042334586 118.0054222658278
-9.8535517058273 -70.01682203239406
-64.65057002093873 78.29373202099744
32.04956491896447 -81.60261885596607
9.013394179175895 55.414333851946516
17.311540903010506 -146.35154074118668
67.48652079559142 12.335860398620824
92.19546625216877 18.168815589843618
-21.792624178294652 5.682800270199635
-5.557830292076473 -140.22107578157193
97.89204660263867 -2.1460381463039075
128.19628404633525 -23.37949408303225
91.96618998543069 -30.914234577002187
-98.79107376074481 6.423387870282054
-11.694626303428016 93.71413793537513
-73.4334121417649 41.22222073990998
73.08954796936334 24.52384347997388
-39.70921771960176 -4.893319737860896
-129.9854153194803 -40.77866840125002
-29.172235239914336 -12.485305976655736
80.48992683480795 92.42071401843914
121.01406987418599 -31.923319806772774
90.04902647493986 80.14634370089212
-66.21294332019342 102.14843255678575
-50.24847027668537 -104.73877621319953
-44.14539087798548 -56.351583941507684
-71.78374197697593 94.12574803781297
6.768380261324762 -22.659074924700892
7.563564776273598 -10.548126853745956
116.20744674378457 -14.47112570675806
63.89849965049318 -40.76709803023562
-20.28039147517909 10.678644897768526
-74.0515312634335 -108.57274891095156
-94.6688669033414 86.74732209087864
-7.87241586588899 -23.534975872771508
-47.483502919527126 -75.31093268383094
-60.21477347226627 -121.87181032657239
-26.853639426042673 -85.35580428677383
54.06228452483995 -105.19599984884917
-2.510102767105225 29.073803096884763
-29.917459863714345 138.80714556258937
-65.91250806583174 60.27114779011196
-120.83552687900551 -78.40023673896583
24.978853726242118 -55.9093175463888
146.12190848904973 -8.379772096189134
63.018865942743965 -76.08533244613739
43.71134891578846 54.342948341223575
-121.89776434058925 61.04224766903365
-25.582304049616383 -82.37259962415142
20.499100650498537 132.08211369083745
88.47294088468998 11.111279616571476
70.50366402855913 -80.17768449350231
76.64983348518304 -9.897479375872047
-94.61777080856032 -39.140129518471625
-48.71794778714345 -37.03589046960892
-27.64756597733797 80.92000206368083
-39.64076146520183 -21.26961683491907
-32.440929876384594 65.41349191551627
-36.70517929161717 2.7508799921706246
123.32535291803332 35.61149615926846
-6.915806809829424 -35.93903020573561
1.0733098046910188 92.05177430220105
-36.080447949779064 -132.38528048892962
-25.85205757513213 -144.2238127440279
14.963424762237922 96.62493435551497
-29.172336448984684 -56.86998969721197
-122.39766835496195 -78.64974046142156
-59.36235261726457 19.08286826428129
23.757863242508684 47.04261881531721
-103.18583805957189 46.452084824846594
18.252287535160725 32.45301375367302
117.8335886574691 43.38694795285687
50.80176676842441 -99.75471112769709
-133.03802455140013 -0.5771081061651646
-82.82684607388438 -121.6037852269998
125.69426653351232 62.15443685742067
90.91994429457517 -117.72921058039327
-122.84734293162086 52.36565247911905
24.33689330135883 79.70737237300901
-60.80248144683587 84.55348081894282
94.91974872544473 -83.70779177301551
-51.80872548304417 -75.03893754721271
9.906963009110104 9.232974822334716
127.81196607531555 14.403794176280098
59.59591892019414 55.091064580615985
132.4115218179515 41.27495756000175
123.14399668632238 -38.11558738957424
-15.659244742207475 -97.96401793542536
144.27326813040406 11.50365592666396
-18.876505880873026 76.43987088144735
23.730090906680637 4.583765105025716
59.58717424878923 -82.62240442083154
26.23124630776273 -21.737787457840817
138.46954188449112 -20.993869662495957
55.15577098719784 34.572081215136514
-105.52332310207939 26.74888422602773
-82.62418310386931 -13.59814577029736
34.05156905801177 -96.67916777623864
33.02654675794015 -51.175270473937076
37.3251075906861 109.46037427790266
-73.73624216737585 42.785602886235765
69.67116868342016 -58.642611028549695
-98.53229240937634 96.23338414062742
52.001906663990354 -69.7275958371044
-29.932797987879795 -146.38851959149704
113.92502981747533 1.6662757658281024
-18.359369777854017 92.31388011357566
77.90402942080962 -76.3933394235287
15.809418411430261 -114.85568016517465
-24.084731031481187 -91.24799045019525
113.25660060665204 88.47853599362924
-103.54272061337718 -71.35420425943842
46.90352017103523 9.156585987115811
-27.28960465377334 44.945892078474834
-69.87609372636045 11.381007688540635
30.89123587961965 59.33633837815019
