109.13993547703065 87.29029513532394
-129.89795225463845 48.15762511906976
-35.018185820305135 139.64935302028812
87.36190330382433 -24.031398155363732
-78.51557248842653 47.05389925044791
27.14009385596018 14.658125731129292
-15.976272144677727 73.79454965602307
-86.32043520262427 75.83859322207606
-9.663189980044658 96.85799805256691
4.911749153277644 18.768882549854567
-53.700880060140925 -41.60518548930913
-86.20325944265397 -61.30244917871583
-126.06671918072998 -15.799018366332845
-34.53369216098352 -117.7597042523966
-21.786135028368587 -50.83492059005053
4.02865699010248 87.13912127764186
44.80069842599318 138.7700718184829
74.15190007877413 -55.9462735053241
55.24982168792994 83.93511918948305
-5.239116309423405 -120.08567029703234
-91.59732644692944 44.80494174832821
133.13633395492894 -62.95584448593019
-63.50998535212845 73.67688459403202
66.808420630305 129.2942257203061
67.44305873336695 82.31182628109235
6.686980047690114 -118.23545914402543
-88.70172184249014 -87.90549760067374
-22.063510549502908 146.87586771173235
-106.3904319185534 -72.65667469067492
21.446802907748392 100.74154969544932
82.68064446197477 100.5582276729838
-0.659920061541895 -50.36260761527821
128.65785869384655 -19.44764228199314
-3.6348355880224954 144.43981676479245
-124.89008466054057 41.45719454204874
79.06501720455393 -18.9270576705935
-34.51062018654705 75.69808462146119
-6.4742511700737815 46.72690411326859
94.24115384849088 -24.36085488713042
-34.023905076012575 -36.14966452773024
-16.36059463969983 -97.48272484463821
96.3933551418483 -92.22508617189992
-142.77959402491106 36.66146993274781
-10.985765181097877 7.1903624995753175
-25.859901433635294 109.13612693758714
-108.61589445148311 -6.270153479931659
-20.366108583698278 -94.54146862557208
-67.2167475665794 -6.473636130799624
-0.09144965352848698 125.23390123920606
-28.421143885325435 78.8745749975025
-72.60654201875889 -26.25389933580376
-8.570763423501973 -22.293595459188076
118.04601497804495 -32.57577698291925
-17.13760509769019 -20.771122484817734
89.77363159587645 -107.61549506343066
-112.55846481805489 -45.117510198617325
-53.55679672686476 -82.57138842714315
89.36963124082041 71.79102319408622
145.6220362380697 -35.6398802382186
-125.36094493194939 65.21547006150725
-18.87612999445419 -20.864871912499716
-73.89893880677813 58.222024078806164
-42.67918532650584 83.38808969098137
32.56882944092372 -38.55299603908866
-80.94027906164597 -43.16873722823474
-33.31196393046542 122.96135446499876
108.56752962902237 -80.6216688230339
-100.42346570012512 -55.32753161802379
-75.09380927956487 16.74271305458488
23.213977114149223 -33.6662628837372
16.993506802054302 76.47690188235067
-47.16482373622704 18.855464672172143
-118.71717405993711 -65.0488623811817
-106.18469533356671 -37.8435041719201
34.03566275519711 -77.80448866444924
-9.172399279896432 -39.31407405166351
-23.39922161785878 27.079736176723955
-40.53459492047016 -59.35459933621317
111.18006587258718 57.00042792207949
43.39008293208816 -76.61673281920457
-110.14284474246433 -11.210503954332369
99.16767213477156 100.5204602862
38.77902702741505 -107.44419616529557
43.268317511375606 -58.27092723903874
114.6145566524609 -6.625449447278869
64.45872248624013 -125.96871402798237
-11.486405793756992 -70.06023493961912
-8.404708322363929 40.251837262599906
24.398012878680177 -21.28749375780508
-51.574397879411585 132.2775761945644
19.818418861031283 42.60227827842628
22.2060824181604 -141.4306008948096
-41.2726432720891 -87.59790871031333
-76.26728966149648 -118.80112017060291
-45.1951486958328 -41.55056219399706
8.28066537217066 51.002239217721325
-63.417067723976054 -101.36526786754841
-20.212654091939676 24.244269137391218
-122.60538590583039 -2.4476148889145937
-49.16120024777417 -128.1375903518409
128.93924799605938 -29.616102897867147
146.3549200387282 4.911326641178793
-43.15001035572778 -23.36754872579122
64.62741313727909 10.20172832353597
-85.93993892796709 24.349432776474302
-16.951109375896987 -53.557363886154576
-143.58200734255837 -37.172582842101825
54.606595029149744 36.381656032201604
-80.77958174423429 25.89884249204735
-58.361365602318294 -121.96644271862444
21.36090661371318 -26.511800783869358
29.15477678778243 120.85352947820526
-19.771870584577524 96.82586663409562
20.066817070381337 124.8017747401694
-4.711184683447763 106.2572157487917
129.7393019676149 39.780651642600986
-97.43740066732767 -19.007865203453566
24.256617575710152 36.633724823681305
1.163652099475926 49.43039869497681
-38.56241887015326 -23.332340263463568
84.96350711012398 -68.89228491866378
81.92088263341951 74.26224099495666
112.56130820722795 77.6199235906689
98.59485574213556 35.40637380943759
41.839112592924316 71.47142014411673
131.98146894789642 39.76820887024039
-62.9142131885205 133.10379435574492
75.8880645382381 21.314088609831746
0.7317196063832159 -107.42117879655456
-24.20683022602473 63.19617568152967
142.2422199046419 -40.13285083877542
-35.62440025818803 -57.48837365487753
-98.71356261491366 -104.8331576908126
-53.87130485181478 29.937047606167898
-70.12219974053737 -57.269013632135625
-23.546945288759662 54.54396275902042
30.350783505451048 -124.78741966779657
-35.45100393548731 -123.13486817561542
1.2603750396037863 -62.214071852489134
-4.024590873063442 52.10477676093249
-36.88894311844115 -65.35053396450421
-28.33150596598575 23.587385565973428
-97.29999292820152 -28.259438867817252
-31.65314194033996 -119.21658354827666
-8.000403046294501 105.89011669041085
-112.41019158342112 27.404261775614348
-62.90924781180147 -3.4352833984928295
-13.200889317535097 12.987872972147457
-78.25401903633494 50.45276683461078
37.75393133598596 98.46400726393685
-1.404850319223363 -149.60330851428068
-43.30697378597451 -62.311580788371295
36.26120015324213 -106.7014036602653
65.84815294567015 86.44347719937961
-42.824557555029976 -122.16651435441861
-28.385839312310395 118.49112304664658
-116.40916173506774 -23.979737356953567
-42.381125177516566 33.89408408532199
-27.40847222438823 -112.27754027287158
-22.80498403568111 -45.825593831887744
-96.88378219569448 -9.552148583432107
-13.568308839476913 -148.60155224234614
-1.5293663669236761 62.09253344772716
141.00639129916723 -32.982061527422495
-32.56254223569911 62.98185179464899
106.01996343241817 -22.10369405815921
-13.407109826354885 34.77275640385295
-84.88687726505852 -88.79007669388915
-71.53627976486 -46.46173707204903
-115.08752642270761 -36.21412509249782
-80.37796702272946 -86.45885537046499
-18.65436441438554 120.17800177903055
97.36662961383304 111.49410211274676
50.76878170414194 -6.6218792329061875
1.3009678820214903 -70.67944151184547
-103.84551475538125 58.51957661599067
-23.1048792181329 21.29666593450424
-73.83127971331032 -116.75341058602308
-119.48486997648125 -23.912811164658873
-25.05507825876654 12.582536192885309
98.8919971315351 70.83584270148997
-13.769454475341433 -37.39643861898262
-34.96577324236566 -60.13595423728651
125.12740416370357 51.1483419203505
-33.82031568731658 -9.758577789704542
104.89239921232391 74.1462064275852
22.059282730394703 -40.212087009320165
-11.339333088998682 72.35205010487725
48.20665944382269 127.17554513216199
-108.2018474995762 -13.825871346169695
-101.13961153656142 -66.06816822922323
-111.03738057876977 76.05326495498086
-107.4910916141567 -15.675383393952275
141.15232916375658 16.612806196367597
50.266760962010885 5.319061705778114
-27.6415187316746 79.89741805480507
42.00632916854382 -134.29142055274295
119.97351694306145 -52.55860323388498
-1.5808765942206175 20.406323039198877
38.88140221940794 142.36230742416953
