29.66178009258283 1.8334420807946619
-28.512850468977348 26.231857016883858
52.65487025452359 -99.55746809725797
-67.97847415866744 20.04931241913048
117.36072512081297 -31.66757169215183
-97.17799645252333 72.926057477465
82.11824931757805 21.904603858916598
-14.890875564516147 -122.85985563333706
18.374259625101445 66.75136182885637
-13.568123080551866 -46.65863783794597
80.69802062651905 -118.95431280815939
-114.4121019013513 -50.824138412624905
-48.342328375678136 122.71230807401724
105.72275511576161 25.154703582162497
-116.56018627709697 -56.267453898113104
71.85482879851774 81.04349593943978
-40.637223999175376 -25.647856671104655
0.011502484404920259 103.63680104839636
44.62728629354084 70.50614497456027
-78.6581571093473 -38.215113767193465
-46.5497583206506 -7.169918524918681
79.69730289236391 107.00881110824966
-127.08634757811876 -3.698107510291413
-97.68272034275999 31.433495474618844
-17.184225242819085 -97.13420087131709
9.25510249656296 11.056610289170578
-110.41500434723807 88.2012270849938
-25.8110016338946 -111.66828573089207
-91.96047204756607 -40.725233101245514
37.26844064580804 68.05792400744791
-25.643714270855185 -11.630932712599396
128.0111070626097 42.59745484103376
-79.47049887751426 19.76037003311436
-74.70110011890726 -70.18187333736296
-82.23238870096347 99.16232258430034
44.28227941424896 74.97179224180019
65.37550761328822 -65.19843682071257
-37.325899741397684 51.865444336848135
42.50721491505238 -95.52046895782988
-32.49663154716651 102.98597779088836
124.35144722395299 58.15010815939416
-59.9212231659545 -9.116892497798922
-111.9060423323277 48.5997815212087
-122.6435425086247 66.09983912925152
3.3483919101350037 126.84640614665517
-88.05223161518104 50.39179716458971
-105.13858433697048 7.478920527116675
-112.19573354905567 -34.113272263566934
108.7110103740109 -29.98415868141533
12.918741944526538 -25.99124109516647
-70.0101315825207 -33.72605077163334
143.93737112656243 -22.057351822011835
72.7651423279474 13.107926231738643
22.59130534956304 -31.118138594394445
117.54052797671277 31.367307963228463
75.75638728743667 -41.42397963240783
20.745821364577033 -139.3659620660364
-126.55949387977479 77.95355877712068
4.7529179888814745 -140.71075456851054
-65.33423012808376 -130.24035859406507
62.87961803191329 -59.51348880235084
-109.97700650517046 -5.682498932604626
110.10814338923662 -98.1439266032013
-86.85199864374756 -17.292199655087735
27.387221591401726 40.37214865964665
-78.0877021323765 59.28115373357061
-31.41130379280107 74.51068428011784
-95.52258836472761 24.781324898877312
-119.36946374550556 -25.81022797755718
-30.19697523554119 141.88753319588707
5.93505690510011 114.81790697284727
-31.393565839713528 145.87997049633805
90.65550501258552 -31.99342578509563
-70.04709477528893 -111.77446223125253
30.596109654658694 -56.63866318952612
-62.01011897559664 -99.19757311921818
37.816269688036755 -73.67672686652634
139.94997690288426 -12.126703679928166
24.351825007582597 -123.02186665151986
17.267619547323427 -8.09733482565496
83.66249568875614 -118.56669669311427
76.5089589351481 82.08284385105708
-41.978463683145264 -10.002914474502674
43.336755465346236 -91.13195339290566
-66.21911569398448 -50.98264549814569
-12.640915763834334 24.203285687608073
51.845857733579685 -64.28898186532325
108.37532268318786 -55.85932156257867
-21.9297973465285 136.89738092700944
76.98947829017075 52.46604618987277
-117.30332796123392 81.85243977068379
17.098792396857206 101.46834135085321
-45.81414029547077 72.73361401091162
66.39401246905578 -12.681772630321325
-129.92474181492773 -17.266356551152764
83.50492098558088 71.41182180380427
-33.916854276949756 -5.491678659999747
-133.4221088883688 65.73556035140619
-74.44022197869225 85.55593261155536
75.81175104283518 107.29973018107832
-12.551346710382823 -110.13350703588141
25.346817330576137 137.07961534690025
56.26312690069735 -81.62808848194582
-131.19586495878457 -60.24819891097489
-22.113452626708963 -79.4785181612407
83.69003633116138 79.58672573731867
-96.9421695239197 76.13270232125907
99.49344005323785 -46.47309013909798
44.36654868008654 -101.54854519266317
60.382180050522734 -81.48348161844463
-65.26896221733364 120.71423156660981
-11.879834282972219 -2.2077912350079503
82.51061950977872 -12.40050199938307
105.8191310305999 -25.886544646534308
118.06038748391515 43.333624030450984
-122.26295483134612 25.148236612872424
-50.38065468695945 105.60030382652074
26.81516608327617 112.7124750717421
-38.46520560164048 -115.18155975113997
52.20368029487778 116.05325277012311
32.6030808249004 -42.2839463463286
-18.216738115417417 20.477466691714238
-81.10568882113819 -109.81211819930638
-13.53761993376011 -103.59350873688028
29.904881070604457 143.85189168119044
-132.5021455370665 -13.597318050693643
-31.11218153641372 100.28130017889495
-50.032203228581714 133.44638879663296
-56.660937157334374 -121.74529072149986
-102.61073972268471 67.2182216806163
47.67857565698015 72.6291370192694
50.03984747724663 4.66423096095836
117.38208242286262 -31.12778987351405
-27.501592885196317 81.51194456423781
61.79878008662581 26.799177050541427
10.862312686715375 -83.70853532830182
41.220651155144395 123.00987020629357
141.69436721870377 26.18239878420092
-131.14844968406965 69.8196471622224
4.7400505034643166 -94.49055363692405
-20.211661681671885 -43.35449838294133
25.504715725701438 -32.07346317026572
94.80604464208186 -79.13294758925744
58.18073871085965 -114.17721285823266
-14.105628006090438 15.343372100179288
-48.78388530714064 -98.6020116325709
-39.70879406664195 35.94296937259322
-95.30556747296832 -21.098050525916772
-15.274825982904863 50.29181458123283
28.878443478697022 -107.89973350665214
132.52235351531718 -33.266000698234855
-28.194237433089654 34.43238116772279
61.86824915651249 54.41542876613144
62.760337482331806 84.03259995473064
-101.26414600250759 60.70170430209277
-112.96296691316368 34.63328635204976
-69.79498711524373 -122.42421158927951
-23.122737735006957 129.34986774562284
-9.126474944245247 -41.13431918046426
-120.7840628936022 48.05131635969249
-122.00649507255035 13.741695918475841
4.50365436186049 50.695724889363056
69.74176276100143 -60.73262895068555
-70.67192806977106 -1.1556192942969394
-61.9853299253067 -85.5135549429546
-130.50085210536363 -16.664542202520728
89.85550358829221 -53.843236745238436
-89.75933415894787 -60.4476012564308
-28.52171311341726 20.934252694468995
-133.63976273971736 34.34663096054329
86.67823989735902 -28.847619180374924
132.88825981398705 -36.58978602100691
-137.83539974451134 44.7693291674743
-110.98278684194122 38.8200310475557
-121.97682380444449 -35.409066621877585
-98.69053082466597 70.73686154007406
31.26020269592876 -132.61242613672894
-86.8625326016415 66.82779688711177
120.09866147408268 -13.580397201385848
106.43795365567722 -100.42451778699116
15.322220917927126 -41.74751965502551
63.510226400911876 93.50847447069913
35.124678582471255 -7.899959627544246
-99.53181493146978 -23.868279268909486
-72.12642399564756 -81.51028079376474
44.27238328617917 79.80496601553942
-54.76954392833716 131.59462268736667
-127.78506329608821 -36.86010353649326
33.89246730161344 37.46165246449832
12.94007865983702 -103.46800799766815
26.656450094550994 3.4478052456668564
-4.824774584602811 133.2173886029077
63.890924705584695 -6.677894631720968
0.2332550238937558 -65.08619435176256
-3.8213652661093582 148.29090302760505
68.81161407042244 -15.054470900776822
50.76563150343949 -16.171697044476918
74.90780100433376 -34.48211210087307
-146.50629551460744 0.03119843224461922
12.449554096445741 -16.573184648836587
