128.44217923048782	44.949651650247645
-136.45880413701673	-5.1653718244051765
43.843013692967695	40.966181169256835
-29.98945038819975	26.410704297025077
25.84209756736632	79.57311724644893
-8.747748224943834	-65.54970543934415
134.16083204832063	4.418926193867992
-79.11213927865265	75.70050728905854
117.06364623532737	33.798148922648394
124.30432717413149	40.02150902364276
115.06652449683199	78.93085706333018
-17.47481279505338	112.40491530318917
24.03863332864648	-113.5317438505578
-118.33825542879987	-34.5007807694713
75.83668436820709	91.16527144027701
-109.67081311102075	90.25441940460595
35.15221987283118	-21.676662360790488
-71.05465304282974	38.53860443825022
23.576649917687607	-7.949240758587333
122.21294747809549	-67.98703449158346
-84.18503441980543	63.50174714637367
-81.20196379656984	-109.65935280317119
26.939447323899397	-111.5380158221761
21.328334209742128	45.43020249505461
-40.92606111561675	-7.873970125210612
23.713427687678774	17.955114004162695
-79.99576076619897	-1.6683285445547702
99.80896237123879	104.06220272669496
20.099281296316327	-128.34767960636646
-62.20782675069687	-55.410498769862635
-53.8545808880035	-71.67410730203873
3.059471833761436	113.92407770265588
-108.94953040968068	-88.56075280028035
-0.8706536083833153	-131.0513728494122
-52.29238019623344	130.96200931705872
17.528643357405	-6.064983006606507
-105.73173045296684	103.92285741619672
-46.81971215059216	57.391406597088135
-64.27384581167652	56.54751606616456
98.79180008923433	-68.9183050535283
-47.684168728748794	127.13519954081991
-66.21223285991033	-57.373430713519156
-10.904725042350499	124.37473965452082
23.30323235660915	-142.34092786013323
109.96778381841894	-7.986373156870425
109.95103767085544	-18.260947549305637
92.59910822495924	85.33405974675915
20.18150540807635	-49.7791625907147
-75.9967410737603	-101.29352011801605
2.4237221784452747	-59.91886304320192
-108.30418087038787	99.44633790286854
-36.67318582269771	52.09455037315451
-92.768402228419	40.88961908611805
133.68231802332858	-2.5422149900273463
44.130841880007694	72.11708665256064
94.81254037622953	-52.837232053923344
-38.07395117599873	-9.318493195730188
-69.50728940605377	-108.30476218209304
41.386063519788934	25.594656955535935
60.35569400166837	-112.89863487198429
44.24749359685505	27.88119174956562
-21.89722851784531	-49.859511920729744
-83.58674177381175	-96.79600253818022
85.38770714486245	-5.895182192814447
57.977124652607	-56.94814307682589
-60.43201718002482	53.89331971076554
95.39795729469411	-64.20374982919485
94.04703588521244	50.47651606658137
-6.209682537991896	41.65541061357127
109.61366166533585	-51.14500032147
-127.86131718294611	-25.150350901416086
-19.713534620475098	56.25187440903228
27.939994094066726	66.28431147981499
-112.25267910797241	72.65006700750368
92.52658820709541	-45.32822486783051
77.95848167396241	-35.68611703642019
-62.73995796549874	-58.18816542953499
125.09283974846295	78.38607220541483
-86.72951264236985	41.85604928928072
-119.3163351549021	-45.717535178990246
-4.324765135401721	-73.07047872487243
88.05180984953823	-53.94531246561881
144.21008444532595	-3.59678326891762
-33.789201077760225	21.063789490440964
33.28677853250569	-29.744375952132145
57.25792513442308	-108.23290587652605
-31.25667690026451	-18.059868793236195
-92.00171938740637	-42.34420429550774
99.96163818293256	-11.659413921087003
-51.60511599095394	51.02542791390523
-104.77066049167492	43.855637349366035
-117.65082125688708	-1.8701279588682023
-9.15337356007436	-43.07952817820702
-120.26556618396141	-18.300480182064664
-112.6258760426112	-82.0823401875219
-70.11424823989542	63.57013865211292
14.875799897192563	6.213980204485526
-83.3348654809453	-67.3148375409764
-15.916249525130532	-14.929125408997315
-50.60128160188787	133.64032323686843
-73.41046849381911	-68.07590795184555
-14.961759484641542	-13.685772381059557
-66.09632091384896	79.6541533169268
-13.976420839636257	-113.01970121853788
-120.90902387753077	-76.03154490124206
57.15076244795091	42.44928858053721
-111.48145840450569	21.395851727379842
79.00363824839174	-75.91453043002512
4.615467028691787	-48.986767364798375
92.80611543601047	114.12898077220173
79.50327052148317	-24.506913244723144
-0.7877982702211226	127.63861673335016
-75.84421765899148	109.13918563057342
34.20255709197327	119.80006118472154
-6.78039137004735	-51.10682539490391
-86.06688232756504	-33.16510360447049
-122.89278452982249	-59.53781108953912
-48.32582968250948	-127.17076883017855
-62.94916813275838	-39.23110683962028
-59.302767910773134	92.69661051476226
121.0079981611441	-61.78665249419805
-103.91930820422398	-54.66533881670758
-8.869047679405282	-68.71541487691293
76.02048540715788	110.42793727910404
-88.24826419475718	104.50123615574822
22.969440635070672	-141.94593304922807
-71.51506331852976	117.14581551831787
-18.072620211507562	-118.0484849967133
-102.15105972292905	5.624814837961781
44.5492031775392	-143.07217229266928
-8.958024982396473	-148.34706014973975
-1.8127881595308655	103.7892494348237
76.81034346133005	105.63295577152645
-58.99423640101734	63.88964306539376
-5.310379674881071	65.77603091443814
-86.73403210385295	113.72890710432213
27.939945040199767	12.635875937773681
-123.85909269868716	36.934688610290145
-68.2219351888552	-119.66316512082382
-73.56514124603255	104.14016033562625
-57.027068572933196	-128.83966862119564
-38.50971897162894	-68.53438732411406
119.07765707217463	59.106937177577514
50.05629931591191	-116.46140676516067
115.2866803660458	94.25343419199253
-143.1742817777102	-5.982953649528903
29.128909937869793	-24.094298696251485
46.96132046879337	-27.30415900724875
-120.93177332384492	88.59866129529149
117.55111610314277	0.027021647318281623
-41.652037407954715	-19.568481024089756
85.9378561174953	-1.9121935716668648
-44.907042924022036	-81.17024298377778
10.062299254037962	39.01659685075531
-114.65252200779165	-28.736281830376875
-136.2954153032854	-52.31813219093073
4.987522036208769	-125.63004524878255
79.79505106647316	-113.7946432168647
81.14230427304199	-119.20028071657414
96.00872887908056	-113.40881170409767
106.09289094668992	-83.6593469009774
-75.05366647298251	77.35731234675232
-28.7971741181206	27.38721923128683
-33.60852946775605	7.924498714239195
-33.57251786266924	-126.64034951417648
74.72312999329749	10.703301905124768
-76.94090501889973	57.01105659046195
116.89211889851299	66.47047228112515
-66.48400486867513	-97.21010158411579
-44.396859724536576	126.53519497359083
102.43133067567491	43.846032554270714
52.47769971548106	42.84426650471083
105.50222027996703	-80.34686715567688
73.9960133413059	-101.91847341012047
1.2452608209267437	-106.62685970451204
-20.239122755861803	110.08572844598882
-35.51175455077637	0.4871270655808149
118.00634319775877	-45.400221146118824
89.609994012836	-93.61716481167369
-40.01171910076304	-115.73918322210655
28.08574444687759	-96.24125350426776
23.498120188539307	3.1432207417413616
-16.32785282304559	-119.65329070264308
-129.50985049452558	16.09052704223402
34.33921765671349	85.04404125917813
92.76188975523334	-24.67375078073131
42.44363763481135	-45.09937788968324
66.1539148973248	-100.62359509073367
-111.07242796716808	71.60503149875899
20.12213988597693	114.36647757122682
-68.73690176190041	-98.77729266427735
-140.09041887788263	0.2719040291343191
-64.95113091484723	-128.17458056844788
-105.28704958856314	64.55591584209279
54.997799116156465	-27.72526993155757
49.36125057991283	-13.14119304452099
37.55324418887479	-131.95637078765873
-36.896374319588126	115.27182392242982
36.77257436570772	59.621656403965765
-63.58302290967522	25.929878179670343
