-45.959491893967396	124.9120468470322
-45.02522710489344	113.7950719066926
-112.49357987102344	48.820676490876025
143.18659664707567	13.20858959562287
-58.73355964321848	81.01279211120053
40.429992789560444	97.35848974083689
73.87018150740431	-7.122223737785562
-69.68893573513779	132.81508844739227
69.37124971204281	128.19652237603637
71.72880922046305	-11.668952226858456
56.124096711579895	44.43045257489095
-42.21961442431276	-124.9284656477364
51.76700993721223	38.705002373581735
67.22793138335611	4.6736810391702415
23.08128887217205	-136.77907741971578
111.43625496782973	30.811926598089986
-69.17056170450832	38.89738188248258
-15.319970311664575	-93.8475523193155
-25.74783615815978	-56.553551918185896
113.94918203052768	18.96818705296682
58.31076863282627	10.340210417796092
-55.198111294129134	64.31046168261611
103.92226867761941	-104.89438294705342
92.01921591502384	-65.68007263259139
-88.15711088271647	6.756113912639901
74.53254227511387	123.56708126788833
-4.393033685525921	-91.12361199989724
-57.65848089198681	113.97848470786093
85.03489848757039	-13.159365761320087
15.218034486557743	-81.16084051302691
84.61771593871602	59.09119773799968
26.465757582470847	-108.76976225515389
54.13510859353352	-82.07772637887568
-107.13401781347896	85.16623925431423
86.61510905925932	89.85964281108163
-145.46518628604963	-22.08736020371809
3.308868725045981	-92.77351200386359
110.34499300411787	-1.6758015404254756
116.09817077308617	-77.626381237198
68.00628951736627	-39.28332017830226
-1.5868675618326815	-129.80073681525255
19.205811842524913	-113.71332560458166
-75.0148365998741	87.6858395405308
53.41352392559308	55.20454357380043
77.92984805140263	-0.8189852838788202
143.0790339053266	22.101753777995214
-29.946139876139966	-4.341949342997042
-60.794339129148995	-92.52727107662041
-124.60983715431179	-2.415774339772745
-63.75910853097375	-3.480585672879927
-108.10420542545171	17.34038162235675
-121.62078071249509	-74.3949957194757
-131.92591251916176	28.769741893766128
-127.98985200140551	-58.643035518087764
85.42030625074094	45.46051941186589
-92.23790926583085	73.28162883877826
61.75450728105428	-19.107448652037178
-134.6235475922285	-36.3624755982155
57.07407250234243	-12.629711354256075
-31.79856239430675	41.29018656519653
123.41153027631843	55.70570443451162
89.09058925221117	10.815396844346983
105.81831837527932	-73.32450049365451
-39.047740040671975	142.74862293597388
-6.5123139351686685	87.46576101141879
117.6773994991376	-86.31256286511172
38.68571014725209	66.14896350897332
-122.01261131087448	50.33350340880736
106.17463762245545	-34.961563884547616
-86.79016503409296	-99.41230952270992
71.65174095213337	-16.807246527467687
7.053033839695846	132.51805811370713
-27.86537717853178	124.39701330130401
-21.686333612174572	-43.363333850034266
118.17519855481495	-5.065966732332567
-40.48167065427843	-83.81213709565974
-23.17022524597908	-138.26354723262475
35.94286945589231	78.87501155829517
51.94271476424669	-115.2983840688714
-23.34791665938421	-113.18264456758814
-115.31922690672845	24.717527519343047
-50.44530444745161	-23.53734341764006
-52.24247329483105	-51.342989639662974
105.35982984446662	58.731144608654716
27.67538837916539	-5.492044868586842
-109.12976081702051	-91.04402600692043
-119.03642818467824	-44.79221063687226
-39.98315696623518	-10.523597390077677
113.69782507850245	-15.23337396492394
125.93380097534424	-80.83098652832565
0.46278562201792656	44.46804887758509
22.275250430146084	4.940795542970122
7.877587869882759	-89.51992916453865
15.297352990209856	101.88403462225492
70.04057933129073	87.45666363775199
101.05787207201661	-0.5302582130217087
-98.97446980795877	69.14431079526136
-5.792594757362151	-132.06951064513493
-15.335494264242483	33.55401998700173
96.01133576031489	15.439448484476712
7.313982281417451	56.949315806322275
108.43357108817042	53.89576642262399
87.56665146905678	86.32040286706857
39.81978858523922	-129.42965434639888
123.90292483152048	-61.93497446416551
145.84341721385482	-33.89887443017744
-31.43737858661806	23.34451008494612
-30.040081269188395	135.2057828329634
39.93987436023938	-139.2237164465699
-142.35955675001094	29.605034147597813
12.48095306166326	-25.765280874878734
67.68330893173838	-101.2506201557382
135.3697292180259	-32.42026806693563
-33.54371394640669	55.70584445040286
-19.23349238529544	112.22613552651035
-98.34872697329469	-26.725389467169993
-64.00996579248192	5.461753893881771
89.30104381729085	-28.88313111714777
-40.090425770331954	71.97883998140938
-21.027020028372778	-136.65921655179565
-81.7099906182234	99.10615973525839
12.136481819533238	1.198577523141497
100.84779051530356	48.594106911829364
16.211954055062783	21.3084264345493
-120.38530847828724	79.12206322983356
-11.653451982747198	-26.979230422545406
-45.72044484472242	45.19106188437919
26.005305792941037	-62.31422004524031
125.39580217556212	-48.43183711573892
91.83008803555005	-45.78541293234995
60.56585966394493	9.749268862319385
55.40293091547071	6.455162862318669
7.02443932343089	-91.72891216730335
-79.97510023300482	-79.8813088089694
-47.05727553875096	125.23814644502038
113.61182109574061	-67.34480187449216
28.5602541605903	8.836512538382726
-3.683965804720459	120.77708988654
-2.047252055779261	18.92998875211258
89.90368643968209	68.89534603816882
-57.9581678922193	-24.534862537907557
79.01710834898309	114.56062282427342
-49.57969697140849	-78.55745437107936
-55.532289506780764	-125.87207213073722
-86.05176121032032	-114.79908728682838
-3.1788724393023515	-94.81123814945664
115.52226600267261	-4.009948057712901
50.13820084745454	-135.82690638776913
-71.908233346531	18.77151997544617
-11.257058233566703	43.32196202034114
21.347427414744892	105.79889473879436
61.18594621614921	-93.02549229710367
20.5868412602655	-96.57974284751427
112.91645080852798	95.14190667057922
91.27217909516021	-34.002362655979375
-109.88358467199478	-21.476889216371628
26.914220314854905	24.53622660430651
30.70234023467871	-6.552758579389814
-99.31463453108778	56.93463634901267
-141.85857327965485	22.583040892514738
-48.74531247510529	-126.99957353373868
-63.431761227187614	93.08099657114138
102.6317494955981	27.38539487020442
-66.35193546347799	-113.1361616984717
-4.2165328368806785	5.170583923392898
-64.2723364451943	-69.46675922205513
5.266869923179663	-46.54817586385905
102.49715941408631	21.42731803669715
-79.71492071812061	-105.18418671871198
48.64672541737927	-92.0005049811316
82.0786071955509	6.505642051094533
-45.189485379299256	91.90133317764159
-32.89725490393143	-82.79140106638272
32.99916478260877	-50.93211286313108
-44.30681199213431	-122.58626222294127
32.11027731774857	-58.81424442997192
80.96767499962944	-110.23074362413021
32.116982749537456	-116.18646776286593
-57.25704642737438	122.71781512339288
3.088421726032441	55.552391169974186
-92.85145746167709	11.576361916991994
-48.348432077411	-24.117082908554387
3.0934805709893287	0.5931773611895657
109.11266058378027	-71.4513368943369
-103.32327472493851	106.41773200563706
63.397544335858974	102.18635478810502
12.439556615215714	47.94444687338481
-52.778063082092906	133.44732089255695
-77.86986219107048	93.25688311822405
118.80865839559321	-71.59772784603516
-74.66544435752516	97.15389187480837
11.051940591299747	104.7218397637866
-31.29242087824564	26.941326359430036
18.48590294176305	37.94472935932024
-147.41152833364717	13.179374438990948
45.2747600321293	-21.659709529681553
-1.6312420425772183	-126.97381455842545
59.12506985478544	-49.24074913499407
146.39569383595344	-20.378803572306964
-79.59365973692327	71.37329214537493
