18.60948247530203	-100.13463039050063
-132.0911788931555	47.25684815704702
-112.13649583308056	-54.55682848773429
-101.96633177504918	7.694243769259435
-147.68105978742264	-11.328714222117302
-111.9596696543569	15.598565202502717
-133.19736827670243	11.579267482454613
-139.00204032400998	39.99733068230472
-126.54874391778773	36.29120777289993
2.005251939163734	108.02733716891565
-91.92041841548756	102.33246665114808
-59.11131424071921	-116.15095693091482
-106.41887420156571	-30.102556282014422
-65.79302091897526	94.44198017700612
66.29640646575173	-3.7110692244139036
76.64394271573427	0.7729307951222799
-64.39240410040318	73.63963326452992
-110.89863674348528	21.106635586111828
-59.34874837910413	38.32391806857043
-126.00843306564678	-41.635485117272424
59.47721317789178	106.85989822611961
-69.22472382326949	16.274866153391077
-101.1467467994995	-2.0283023502012614
-109.06050221641146	-65.81368909489396
118.01610957233478	-8.327246305017033
-79.59778112884513	65.64978966693714
-85.51274064626229	-107.39665784135549
-122.17547498640826	-76.97292604962297
-136.37241408943763	23.66123942317588
-48.30820929190718	92.10597245371585
-138.18973085033804	-44.3756481315836
-68.32253014078333	-68.04805220116866
-74.7866026553903	55.7351209372917
30.11764120415504	93.32405604398983
-106.41349071833193	-34.31355886776151
51.609905775366904	12.517383918889424
-52.47848645668254	51.604248171863894
-74.1388175093172	101.37414229263028
-129.53717230997253	35.93723329274593
45.0471908338561	112.00998065179834
-70.18271214325469	50.366337402888746
46.60442688392361	103.24514232660991
16.073210152310242	127.24497726701438
-86.40485152894233	84.00086999833978
-101.60952940768527	-50.399060272396596
-72.25875186624101	53.54035421020373
-115.93704702465156	0.40733971886169207
-120.46739966572171	-81.93967682584953
34.78393878166286	78.17286617137793
-74.23976726083784	-99.01420070246449
55.44637018828324	73.56223434329577
-122.99596955231175	-44.43245653109935
-111.90549165425888	-72.09567318006383
91.78539220877131	71.39260118674265
-110.29547815474257	-42.41609129629065
-88.41005571765542	-37.19830880125083
-73.71073949430453	-74.93769437499817
-5.775216212848378	84.69106888880722
-108.12688095023967	15.053908852401056
-51.78308710903211	85.53075752131164
-98.40381226840039	50.73655357985608
29.872947699721507	76.70740628873227
-115.32647847012993	28.39935177975477
-42.3391793559233	71.34269860544384
-91.61888844160123	60.424015438562456
-115.77781351805665	70.11284448634764
49.51744411046692	76.38347765618767
-134.9674807681254	0.020121469996838323
-75.00287671833259	80.05739983170214
-96.35145270432979	47.38496142217094
-100.35404730450719	58.27430460717078
-79.25031238422923	97.51963721053603
-99.45382984179996	-79.22490797901901
-111.52987058628901	82.48412323241104
-79.6025943117798	-51.07044062203095
-84.23825378105839	-52.73014117393061
-101.27670151900925	-37.131717472761345
-125.07429525680253	-28.753130508236357
-37.89950766964006	69.70193457566062
-65.8750098110146	100.19913041274798
9.534610275891627	69.91635595993813
-113.25789412935275	23.01024605120464
-84.57695693882276	68.58349880670995
-81.0255713338599	-92.1623242413386
-131.3260371122932	55.853222145398
-69.93205695197551	106.81029678235028
-102.50507423802867	-40.77819688111404
-85.14862493143622	-8.745754814397564
-100.70337514414393	-64.26057982181815
-64.41259952548228	24.28792526219409
-121.63585016216834	12.755931955404854
62.395485732753684	61.909235856814036
-145.9877630477256	8.506717788978294
-100.08411877662488	35.70452817983259
-61.76732226081445	-128.23564635772843
-102.24636305416851	-97.84573675086494
-136.2121883225028	-39.57246650387133
-100.0043790063566	64.2616868665471
-131.11274620800742	-33.18519476105254
107.18719598266274	7.644545694027297
-81.52868038323122	22.91964815626495
-77.69811091432697	20.17687302847147
-29.959080168316582	52.32799361699146
112.30028269857613	-26.006150003350662
-131.66820040221208	6.1963128957696005
-50.74037282253902	5.598554271352558
-64.50342484493179	73.39102665178548
47.72991896151829	102.33667074624772
40.28155171185498	11.53852848001792
-95.01883588729602	56.81294472184797
-139.38806282089828	-35.31590439568656
131.60072498221368	6.766349736604635
13.030530627719148	61.27838721915453
-109.7605929487707	59.660656420129115
-105.13093086983275	54.97854013347369
-4.382644192468811	79.80932020368672
-125.02639083813969	-13.438352201445099
-89.90327365811727	-63.92489677799628
-30.51118711831888	121.68172319527109
-128.84378450211094	-15.386922030200749
-47.41998086249977	25.78383211762915
95.48070990052751	35.92342978197011
-109.60119511592586	-42.68361907810393
-115.5338942950289	30.439382341632538
-64.76904997659209	74.36342458021264
88.52008223292549	15.317726277638055
-137.11391980778197	-4.586273170633247
-119.00244148039886	-33.64981599184917
-131.83923972392066	-14.216721696305951
-122.42384346456761	-38.09461362303219
-71.37614921664256	70.6586565723061
-3.4194433887401536	59.840801543876324
67.42416863569942	45.459541022686565
72.27752534257507	25.84745777601138
133.87696424260218	1.8057774322575697
-99.78660695127408	-66.25511076142558
93.37459706520157	79.75021557657689
-47.812837668842064	30.40805716377714
-104.83038359593758	-41.70852218680165
-5.0523772519492365	96.18031859958771
77.58637861782343	107.58333847911237
-106.65514778094526	30.485237966155374
-27.688976569192548	66.18093958334468
-137.4366352105767	-18.958448262932468
-80.43335238467624	85.2672896351493
-119.35366656312513	64.74402700528111
-138.61075467901395	-5.949316916444487
92.15322336661924	50.45480228299648
-23.691546804358627	85.25640140133864
14.655330680889387	2.9198405272335037
-110.62748372040804	-70.31649934077717
113.42073093053294	60.936539983715896
42.83989799089209	35.16851795162772
87.97746114621985	9.519916233656048
-104.26186082471058	13.424815806382234
-77.89570336439326	-121.32879739032172
29.940204633423722	116.28456952065622
-122.58245835377257	-44.200237497259586
-78.18545696055305	-36.40361046171014
-89.54412537953347	-42.963839641000966
-125.010516834553	-24.548599248348363
-70.17878958347842	63.8880689609919
-42.15743173027778	100.85413022622605
-31.981650727037653	64.68692686766579
43.271144444005124	33.85063075522747
-99.80225055919597	-52.678745266333564
-139.2041573654994	26.598197393314365
-125.29286061243558	-57.37620569663253
-119.04732612264901	43.09356617366305
24.640550261851	134.16822671453073
-94.34934993981976	12.143137020602117
-118.76385836935142	40.88434578832229
-5.47091019542444	98.17326882497684
-107.36570612995523	16.57716830233369
-1.6495123479418912	75.46156649708841
-27.566353080856945	80.39243643550881
84.85307623478992	79.96048128730683
-112.74742659873603	-73.94553566626657
-112.84171582368717	-14.533111100181152
50.200586036504546	70.49474930230947
-3.5759130126069616	83.83663563733357
-49.95276682348308	83.11861072393812
59.17083264274925	55.84911196801696
-62.50458902018664	97.0062130056533
37.67418062173576	30.556159320671423
-141.03202578685236	2.5397434451683796
91.74020543633031	49.04728176318775
86.77470288550234	1.973536331733469
-53.26763733253001	-113.12328993738232
-143.05916103255245	-32.58702418106925
-124.41057969635575	41.97808632630104
-119.92415426056368	-16.392278203239773
-136.97155149821035	20.592069439023287
-89.36014647958649	75.5899699544807
-1.4041122300710986	55.867591833587184
27.30816159884351	72.9153306232747
-102.04592799316305	32.79457289216665
-43.927260922748914	84.43585320667047
-111.04015913847482	-4.457620113033147
0.1574757093784142	60.18197204315362
