37.20566492129116	20.202307296581516
-86.38392610917118	76.99627512532174
80.69097823044392	73.7103375468381
-79.34858809826437	-63.29452676439175
-36.26691756616649	-52.69633854899484
83.8087251979147	-100.46696903342584
86.67861436147633	64.49138940284934
-111.83754590422939	77.2588900115317
-65.7279974134916	0.29532679184482863
-89.19744822806561	-118.31793191005487
121.55599092157212	-19.473608980976245
101.46988307760336	26.683626217595545
28.315214062285243	-127.28832870859524
88.96339700019965	74.31930697270387
-91.55811736994816	33.86372663342902
-70.84890000339232	111.66851075987006
22.463614412059	-84.06399946998957
-2.1802432541071903	-23.89266599079157
85.15142692310837	-102.7961189913673
53.29141667123194	-62.427132055263975
-74.62753514127762	90.24942704712517
-138.79365482568414	-28.861704148275017
61.783693424701035	44.9702891149018
-121.89797133968774	72.4780619360997
-40.508731221678836	-49.07809291188886
71.29515281735243	-22.98759232147089
-49.4662733791048	100.74155356451631
76.30740173441947	-78.6194549428024
40.62347809451094	-134.89154055007228
-72.66852928393828	-7.7355063246500455
117.97969832059516	87.61622684648631
85.05675529722902	-76.57213074335247
94.66988488092247	72.04624312546652
17.495714229119173	-0.33782571864134625
-111.35973877455082	-100.07726799191374
-36.81870821069839	-80.36290895753713
-98.28306529200813	35.237861772297734
-7.7169591661786265	30.380944937083353
-103.0049857576712	6.5214819729758515
20.000310464573353	-40.38139866197298
-121.86572082512212	-83.0012629938749
124.23732602613282	59.101389051353564
-98.29569781000562	-80.220658720966
101.73516001758031	42.13420888440216
124.05427964253859	49.128944786389944
-44.69592872797841	-43.65263767896549
46.37854142300678	22.118706359218198
-7.480545387598203	-19.0500407361076
-8.84719362831484	-105.76666629371756
97.38418151926166	77.34813116920502
-83.48945409828302	-17.43651321200065
22.19961646217049	-6.3347050310216675
-12.761091273064444	36.63508203854435
-9.525193710608926	58.494553577391066
-94.28140503685547	34.78855027794745
41.93068265097974	-89.03763394074542
-29.989435163818175	-46.594842827490645
-127.34942405182576	45.52607018396373
-68.71544379698335	-99.18613525773277
-38.86353768485135	-94.5012701103375
127.83410293704821	5.545219450499613
-146.70954214313858	-16.03346854614263
29.04077673047118	21.64343951594414
20.014055366086442	148.24654370798382
88.54537706064292	-119.52808832151436
-22.964416361826064	-50.236482742620645
-140.5991079395021	21.95189296802862
-116.09636709985647	54.391615033228
-17.671159093546546	66.0495782351518
-119.43904300702816	62.19955525852026
30.726541600212027	46.54674186732251
-53.67769907374713	-20.945034616205586
-57.195587449527814	16.16686869173202
72.21596292272126	-102.91798160786452
-2.022019875762224	20.477744871835498
106.99847275470607	-5.482148738963847
87.15587482631334	-45.85347391697168
-58.98857433215594	-21.090620279182318
-22.44682574244816	-36.41875935912538
86.38018009642066	-22.715249308644374
-32.12143357556278	80.11450403111864
144.2079144609125	33.259164783883115
-7.957460957860858	65.92657636573753
91.85866210911496	51.57681932045286
21.759002560474222	-102.76389300145092
-21.71438807485412	102.7254285983446
98.11831224774653	108.22471160443712
89.90755941897035	-12.723942265699094
43.95555274788759	6.560970615764407
42.55913811909137	-3.9013204402816966
-74.4340841256786	-116.63694658875916
-109.96480134370252	-27.78968713319483
-42.96804660254184	-53.02779876927909
129.53399081600952	-49.47649934509891
108.87973365319576	74.45930354136038
-49.089716916656876	-77.66893051838501
-103.37003578916284	30.5254928099652
66.18768731173009	-99.75861402798596
-67.2907798203874	25.941472346661094
-102.46701397663615	63.68351304271734
105.95263632094995	-48.86450262811212
27.39296839685994	-88.03727282604557
20.791858828498725	114.72988945681598
-79.62493706474925	16.069895510984114
-28.111191335738365	-109.38762107106344
8.791274541367043	113.78511973271073
-23.634701827375622	-146.88254211520024
16.786784186899713	-47.33292987145685
10.380413451067579	-39.71107213032189
68.7101915893912	42.117513361629996
-48.29898125947412	67.3107347073479
147.12750203713293	-9.51873784375475
-3.3665695742840396	-149.87193601248566
38.22716732819094	-121.41862442805366
-20.766058398547482	-52.34185569871746
79.32466740984417	-80.81997974290998
-24.956163383088892	-138.0832623661806
-89.86042318473491	-48.504497806868045
-74.07543794696366	-82.47489558976373
-114.68627992264429	10.041720919546204
80.63419030886546	91.870411558137
19.06582989825766	117.40527253708987
75.19842513352542	75.84155947317205
17.272403242941202	-87.29581683082137
-88.00840992450833	26.956416659764812
-64.48517198156523	56.83842940852094
-3.5884031723432708	132.3123983746596
67.77761255433312	77.16174964296013
-43.253984965112124	22.23200813351511
-31.559692265866865	73.49160979725934
20.617316833840853	61.768176528987205
2.0321991815445517	43.634882475576575
57.997564541834734	-60.5174308620077
-15.03710352133049	25.424909189418308
62.28263573198032	-63.693986862640635
11.31189322291122	-9.88383227487474
-92.09142245685781	-73.68263435765796
66.65649465240718	-58.58546085235886
7.069612975072333	-3.724925557552288
22.216016001446544	133.51348444658362
25.668664682975805	-37.475822533171865
94.27586336357307	-20.027806286078505
-17.93555195981206	-2.2263622548106126
100.54585217182593	-95.53466528155056
-57.7410277338985	-50.47628494003916
61.89588841670731	-110.82373047171258
11.084335451959776	63.21212647864411
39.97838185487903	141.04716359267132
59.424343607717205	-121.9246109360674
-2.916053168668093	-35.820010912164
35.205856244200135	-30.96833416604741
54.611236012349714	9.367220203500462
-77.29093228177025	-74.62110459765653
-135.30037756513028	53.72063802665278
-61.209268510688204	97.97159623258473
46.80034032675816	-59.71268272927733
-44.278869959989294	92.98315401352863
-51.051651428880355	48.26948051752433
7.992935528755333	145.7067204655447
140.42927702621515	-24.152336553913848
-98.85413337605141	-108.21384517832378
-22.127813885041117	-146.34149706200566
48.95209900380502	-5.6130396769999615
-139.29872691857804	-45.82758962838862
-116.160703996553	20.39251852429042
-78.0810222321865	13.267783168638045
-18.880834635434585	-103.96906774022862
36.87111980544778	-24.004650109132665
12.499051550081987	-76.99615683925799
-120.18591055613925	-19.188208808302
-6.63392195105601	79.0579469822
45.88276797488128	-73.55207846555732
60.12804957600726	-109.12469186909154
15.072052579014784	83.48016660649631
-10.092193835913973	-23.970637958995855
-107.96535258142275	-38.72737944045621
27.80691524790809	139.43127765930575
-35.03856858092481	131.34143956589742
-12.159452865024214	-89.95779401770832
60.50012134719391	-19.590940886369765
-32.8406968664966	-44.395068587903175
85.47836827402114	-14.199448704204588
-53.00223899955637	-15.598629509944212
73.81365062650585	-95.60490641587052
146.2073981136856	-23.916538752789005
37.52949892579012	6.956831522180847
87.48718287891136	23.900483752236553
-1.342869600341001	149.12457140107887
-4.411508427914462	21.246133272874417
-32.182559378378286	-11.86825278202513
-90.68649054869611	-0.05167866281110668
45.03663473081401	-75.9669197161227
-125.22531092172015	-43.18062166519386
-15.330815325897024	93.16081928339717
17.581346183656755	90.58217051410169
-30.405977992821793	113.92880457721621
80.13052493870718	97.93933802000993
-117.3517850978951	-93.24461157454492
4.944036186349208	94.23154643232766
67.43600242757768	-75.5439576012347
