-114.08064407825255	-86.02091380490218
-116.50192775243274	15.42158399234511
-3.569006646414573	123.74353798177644
-123.96934879429074	69.18891631211149
44.51772770024769	111.21146789399558
-27.2738745257335	-134.9434751587516
-121.10703784497773	-52.92640898169475
-91.83444969254737	-26.689185125539165
61.997455705342105	72.39490056560187
-33.16026024092738	99.49365991408341
-103.16307934343217	-42.13032943734683
-107.41143776988514	43.35762237071744
-144.81978199523405	4.583607386267922
47.71528634570986	59.81255568690428
-120.62013293809323	-8.75069171155019
101.03644399619132	0.8244290813604787
32.8453059935113	73.94225439168603
-134.03404516395878	-3.424648143916114
-33.60922062169959	97.76970731113012
0.7538364158800832	65.63183601563651
-121.57310981679827	20.522459212316548
-139.55450717217434	27.68642268782313
-68.43951303651052	82.8601683526992
-24.974281087136784	101.74983255536438
-127.54363906254319	-12.652302792265758
-36.57017857531739	58.56234692586455
-75.540040583314	-42.29850925299567
-122.31615799377379	40.14043894126572
-55.30679381564974	10.328937076642147
-7.948850863857631	-75.91248146371612
61.374801894248904	44.97555694815489
-127.49965744379347	-35.511369379950956
-117.62628478656798	40.51315977266083
117.82522573704765	-18.16996312021347
-117.62529085949666	20.92896858177308
-97.81003458757914	-37.381187287759786
96.99126987739545	19.77780613382273
76.88284158584784	-17.882530872574023
85.97788882348254	18.8428308639873
-101.52793414964749	-71.98598312549925
-19.494948276594865	14.027737948781963
-13.92955745257955	103.0769274053731
61.58277768718493	61.021993951360145
41.72790821636868	45.45665354881773
50.351118302356	52.949880028736175
90.53149307339095	-59.507398744642785
-125.2381312901531	-64.23049029072669
-73.39594601524055	58.52492440137907
94.5573260975963	41.29469380701466
-89.16441244137903	-106.58692889652276
-46.38896336901113	76.9005001424822
93.91342852277413	54.47289787892145
-71.84064915265459	-54.083063178613884
-82.06338536030084	53.366079431350315
102.2406701475574	-27.69204951966872
16.4466458954759	94.96580887627593
-121.21507560875288	52.402078692585924
-55.66206346054868	93.62141750336578
-59.39225427398438	-90.59527293840782
-130.34474656148242	-9.018149327142366
-62.29591742737752	64.98536180435306
-127.51689406968723	-5.633583744026146
-137.58762615660783	29.23587725578535
-107.30444495470773	72.51193522785663
-130.9058943332114	-9.848030502515138
-67.8353717979284	101.84381547999918
-53.35937698536725	27.610321463556982
-130.81737606325177	-57.1226223493236
83.3956840933784	-26.645148985653545
32.3585078452576	84.76837212410273
-107.62356281454733	52.86819057166176
-141.6599788356087	23.20182211878657
-130.01042199753397	35.48309283158434
-58.91793355589028	-114.42749427713252
-45.427618538868664	102.32568216577899
-24.621006259460238	109.76506905443243
-53.235467766288714	-4.975814820791949
-64.3391359039218	53.57229557867081
36.02788156769268	105.51772355215552
-129.78454085947246	-44.87466476508047
-145.1840285734094	-15.304390683097076
111.6031776708689	-17.95874922313757
145.57323240452797	10.69270150327506
-68.03899041317196	-105.99628515081842
-29.940626055174732	112.07591232168194
-79.86906701669389	50.78506306424977
59.828032129850754	33.17238092409831
83.22508391371606	100.35587913887684
-50.533068971620736	84.58142112864759
-99.65777890844382	-1.275940114237901
73.22352098435404	62.19165767692667
-128.45166520042267	-32.07579544395543
-91.30184310727586	-37.007955729672915
45.26500295481195	96.20503509704442
-85.00881295056269	-112.61185963639647
-130.63050670468817	-3.886178355467448
-86.25843721640597	106.7040370735707
-112.69737795383364	-88.52494440048244
0.5648424360951931	96.34922048212643
-99.21530433094802	9.81588675321663
109.20438179710392	23.235637145231646
54.987114172823674	4.926296945137236
-133.8246547524829	-6.853655663060892
124.79958265293031	-4.347562472101104
94.11889823831503	36.35561089628213
90.46524762163334	28.552862417148535
-27.28542778216869	85.41704897213978
-109.79563594812794	-4.9040096719966355
-115.17038921336005	-39.9003369633837
-15.157624192972811	58.925457365983696
-99.30082500145173	64.49086198649164
-127.20120787054037	-28.853944933580756
48.24852202322352	78.70032018645675
-60.36405233526276	82.72219280404703
83.32679685380225	-48.0860353834689
52.017960314604174	73.10817820580372
-129.41989327910343	-32.618681316156156
63.00439606160713	56.0408934233926
-125.25799482476052	-76.3316987618163
115.95974378348652	-23.98955684087019
-116.02647630078714	45.244182131256096
-83.77443360672996	-61.01313378703972
-20.101638565818753	105.00353952755425
-132.85320707409238	0.6850570762898752
-133.03234057263114	29.207846033569396
-121.61665813121729	-78.06523982190228
-96.60980392011385	-107.3827414132854
53.07176955186685	84.73776598700951
-70.017570152124	-118.58091925026118
-137.99272417336852	-27.471915766604653
-133.83580531439947	20.612837648771222
121.52451758910247	55.45512213063732
110.3550130623101	67.39275072557446
-0.14589393819187355	-88.36495294663582
37.894415595022984	102.2054105340754
-91.12946488619583	-109.3818720799815
114.66205191334721	-17.85794986036682
-105.31858486415784	-13.368764600376455
65.09696770461913	-17.863816834616003
80.26558981700055	-55.08932092103076
63.49785563989548	7.83376368331578
-10.672557585104716	94.32003025303874
-119.90468909846595	79.01532681698339
30.585249931151317	-99.19177978811301
-17.74402756477391	44.65840345722093
-135.86528571456026	1.5442425376863056
-63.78501400718656	86.43788743680089
-121.10028796643715	63.89956650837889
-102.50013253320007	-82.85061651478834
68.95657563134378	73.37109486255818
-50.2774178250022	-62.61978182527727
79.314472174511	14.777705300028538
98.61781785495002	-89.97511229644225
-92.79854385391845	48.87532151802663
-82.14712366766715	5.651517256520137
-79.40192297289136	-22.46384943426173
-108.56066572413074	-10.7037051846081
36.180063141280286	73.07905219194747
-79.9719225439511	40.69324455776687
-130.94497374891608	45.5846551409369
23.774169350687934	87.70323003528082
-16.752004129096683	117.46305953558625
116.97407388958203	40.897452589312095
25.92520624662929	27.4342414398846
-137.33272448520978	-21.028386765931575
-109.86799975106794	34.818251836092635
-31.733935755794363	79.0024330409792
-24.80253117857709	94.92064250768259
-122.085053757771	48.219313710578845
-94.34230288301197	-62.21472313775081
-54.42078560104384	74.83196372141373
-125.68180626528134	-78.40119419680786
-145.00202563496217	23.98853932375488
-140.27847499627424	-27.99031528494838
62.19679408845717	13.409417080416901
-108.350171360172	-13.81462612179848
-95.85072768010956	74.87353510601616
-112.30679508675544	-34.338027191363786
-78.1750964351555	34.26924027580857
-108.19327746255081	31.802798044668943
44.19461816254617	10.053539240845225
-75.2486223436224	-87.42121772940791
-58.69640360098078	70.41629799595015
-51.95287582583323	84.64211675227608
-117.72594140480155	-20.38183205077276
-135.2392600762315	39.39797808475058
-120.70938180193974	18.55783824284786
2.1327936868460324	42.40098772322212
61.427757037041424	25.941726648825973
102.48716761355722	-26.582431309739096
2.639188685364851	60.215452306767716
-118.67351248840862	26.197602562091415
-64.87997828251319	-82.06793881250702
25.962856154666675	80.37073466595714
52.83491903089881	-18.990620854421667
-144.34270030252077	8.913825575049238
-133.12674501981346	-43.27209018418703
-79.61611632133364	-0.9168149617177737
-97.14685954979748	90.51689268422525
-48.92418970083696	92.35391905912607
