95.10350489844582	-68.43636366276752
13.756872722822216	-123.0298506664239
-81.1472033744596	117.62103340995095
91.81255008886518	1.6424195118557754
-72.82831898893622	4.031473323076619
-125.69611345643693	-19.579187291930225
-122.74009304833487	9.30802470619477
64.67948264808219	44.847723380782625
31.016544616760136	-127.8162352509467
-65.86587402239319	-13.484205256430714
15.59588558723067	87.0831224850849
71.52140475856505	-20.049763274655607
-38.85096124485836	114.46379385137962
-77.53828162959972	71.07104197979515
-104.62784521698158	74.61329716208526
-40.05366117616652	28.556576670100636
-47.43812100706144	-59.38257630603277
-22.07457501306648	102.11559025396839
29.34847074307306	-20.381978448881668
-115.0827080701717	-56.65321415655828
58.03778745412202	-54.56724120309583
101.2016915341838	-57.82288083529128
16.69991288212606	-141.42796934737595
3.0073256007350286	75.42310265831331
-62.2633984585935	113.69098440651813
15.555028423827878	118.36964808991111
-61.26283078267688	17.020553270968865
-128.16461023582988	-8.871141242966589
-19.613546998466187	31.52351742138584
75.15178809825196	-77.62945644488688
-40.973940527034244	31.555945352781745
-35.227549306309236	-119.18545583388205
41.603152663386936	-71.50154511146489
71.45265840667955	114.1353126904386
-22.948538579967753	-102.40655138587597
22.88639689846219	35.890229025357826
10.069368092226712	-115.55808223437198
-15.61466562948908	-7.033686902620287
-80.98246832602268	-7.256960649634039
-76.393441169129	-14.64524524632412
-120.99138852036273	86.15779961338832
70.49739711082081	22.728149221678944
-116.69674435543737	-40.10049696520956
75.30695546384344	10.70057914202071
36.07850273678301	-22.057288128698982
0.22192855716628399	37.60833124774234
-85.64533526340962	-116.20298977976479
-43.30570955315776	-17.236468379621446
-101.59967188444014	-91.56807374304682
-49.773558891428195	98.75698760299548
-93.66800075050458	30.7869182430516
-0.9301947247265026	-149.7724374258421
-109.76700918822604	89.43806078349022
-15.90743292131184	71.53073888034717
113.87735313880135	22.532118795782097
-58.947649421600204	8.970344492193842
-39.5678721684784	-108.99846287642008
-12.838078959622186	51.64834256474359
78.95609396794545	-88.77110114038582
110.44566351890614	98.41313632393228
-80.03977663068747	81.74328154226464
-3.4738862431696678	-53.058470951281286
131.69321836622225	-25.544736228243305
-62.212448038081625	60.028171542549586
-2.506249503750199	-45.91219248948382
-43.26084135315044	-113.50054400588724
126.07772033078398	-52.84139281497404
-104.21907773229636	-0.7271259845932766
-122.2452212556551	-77.57453746782465
64.95481954624083	105.52023381625335
-12.347442950076951	117.95633774404513
-59.85355153908831	-66.14487005455118
-77.89479454055925	-30.88139729542727
-75.17838140075008	26.72143249207208
-44.90777059623302	-139.79189368706494
3.845263367009051	120.91543550966594
-36.26524519339568	-109.78834034646138
32.30199793618882	78.51229764475968
-89.1695339999789	2.9563826636294883
59.93421056512276	51.83777409554029
-59.02677311309287	-6.408512438345459
62.35370864987355	-129.65804152255447
-113.87013905609538	11.707912347129746
-60.410730451952325	113.34962664283113
66.92956692724388	78.81539080115743
-22.615683059694	27.749948736288975
63.95653256576573	-80.5160701266145
-23.909445529562873	19.500316887845276
58.03791331927328	133.8737301035465
67.1344523473622	-56.63167054912944
52.94525025183339	-25.72068812982693
68.50032031060499	-20.379531479985932
-142.19492208557185	-16.82866412029488
-63.13167503339394	-26.015259835474343
-18.054531770004083	51.64298617926006
-61.179870493901284	100.73015301872654
-45.8223226902927	-4.404012122297512
54.25467106168325	87.6196195068322
120.1026532146717	-28.991684968408425
-22.29790670672223	-51.569405296265806
126.74106925753574	38.27435685545775
-5.089595861365682	98.08780688185685
-39.21376076813581	120.3111474205956
75.36012057624963	4.877764237310554
98.66012913313439	-9.77363492382722
-19.213972272267213	101.7350207091492
77.31558121793704	26.000537962239342
95.02916688227177	-93.64930926382007
48.58555591523015	40.44688738336914
-117.47123260371987	33.49611096755045
-95.53523308277158	108.86629495565997
121.13442291210974	64.61672693094994
128.38187043282932	26.653834293998383
-6.694243559878012	56.28603459791789
-83.11931268821986	100.82543459094254
-1.9707090071549944	-91.78602046399773
-7.759424126120131	-47.595510421672955
-122.16708792665801	27.85627541589705
9.53434764145243	37.33353341881441
50.68720347009294	-77.52824921482566
-82.28441652993283	-112.13686397937404
-72.30961364908867	101.08877080160025
74.2884104848869	-78.22863765162026
58.46432690101832	-128.20997653007277
129.8553866627474	0.4890099158141997
69.86795181162842	-75.42086272830853
-127.4453684041389	-23.822033252353336
125.367432605811	-64.45945629884308
7.381173024723654	-56.386678468195996
40.70382547427754	53.371748916624085
-69.26221244949079	107.40647718634628
-23.397699448616322	57.30210533382338
-17.841939149400925	-58.55131486967887
-117.97198025171392	-29.12419235459638
-14.096221945535664	108.85609655399212
9.484534507471894	-130.14641739617358
-48.08434183853471	-69.72902473278226
31.342617317018174	-112.72924890502664
-2.646443478658471	-142.01610919474808
-107.78188092657342	-93.33249108463545
61.02724628779091	104.74278583596059
7.814368571424239	21.538152264767806
25.337456725397654	-106.05671042819873
24.209935825733545	-30.76015623529097
-149.21561407680568	-2.0794686890506595
149.28878809079518	-12.081766019078449
-14.318752926155712	49.03959103404203
-11.630410424826776	-100.63997793225936
-67.27930979632143	-121.8597999178334
-1.1309958443690344	-51.09233795881766
-96.27306494990252	56.19305969269189
2.392690284996395	66.98522930802699
-86.40819192292471	58.83269469802325
24.959149893103877	62.68049688728736
83.36544662562956	70.58248365921337
-38.63161171866425	-88.13619199578123
93.76434025723312	-8.377799128293493
-29.954784345472582	-52.06513048445518
80.8992793042767	91.10864157486179
-39.39721843272886	-5.338656447279641
-115.0214570997054	-88.21549230704088
-3.282083022903127	-36.29593339884108
15.296576458484875	-95.00127309161338
25.93823507693683	76.02449295022893
-52.03605268807373	98.51635648459485
-22.79830877577421	-6.36988209074894
99.34412993984671	2.883165552884436
41.50398023406987	123.43343240356083
129.88472402346417	-35.9449588787996
-90.48636877216829	113.28353288355123
-1.3670921094343331	-49.36103130989443
-109.96578687143557	19.334308222675944
95.03070005375173	-0.5274314783581323
98.29049146800931	-70.03543327967233
-31.206885825651504	133.2064219309931
37.717872524540965	-109.84547985121269
-67.94872146030447	-23.14928056222164
-29.083468082732427	79.89625964626796
-141.0585327672735	-13.608118395529385
-61.507181320438235	106.42491517216024
48.800471816883785	105.02056808827177
-54.80406835803045	11.306190150246294
-78.059873026506	39.834273675193465
-33.748871716733554	78.29390880998054
-17.70883862077129	-16.40339627481384
100.09297217820291	104.3687330290695
85.16734008429466	-14.4282920867644
11.340515230035162	46.7092985379291
-80.0954681101748	-68.54947734096615
-81.94883074471929	58.13899649297258
138.0348499255575	8.511838140085427
31.2762951001154	130.4520193121208
-125.8185500109692	-41.9098945875016
-84.47449301204448	117.64525738017514
47.40034007910137	-78.61648507477224
-53.59204584355647	-101.93729653366786
67.94209061154965	102.21887346144959
94.65365000021008	-40.800431116963075
4.000674969082121	73.96548418313675
131.99508403746086	52.96368624031096
