-77.53239666129893	-18.457721691986528
-121.132792593369	-33.674360473549044
85.71210630810683	51.75339227919003
74.96464041021733	37.58479730536476
-65.2689792641795	94.43461078344777
-118.55275611926054	-64.94455031329291
-4.580112086836811	92.12582435273815
-26.415601183418183	82.85183718625846
-143.5272733785374	26.654505590736402
-5.210018402955264	53.446761553432154
-121.98673166836382	-0.4038949091002161
-51.5872369997242	115.09767374986244
-81.74589313095122	87.79187044568407
101.26133100788233	26.167561750456024
-76.03112934301652	22.804205373926955
-85.72300225373813	-8.024169544031524
-122.18316902402279	-54.80683445262335
-11.346983604592921	93.59806175173419
-103.58271712057653	-46.07999563481585
-125.69709654608172	-16.53997886517665
-52.7307753901715	37.56586815661208
-50.40312888905128	99.6739761480155
-75.42362847755771	48.32161725772555
-34.19212025869894	75.61303062297567
-122.90358696229822	51.946258266397486
2.7935620905935115	79.2679358768097
47.640812125734215	0.21314008216261462
-132.39586026581452	-65.60061744610394
-113.72438641215105	-35.93258259741143
-81.62499428512547	44.070492914986275
-68.43630406860913	91.34114858318996
-97.40392094726515	-40.16193507098069
-135.389158895684	-12.647377055787999
-13.849058091307898	79.9361389375226
-121.96958666601037	44.473329214420836
-102.77181843664783	-46.95235900171361
20.586924507380402	79.35176768950275
-81.88813121870729	75.53383309559838
-89.80838317598969	-61.63491668889687
78.71954179874034	49.25054120378537
63.052792124682746	28.178602789022143
38.94829701121377	78.87102872720794
-104.22657737156067	-26.75051378740038
13.874743989352828	104.26237784592556
-97.34678731074169	55.06829997867847
-115.88063813530678	59.289147781100624
-83.44122939087	23.284203646507237
-110.77319867554357	67.42278038869833
-21.02365464569437	45.28349049024264
-115.82533741415617	58.20287858835555
-109.81211068737753	2.9684717927066697
22.32067471316801	97.6730792578875
-104.8706139433141	27.200817087546376
-14.573643852419154	79.40973515543455
-124.8606818396525	-62.669504384868446
-46.59263759236798	108.18597955249477
51.7668646813072	78.78240048592107
-66.6800035246296	9.764714133586626
52.233157634877976	-14.991989601546411
-94.94111048819481	45.04939702259388
35.04140557646593	95.93222700455222
-83.82083299278557	-77.52867748619212
-139.12190656918153	19.599095992980196
-141.3622299843818	-33.391972013596465
-75.17162508128992	53.11938369915061
-105.93917505404657	1.03366026193135
117.95892458083038	-18.6282713837833
-140.44915044055222	8.472527723792892
-48.61407481874256	-123.76165177554292
-44.433982230661854	-9.377953919500076
-98.15020269672739	76.60991137023167
98.57441916101932	-50.88650114048129
-86.42717148664013	-8.358002192580138
42.87971494625175	-80.23909618033423
-119.3160761259388	55.549185462221324
-21.426830763961583	95.61378342005743
19.965704392014786	101.11872550231482
-86.79304749371501	-70.03282494271106
-29.747377589092352	32.46066164705156
-107.0368103312965	-93.63655982007502
-61.87934710361789	39.15051354405362
71.4102392498302	59.117786791702564
17.022669839705483	109.90442959401021
-67.50159366203494	72.87964234575419
-26.78094803686897	131.96090794644186
87.01204274197327	21.65686859449407
-133.5852240480843	-52.36094574590944
-16.3349609954407	118.76836326265965
-56.98267120844924	-49.013385157361334
-109.56158409710517	-48.098203142550794
-90.3334907782391	23.860710279715864
89.80505519258911	56.30182104018337
35.45151591546887	119.9420089318323
55.30912362431962	45.12217462187685
-147.4284448140599	2.621462320366996
-129.48641729996905	-19.031136012027147
-98.56980132886898	-88.36789917852818
-116.37623947929785	-51.09546818823947
-87.29361492555839	-72.3558258082142
46.813144815597376	121.7034081203316
-84.98026130854936	91.98662588825503
-75.19191629904051	82.31673618371123
-103.56567242956352	-57.09084699299196
-110.61037228089043	-26.41158634978188
-57.274009094506695	71.29799190924925
-87.34907167054487	-9.410775272561937
85.77576552548173	14.653181436581841
-102.81634165579348	72.35981544166337
72.37579943353734	31.506542556172484
-3.9991579858119426	81.70376377062668
25.476053888088913	60.541582083723995
-87.58557115462844	-57.17805759740515
-54.85593025014357	130.09491651000977
128.57649534490852	27.62315955136005
-131.99009338928678	-46.62084988299348
102.79070166572977	28.395675289051024
102.37972063252799	9.715029600142122
15.873664063234358	67.23239319094789
-113.94776719273158	-33.98900674302446
-100.60588438671743	-86.45866479295302
-85.49725688289814	-49.26124147633143
-109.42900190772976	-75.97521663796131
-56.233813394874545	93.60610886303043
-63.753488817213004	-97.68355378733382
115.67868614290396	-1.1309694049976908
-82.24063167456511	-112.14858388602252
-82.68506457081982	-98.88846370674833
-16.818158151127847	124.47077534235902
-101.69334740763011	-94.43139967240593
-56.572142250391906	-90.53167251899337
106.77301240168698	-0.6326783058809398
-98.45919885012485	19.92912439154948
-45.47757325793218	115.21546378761455
-110.68564577706371	-89.31435945365273
-128.90184164674096	36.86232675306878
-120.01987416371219	-21.74092507660081
-117.2849671993804	56.93160199647547
-133.29407830970405	23.606801954102835
-101.18289724861327	-60.147952350192924
-97.75247915863504	-103.91567405975269
-91.76215196128457	-8.855621403696084
-55.704118445396944	83.38172615223101
96.42169996247414	61.39993660553308
-118.91833753764399	-49.39836610203602
-108.77739192498079	43.974354703345035
-17.032154957118006	67.97129019317204
102.04851743075245	64.40841194351614
-36.42672088007037	42.16096714265991
-18.158465950738556	93.07998011714008
58.99288605327911	59.06567360838432
57.29484381207418	12.776789519136294
-107.90046855933834	2.146066807319656
-60.90841166888777	-104.47441907240277
-65.40676432960534	14.204210092442494
-133.89551546142255	-6.472871276702295
-100.70009921302628	-78.72658943595123
-135.13666240899005	-23.87179719081565
-131.19482385399135	32.207502134199196
77.80042967816011	56.08333576457337
110.38744066243396	-26.968880146171617
-85.41263239459461	47.295767203252545
-137.09173232377688	-10.220723582035257
-122.72112299430586	-46.059514884011136
-67.15178176091044	34.49021564506341
92.60431115617244	43.987936430067954
-118.29317089929953	-33.29847115791928
-124.24106533270842	25.727916792674492
-56.716449661137645	64.48912937086772
73.2974795888128	26.940348582138864
-26.05233762410197	105.04460501753213
67.57433850861108	8.98165603645199
-124.14592556784731	12.527706826578335
-80.17358929114297	-117.04754393421072
-121.65090295450881	-45.948246015420935
-140.3991047867979	12.651801332223494
-129.4334289314829	-72.72440581722279
-116.91424849130776	40.645589269698355
76.01070029879584	78.14588964861964
63.48657129244121	51.27802850019956
-46.38120002345466	110.87144965926475
-116.79269500859064	-35.00019029049983
-92.74157112557707	-99.21094228454795
-115.10550460844384	-32.10124794181747
-81.72654186258897	82.11769961517679
-71.35971259175105	44.734627992089216
9.437097927048887	92.25494950339252
78.74768097753625	58.01944943493839
-116.4257820220934	10.063680194235815
27.696535408945753	101.01213353197379
-24.291462383910606	85.2699118640727
-147.75902636822633	0.29256463949290806
-85.16527565367959	75.93824013035008
80.85759995495825	49.6096217754468
-63.10425421370635	114.66655165223646
35.91801772975423	55.555772058147
-56.48334896719239	74.73141048953975
-136.48772766995594	-28.39993973952767
-114.72094904044037	39.98442859675424
-133.392012524406	-20.969996900814532
-100.18424807660672	77.4987707300179
