-12.014653797322989	122.8149603698112
-31.54960555067873	-107.66882333363938
31.110909934177382	-126.62371627328555
51.735616015841536	76.00688165900944
12.886206600003367	93.37304894152
-144.15890758033768	20.2339725846685
-93.52919430812278	-108.29335365132206
-56.11764786764001	30.491522766117594
15.189908556892943	-72.7477454688964
112.78686051501593	-6.877478474919105
73.9955581724829	-84.14191591300519
25.049082112717585	-33.77249227419543
42.95370776874057	136.82139549659655
108.8874729939393	-74.54776796871944
133.68434905905474	-7.594640343849662
-114.23792392155798	-50.1162507013861
3.884942622430797	-61.09324325896402
-73.4544047530237	-52.87253205902179
85.5827175804741	-4.287924403022608
-118.02471150471708	-91.14874655541509
-49.795773112167296	8.189128701237767
62.309018326478956	92.75023766297407
73.36817260584371	-109.47853600237278
28.136049234565068	91.4626188504916
-47.65461808236165	-97.89780592242242
1.960015568696567	61.07030402922945
-21.76657513491222	-64.84363278052358
119.87140971004777	35.717373938999806
57.76519201216144	113.81458205301756
-21.34212269365024	-110.01550526481645
-120.07168532504244	-77.15954201829665
-85.91688037037359	-31.57956824461232
106.26578253296836	70.98403728093795
82.45365204006102	-97.55809562095718
-67.77230797118537	-76.32369484626852
-120.50314496417026	-64.17960388472852
105.38485434820652	-26.853596705635706
-112.57474219180489	-37.591317934434706
11.111848349176523	-29.38817130187035
27.420457073154214	121.57194784749998
-57.97698227216472	106.24523869477035
-76.30554895002687	-120.7510544497646
-38.538716199217866	-41.02903918300961
56.00351206848957	33.78647252830158
97.99526289944363	34.942150140084514
20.041198161970236	86.07721357426693
-54.84822888513456	-11.846682578647844
8.527581512865224	-58.06329765199427
-97.17774721337399	81.52032532819388
-1.470841761990305	129.77372815827272
-119.11036085252643	-76.66197008632902
67.9454582488427	48.65940253217279
47.78270105177369	89.00606055092464
-53.43761379804222	16.31936609070858
51.63343928321765	-10.970771044439283
-7.32733836374455	14.076791096385922
36.61851497639861	-49.70013258559384
78.48207068760367	-11.693909566361482
49.62010208260023	-101.2788093403097
-110.4334197500811	42.23803166652888
41.61556798644817	-102.89507278918536
25.923488001365797	7.50124888886908
71.14303010872482	-81.58146282592287
-100.53858977873631	6.609245510391205
-125.35814002468442	40.535589196583054
-15.546990775236251	-142.08920765284
110.9308499534225	-51.248582131130846
-3.489133145752441	126.47463543011035
-82.89673180325997	43.14341042722948
-67.41063598929341	-93.64683033154547
-86.98527914700225	-68.76668279414773
14.115562845731683	147.2762048113393
127.56021232086094	14.402295116390055
41.015461774754215	67.4027010871087
136.9352543644865	34.81865837381781
102.01697407976457	40.72251845192976
1.609575003969429	59.72659095783512
-22.3446013927859	-135.12120538254945
-4.63872274938918	108.80981838518218
6.56160391722028	41.70384650755352
-61.275672926195426	-71.00001819218313
-96.59638719148582	-40.508560986798734
-78.8275490076039	-4.106973016101633
-49.42102437038784	-64.50066490925246
-33.72647934131883	42.34438251830864
125.89164445416326	11.779925094266764
-31.37014763632036	14.75586662312895
-53.39233813424626	59.20711805079677
9.44322478718583	-68.33743648102407
84.72903170382125	53.98740554173323
25.828455628342162	-130.4413003676925
-19.890516350542715	-79.55009760914403
-70.7290215983788	120.99856984202954
-97.2127455159666	-100.2998312185043
-94.4365222473284	-15.952383603714086
31.600762789892954	132.8811050884461
67.60985709863657	-46.57452684859048
28.205725949424814	70.87565112551152
90.46135199957237	106.66958972636313
-103.92905858570992	66.06980385541891
-3.259642604180631	-74.0200678169526
4.300303534989545	23.641545373804426
86.89551232731448	-96.50876165739666
-73.94962178103509	-39.27097590310824
17.208877260917948	43.57613461376789
-77.67334279502847	-21.368812568130085
10.780015098507914	98.16258351210583
20.683868955347545	66.95710049700693
20.974193633896817	30.199132326744877
-73.60022376403795	-45.64456027635207
106.01939077963083	6.633874005559028
127.94246084142722	-38.98575045104169
130.7962693134293	22.300495078858386
54.41460505414457	-25.52565068093919
-50.55455871826996	89.44056242043744
-126.30979494612036	-59.47796584848034
-33.8014345359648	-0.0375516688653353
-37.05581351161079	97.68826466644268
-40.2605037451846	98.3784088983747
90.36132756074115	102.45812972402116
-55.119107377856785	90.26901481725078
-31.80078238018853	-35.58771850405522
-104.41483497116435	-67.97111925176337
69.05171770353613	-89.53963089325737
16.84399909464958	101.11442071613149
42.4055045935796	68.31347397228276
13.932709524570488	-39.123918980207584
50.32005503131448	-134.6299005226641
-18.513589329942146	-136.3802535331459
92.53501675337996	112.1757651164408
116.81457303687401	-86.71348783449768
-50.17445769293477	37.247189489899704
-52.685367779411706	66.76844049509442
62.354690682543584	82.81271698856689
41.339744800401206	86.23140549727522
120.64352885291265	84.46987500134058
-79.55420130490523	-17.358102739281374
-37.78639021629864	36.02233750085587
59.48992860723117	83.14560644879917
-46.76559241257267	-96.22789562629889
-44.181625719176935	85.12038692475817
-59.810917093730865	-118.95875712793259
32.426514507870095	-100.3158028661446
-57.81215486421671	-59.46646709929663
104.42566619339449	6.2139425420721635
-29.7229255654313	139.13067478745063
137.44493512689468	22.268585566706466
-75.77750818125507	94.87012426139998
64.49183598086698	-102.40009465455236
42.27140813577095	-108.48339590257942
37.50823017063261	61.22895982002983
-52.862584069199016	-105.1548224769263
83.41004748758444	-80.93479248658463
74.50192152738451	-85.13613074942248
44.795104398447315	-126.92922619759328
1.661805840539804	31.9366475109349
100.12361673024114	-16.137073320667213
-6.780745815519557	-34.05220553924374
-45.23829021747781	-125.93139591548922
63.20855758314258	-35.323461272382026
-50.3877864985313	75.41097538407467
-81.61748861466927	26.78990334330338
-133.45603498991971	57.21640314069661
65.02896711285325	58.300954549655806
-8.188777205297725	33.12705283480442
-8.319680144561254	-27.863038161362773
67.65472016389026	17.044755961523585
-43.63619848993941	10.559358419484452
-21.96016791614591	-131.83340299786457
-11.066649222155423	-122.69183156367188
113.9276620066845	-66.88617980804463
-101.67264732366056	-40.53463577379887
27.306102185018837	99.54560419925576
11.831449083133776	-89.46800151712073
-135.20107689481918	-4.880320412982902
2.475004472295095	-5.810828786367232
19.790226445653378	105.86519959066112
91.60651547264611	4.139472664944358
-11.289046403658483	57.7909652915544
51.771352462942566	115.4777848342281
-15.792373772925398	-76.05531278837321
-96.93632885812096	-1.182660173176182
-56.67489955848254	57.523039063135826
103.66723571141188	54.48316992782236
3.56058359597311	15.213853372401413
109.35744938297523	-52.86024535363274
26.244464306262806	92.77437146082397
-111.14752080568432	-60.96491866872262
59.27264474567716	-123.94381561381269
-27.40701946391143	104.01579032569825
44.656179548716764	-132.52532320321848
-24.506488721493227	48.97597883420557
-24.797947130111584	-12.701477411808535
-27.96329009260432	138.34999353480882
-45.715411763987234	-23.687073827583944
15.506609871064951	61.91288647775644
18.828208915187844	-48.71715402094666
-61.632333605462385	7.54348390120218
123.44095948813612	-70.65327526448836
-94.59317119011016	-100.6506227236425
