-12.753105270754078	-2.2031616884750473
-8.063775242843548	-58.59720378948863
58.185005589538825	-53.79545183493441
-128.7003459012856	76.84601423653717
27.88200143870256	15.578609973217395
113.57871893052395	41.14189481266232
119.22226509797598	-63.25458150492286
48.41503030068757	0.61689329748826
-21.612109612478104	48.159230631087105
46.94921498528799	-64.1183838785826
-91.94212346859064	69.05799395606225
24.36293510023581	70.2635155201945
72.68875466708339	78.01239852447887
63.60566551965099	14.092226700953718
-78.15909170277622	-103.92090734861989
-43.60961831855945	84.8659988324383
68.26957407245565	5.147467196973772
116.1546995138081	66.69038744311952
43.94527591846538	-58.943070209520684
77.22563849512534	75.65879715096034
-28.66717716140835	0.4055581191250756
-47.80886290377078	68.54986428060144
18.30374360329675	59.66945159464268
53.67440909834947	53.589842795659585
-95.70930018072822	-114.12036338829981
64.71496937732752	-64.33865890319593
-46.55896519467826	-34.43729127562485
-106.07030169016838	104.74436397177001
-28.57157160016433	77.026026627877
-84.09354509290682	98.0745420470777
-94.22399685592245	105.06556651228688
-88.85152061064555	-5.921835581551534
-81.24876411596027	88.95868631297142
-29.569642933230785	-17.839699084050405
74.54406954104148	57.41982468467744
-22.230562424672502	140.21322782122382
-23.798494964473807	-132.15105628518947
3.756378197981752	-74.066324819082
-9.150122317347897	-18.259780858195384
-63.83201337426667	99.23272418819712
-48.995974942802974	17.216063969410357
55.98657318331629	123.26264743977106
100.1137531994345	-21.626112015654048
64.77739390934809	-68.87860696976837
69.62513302591923	-26.70517156482353
-100.73209991521651	-47.022261932444096
-132.69263300221476	29.03596604214174
69.98262518614456	-75.6013510629533
-39.20243257832461	25.46977837374344
-12.761165394472016	111.2367856976127
-85.74217306533495	-1.3174968335948132
52.15541230711931	94.33693165575409
5.271270460130672	-43.674548590636114
-38.17307483949088	14.71397540276819
-72.35078667978256	-106.3340501739778
-90.56737489371659	-52.834320649524656
-82.42423895255465	-48.72241529407727
132.96711061485968	-61.51465879575166
61.84429219094563	22.63159016823112
-107.86119509228733	-93.51943572757531
-10.713882561041721	136.46719350018793
77.36383192440427	77.09144441928527
94.92977342128559	33.973799961225865
25.52728168490547	-46.383061163695196
-73.49392756223351	54.245034481798534
-34.82959511984211	-104.71520013112628
81.15323457708044	-36.83239591616631
87.88701944521146	-113.69920234631265
1.5619916014794069	31.779253838725808
-54.366588827077095	-61.919414827267836
-43.030235101644685	138.1273276936535
40.86029300107305	13.00019301865197
85.73591791441093	-55.96012474064049
-36.32122787732543	-124.53793774063355
44.43326450923066	-75.0643479233976
-19.419492568005833	133.5256549432906
-10.493558046664226	56.95413912821324
42.058274310219595	142.91797093920434
-26.145669959459845	117.43100114074356
63.93768764503348	50.2357119222598
-4.364699603486304	-39.51488789754021
110.10502998474996	-20.33638260439952
96.4150242796885	-62.797250334461474
60.24319865160913	79.48819396486432
35.24428756595727	140.94387917226666
-54.46332717130541	65.45503227817935
35.56258246283876	108.51293165068559
-15.226449445984434	-36.148138762672325
-1.8025024732253865	-101.42117742215801
5.320977795789751	-132.80104508899728
-112.22536496542374	-64.9829501508741
-2.431377510251099	103.66264451879611
100.72082899699639	95.59322744747547
-145.7775586529011	10.99526692451175
75.75989293167007	-63.46455918029012
-13.590069019031871	87.74069001294455
-55.09628786108082	105.91835123487378
-30.32080847674192	-146.75180755035836
-16.45075007374341	25.028123929267558
63.039369542887876	-65.35949330002241
69.77037406470113	-78.54997497326609
120.0551305463545	-87.41603786964995
17.19382778619625	-135.21899432853607
76.20686720817645	29.65465713818618
-130.26627519973397	-25.398542171627803
-67.70604268680921	10.185576146817734
-111.95661146729152	27.278286705992695
-16.8520116041286	-24.808994241247948
1.1985354928351197	-97.70919770065778
-126.91287989594335	-33.755665284767595
2.0103901850793884	-80.2943830058411
5.68065478809275	127.92268149785698
-54.47456901264291	-66.32558487329766
-30.757575384767804	-25.993125172158834
-72.21751156154458	122.73480944834043
-97.2149002016229	-2.3980243045329535
128.72184037719072	-8.398150004386167
-35.91206026190348	-109.8928855555516
-115.77534015961693	41.987161968984935
-28.743473691892103	-106.22278604294466
-82.35692301343295	74.4970680242266
-57.40373834052337	127.35569223294007
-112.86899693597806	-1.609928603687794
-127.99982165167776	42.62079749961919
95.45923618655829	-30.737656553420802
146.65038536422935	-19.6201818069077
-16.76800469504663	33.42186439202097
84.35716155325925	37.52659221730948
18.851336528961458	60.505375689626035
73.24175847695412	-36.32996836509498
30.351043737415974	42.644754903907845
-78.27244606296406	-71.4387585273101
16.802689547269434	4.2109738397553285
-114.57246130044896	-5.018655209671876
-121.20250439452587	80.22570566855035
-14.800688049929516	-58.52662341461275
-121.36949535231194	-8.534101122223701
-76.0480310854924	7.147252441047887
-40.56680466672211	-40.341931630012304
-41.473257724984876	-130.87077382077405
-61.839690108776516	-82.54846799347834
28.828844070725335	-25.890343261899098
83.16066846477685	72.67493204865121
143.27551984481852	-38.64983454288925
-59.247671184322535	-120.79897195006325
36.04720708574008	105.91095190147482
-125.16600713564308	75.68166526561902
-48.7156988039501	125.20582722717411
-20.71328808498331	-98.18969763907391
102.81765765101854	-2.880333047996173
97.8234273494704	-106.26035534204051
20.63939914759543	-24.324579669183873
-73.14762884454386	45.142474259393694
-91.41854258624262	38.94291631525457
19.35476658685442	64.52186486974882
-43.71113397531175	45.65632311461968
-73.22761962405285	-76.95091613868654
62.65815146938822	-96.2453351682485
94.78672810032322	36.70734465910033
90.2674626852698	-31.742314321126873
5.713562924778999	125.88597962052735
39.718394343000526	122.86438681573175
-50.13884615243321	37.43640530103474
-24.87466561738951	-29.001009412170017
-34.66572320243504	-16.095506875204002
-1.8835823014886972	128.57185825210445
18.168612372931783	-4.862439814057362
-120.99041282568666	-85.49224068318892
54.84699451509896	-113.47888448691378
99.72416204875128	-59.054161292135674
-21.710861147452306	15.728377472291697
3.1425854025065485	26.59649319184846
-64.58537533036555	-78.10676307005284
-48.0632795709212	79.48564785218444
-60.350398640291225	53.57484504437075
35.02229189677651	41.01325223333329
33.344076366407975	-70.85314378104805
22.48879543671796	-117.3821582599068
-61.4153934219831	-72.05330161790266
-61.33219138692878	57.10757331344033
141.63202927503121	-27.333259445350468
-54.6759288198383	66.9398863994681
-105.05261722676649	-97.23848903008378
25.365165026084654	34.32193061362792
86.45578109543384	105.4456298802342
103.11458349999648	-29.649171236011902
-15.204168766089804	-105.98328103005959
114.3115814133812	18.856628924844394
-78.73470908162746	-93.42404179178408
129.73153681490493	39.74920624030448
-1.2325094159702632	-34.74272361748767
78.96824533131559	28.394672256352674
-68.94608568253344	75.29786932638555
-105.6867044841775	102.63684393214028
-31.09638728999884	-20.237383319614647
22.05174286962998	91.65134083779577
-46.61181928674791	-124.23729795114649
-141.05065572506768	-32.2459001835479
-68.65989697140964	115.83301605574235
21.73846547737835	-146.67069021217864
