-145.35299021174887	-1.7192958476144267
129.85168166403145	-69.66993650028763
-39.9685722788228	-95.75278328575389
19.498106522135675	112.92597325590197
128.83490421832386	56.99085200478412
54.11342308604497	47.131023002262786
89.70223151474951	36.99194694900807
137.9171809245161	-30.458712781577134
-24.51642410032433	-86.35522025798467
127.56014107368655	67.87203678967708
67.71379637427866	103.97964615911349
-30.07932777061429	-125.54951113516903
17.556631062226117	120.16503336582599
-124.88281870539022	-36.9572323290137
81.5326847430968	112.3925469199135
108.54961665345819	-97.40165384713195
-63.14546369454137	-23.73861914432737
-47.75800963457434	140.3679925134206
113.80974300306303	-74.14207935253867
-106.93986500085931	-16.06204747723616
-92.65118597570834	-26.208947615286338
-77.62679145186624	59.00805223074305
82.47293458391482	82.53935443378425
25.154530114181256	123.16076225340328
-122.62915685671128	20.524958902782195
-17.53634533625603	-69.8503297712697
31.46001924930903	107.2214846590692
61.478709371621754	91.07313088725783
-67.01925313889495	-8.632540589885819
65.49647215583104	68.45648275397022
-106.51970531092206	44.807979453542536
-132.4876061937248	-51.694201397577636
-87.96752957889748	6.300614503926574
61.35360171772437	-44.153268050009956
42.05090407789586	18.512682608668996
95.66882087947509	-67.06333007036089
-91.06077056856013	-91.81172604391382
37.148877192168136	55.605001543678796
93.56471571010577	71.62585917601052
72.26724083498459	-128.64659065076515
122.85438351653669	20.040510406085755
-101.86514697433071	-55.93892963288792
27.001587587844963	-26.077325165027357
135.23863644589113	-62.424699484269325
-75.53229558281441	-69.49568606890924
103.65931260265467	-23.333812700220744
-71.93647234682689	-112.89007188949202
94.22488986134378	-39.58187927872901
65.771852980346	-83.97867911998735
131.87893747993533	33.31640343346979
-57.39106947437824	38.82819837081321
-54.084895247945795	37.9193154523816
-37.83140887388333	73.69203820170515
110.50510476587478	-0.786361571596522
71.17609115748158	95.38290644043475
7.9409252491319915	134.2627875463921
73.55581720081605	50.248903703553715
-62.101509897136445	-30.198654230564355
48.868475895569475	-83.06523763079792
10.292214057704857	61.6222073053283
-71.82487451445019	-30.457568584565276
13.040257809165196	36.76611990421442
37.686903943359624	15.61092320717809
49.75869427633907	47.26557861005631
-76.19003919996317	40.925209678626494
39.89652028885486	140.13734798841415
88.06437034593776	56.31440755557467
-45.45287029362464	27.78055663548087
-33.522091463101425	-55.27671026701723
-68.29273984365739	-34.12227280261975
-142.30207580581018	-10.52847301789042
-88.28775462045976	19.975705912640876
-144.93871867845598	-4.53116468781494
30.935697358237917	-30.1085633538412
136.70657118161296	27.023527532797477
-99.12099884606997	20.8285737583273
101.4900759095535	-99.11349162062572
-128.16070613530124	-17.874173028193777
12.983098977387275	75.61247448471023
8.352682091366162	93.23663677694667
-82.30442258687356	-96.19507727733506
18.715511389898133	-69.96046318742047
75.01074542382037	-98.4504926215271
-112.94702703339738	-5.425595209303885
38.70687048173623	-78.44846747654694
-3.0762741181591458	124.48523141168465
-130.1844052217831	-62.62890688970069
34.70967655030707	-138.48045017302175
93.43152495024812	-57.820822255990606
27.330247252603527	-124.80925566382042
63.73781684308294	-69.06546000533045
55.11078502965702	-47.144451045973305
-15.022711472341289	120.26960461269256
-35.35406462514495	71.10071558929855
25.251645997284694	-74.99612523974302
116.1806391479675	-54.44781984606809
53.09372238748315	-130.26941214652786
18.650848585241718	105.8272124035898
31.650670381450336	-1.5794265684785884
-83.86929060248161	-94.98034436601073
-129.10462147263377	17.57051966789406
141.75891523809085	-31.615301569582265
88.46382231249328	-67.39316752181644
-96.04234170590755	-61.69706266406829
-83.33494907009874	95.52246683172534
-104.60031995469903	20.94988521014478
-64.73835746039394	-21.286484628662198
-106.36524114999641	-83.6179991161739
-34.19507159913654	-114.477220224165
-66.5760208143572	-43.9301673756331
101.79843156474944	-106.82305173095567
110.43688904684343	80.39206148414686
83.80723773694706	-28.304515442971713
6.471296277757809	17.444471154741205
-28.17605711587328	144.15589516991008
26.325781742102702	-40.945148528773686
-73.62262444973446	44.70709122834938
-52.873292564370956	-36.757029230292524
-119.55089786369581	-76.47630504265183
58.63410888151128	63.990343895972636
-63.82099257602866	45.72337085898368
85.52763802829541	-53.63667125167303
139.72319267796067	53.47838757559832
-30.828819288728255	-103.8579154780578
-25.974898078124568	0.5181710116920195
117.25003996344849	19.711767660456143
-110.30836380597722	13.137050676689359
-32.07608253661569	26.75242625139717
-90.55442109655458	-104.28846840462367
12.891045269731313	42.58138580447091
-23.828394089307867	28.4890648739339
-106.37155104523221	-73.24732743628822
4.888718789438271	-103.7046958028163
-7.25783185752371	34.36414430046341
-21.973162968165788	-107.91982522282535
-91.71750431236404	20.9253638748237
-128.11402977740565	-13.272955613473536
-30.630893340800643	-8.220236698488051
41.29470445648149	78.95175415355702
-21.373728974970465	102.65893782044303
28.027266329577806	-107.921845095542
-115.97937536417766	49.263434624098934
-58.05361356089082	70.68437832817759
57.65433944167451	39.579133448902404
41.003299027945765	87.80681355254627
-76.10874812490222	-23.653150437033837
-125.71478558231806	15.282248642887774
32.50122851216878	-4.704961837359635
61.53804607113078	132.14648340881465
29.528633432508226	137.97133456667436
-30.729477751644847	-79.63929339845042
-38.49261623004057	29.765880496976827
-36.59016284852707	116.07519231856566
137.346148483045	50.042038319786606
-85.67730770202262	-116.5232191589362
29.768536796134846	-35.155290653296575
96.90052809371831	-12.022915662260907
-110.9454387203268	31.909728420875375
-94.31924595566178	-99.06246726254221
32.71899831535468	97.3048114027782
9.389280232770147	-102.72478313659597
-44.197645139420324	104.5987957809319
89.11412653970542	-116.19118087191724
42.03002673541856	-65.9096430471211
98.82321029319635	69.07287255350134
-94.94844051114214	-112.4817805805837
52.10387350997161	-86.50713331788126
-84.30000877546375	-13.450373198645302
-17.16896336439699	-79.1723678151942
24.62889672553439	118.67765449415475
-72.4572282363248	-72.9702855781555
-109.11234792675575	-83.94420350579588
-10.143325321989398	75.32619444287012
132.9360473942262	-69.18541641766517
-127.33287744795973	62.3609796378678
-24.952925287242486	-86.6787372787266
118.90013208019246	71.89065880545849
149.91093943983242	2.8428394705345355
141.20737060332453	-49.627777363745615
-17.660707790022524	-82.4182048349597
62.36381027238965	88.16582162243739
-101.58674803049139	-33.33262380831711
100.54159748805546	74.65768495047399
7.132923300841801	-39.91774372107742
-94.71422868804515	97.57469438231023
63.885438589088686	17.166111054056323
100.5936144924968	17.113524255792083
4.931061282999793	115.76143536149058
39.43863558258654	95.51775815440382
39.577735948081134	-1.0538116479781419
87.2054421651788	-26.892292451027544
73.00098337015795	-68.50448105970942
-78.19111286469948	70.02759054711731
147.31475039388323	15.727264290636677
-73.93226373243876	63.4137691670634
11.62591664555497	-116.68072239414428
40.97529191446391	30.71521442420131
26.906992972310398	65.80009420649685
-3.708319854742985	37.61134972879888
94.08357230544333	43.01678882141925
