-17.054033761214775	-113.62788020847618
77.28219229791657	-105.26579676819358
105.41544715271053	51.9336452133971
-18.48908707065053	148.22265429892028
-46.08646824989381	-76.71233798666326
24.91546845810873	-29.281861063151524
75.43392842358509	-55.103795803721894
-55.61767110516196	7.804395152112556
-16.814447642376752	44.2954934564485
-90.49363344733196	100.74525245458575
-73.82625004749286	44.5843227248435
-70.49304313796229	-42.46133023159027
-14.348999953024913	-66.20187692941022
143.499385903625	37.470261335752646
-24.52473527137081	-53.69207354802842
-23.693951176111796	-123.77664679312201
-25.52065518230009	-53.63616195110252
51.32938440415787	-92.81488867751976
109.41229291352806	-4.93200060198604
-86.86139427325817	106.72876995417323
54.799258270415336	85.44883169943742
71.986391048645	-115.43804415040852
76.9737325469958	21.775105878886016
28.141607623676418	60.236099331627514
137.32881617894145	-31.115318138355814
54.71397162910732	-40.61215785546927
-92.72834190817964	90.80005425085915
25.919616895705023	-37.98385509390385
39.01448315100946	70.19794584280193
43.261692724351114	-30.510846902093604
-84.95650686084267	43.75802730611063
-10.726255569666971	130.51940748639785
66.849090850497	-105.11185937080583
1.6073091671888333	72.69146398917648
-22.693249391020455	105.89569488390921
-98.800147012674	-26.1431881848974
-127.83037758889023	-20.992881843139763
-23.733036399203495	31.656621161409536
-106.17783566528207	-73.63830527295246
14.552901719134328	66.15830555422215
-6.612140494914955	121.68491582279499
-27.247763041070378	38.14620310966615
-128.08995692824215	17.3919306602986
-70.1110468672446	-104.51489175761115
-61.72849836080546	47.422992003038
-137.18948946902768	-37.02045649929678
98.86121847212807	-29.39009464369459
45.83508791085391	107.17172890092199
39.52051521610598	66.46134575051678
-91.70753428295652	-56.801643725788566
29.40683541098406	-7.952411701868197
-0.9398872701606801	-70.21938021683275
-2.5036521765660016	56.76541592877003
15.074015210539589	-64.92757474932233
-20.031751660526588	39.97428453985853
-39.3431499026027	72.6053158990651
-19.633805734387035	134.9830718654261
-93.54881662252829	-58.56908320708177
112.15563396559065	0.21852132167487304
98.93248824580321	12.91774223244323
-8.727201707675286	-127.2676805631795
133.32948723463903	51.928958284892325
-0.50760625759244	-128.64831827668823
-18.21695152480221	64.48435065905187
12.258388982321156	-40.84100233671219
-25.23984237541177	-25.75628985126112
19.400558867971256	-138.15578315042168
-91.16772865313278	23.3642884721444
25.74953919585357	-35.31886370523487
-46.09198981711223	135.69082144332012
-19.612335215151358	92.71973445920487
136.01027216622646	15.848527141340476
20.240154961936266	73.2963135621388
-36.622987395494796	64.69955703827785
60.46355765480338	-135.17993309945211
50.0917919256082	53.81560722033786
-139.21785190396378	-30.6981016074251
-14.775965015048214	93.9312499405246
-63.40805706347968	-41.12911477446008
104.36559485852533	-0.30166066745264264
29.84758946812382	-76.31667921253435
6.521039872290182	28.237011421133033
53.26533647058255	-26.800024125426305
-30.620898518994565	45.73123863404515
-60.19403001690015	-86.59199828463383
67.46831026130761	-25.37720671803131
30.738897125331835	-38.987064229710626
-20.67237181206971	6.417747724468171
48.884951347168325	44.96617682713844
-130.6005614681825	21.45601946176861
-88.32781873841353	-97.73597067819563
21.20818811402741	143.67129534809615
85.67486236794898	83.79461425727543
79.34727751234574	-17.554757587667492
41.96536517479558	-103.52487133973375
-82.22215887606815	-46.016215524111836
-43.4063481882889	-21.91728647635294
1.6778229313492632	-60.73240904433464
-1.1484552226491005	-126.58827495471522
64.5180289548715	132.63933196121408
-47.653952038616154	112.85090495600011
-75.33569974448127	-97.4227200336607
3.6282032110801894	-134.40434671107357
126.19332889602967	42.14551235336341
-32.38937939771854	-121.7687227911908
134.84869013521381	12.364715411658565
-23.54271006152581	104.8665301808525
54.348154280672475	-16.505507364406004
-119.10049117784395	52.46897084991938
-71.02357319242125	3.726175408709316
-9.286384543885172	-142.92583320225867
-34.86897750656352	-20.3103830503173
-18.772737067632313	54.32915717114711
-84.87548950203592	-53.821858247234545
-110.86164412618356	-31.372463830160868
77.0212599374669	80.49356848440735
-2.608267505218326	-74.28316881728266
-61.737437576174756	-49.6291853636617
84.36080190828437	35.522066917691134
59.241759815587294	75.61825088426225
92.99433426944549	99.95416917463439
29.002369136617766	13.615002308339209
33.61331273567508	129.65364449394767
-128.18983251358662	-64.1394562796025
94.87539608646075	91.13449789368556
26.667457970332872	138.18044657523689
106.35320648031191	-57.63373727528448
-37.9495412477943	-37.686044093533646
-111.46512179068797	-50.912661956352174
5.716383215184557	71.95020936174609
-117.63369641029479	-14.46188587998378
31.632344597497845	130.1483757946998
-65.4445551209825	-10.539422949796082
15.499733778433654	-139.35104566513743
-105.40530985652158	-98.67452150534427
-9.928656194490827	33.17907684475632
-36.93399389578718	-115.27901134552624
-66.41865905604153	89.48705602894535
2.012264982226746	38.57670164425131
-69.54554610012661	95.35082125604423
-100.73228279245394	1.9042199649194544
-2.84739103849958	-29.660285265425617
127.57197742659393	-11.879899703457294
148.92978812376538	-14.329531579420582
-29.809111168186316	-125.04456288331657
110.47094452688793	49.770029862075596
-134.96145572881616	-46.89406070410272
49.55885660453651	120.71180895791939
-70.01587808301842	115.72503203029741
-54.3472395971575	-12.48085080495525
-21.848345886222255	41.75323026129827
31.50474650134162	-138.86933905183164
139.01889246061543	34.21310349932166
-55.20849480548733	43.506801476752926
-25.236883179348304	-134.71435539462078
145.97457639528787	-16.697133587609553
-72.68809188315122	-25.030479534076047
33.99109323780402	-51.07431848640403
-79.87859893194307	4.317576147959205
119.72636418312301	-0.37730046798497174
109.59496970859516	-92.24776024528401
-76.68924069857215	-94.81801353365407
-66.373310970644	-16.26224284710611
78.42793858498572	-37.138388185951634
-45.158315067488665	-96.1617039542489
48.26732821752796	-38.476824112163605
-121.4770409453061	35.14807006160858
-121.59407136681416	44.489311564711386
107.82094751400062	-17.6769251373529
61.8383483313119	-98.1843542589926
-74.26033056552819	-18.77303488107088
63.211646265479196	-50.16502534913966
53.27937717696463	31.746370161403796
-83.08078614930469	71.10671232549818
-42.143643526332696	79.4011738502421
54.88014991605185	-50.214679970613545
-33.222326637330504	6.366001383500605
-108.37518583536206	22.18527676925925
32.18545044160921	26.402716656032595
-100.5996015949975	-78.60460820219977
-113.69136531138217	21.390295491064744
51.448851844615035	74.92678039452508
50.25999012451356	-110.7540295401741
-93.14704298074973	-69.23149035847106
99.36215534363576	-39.79228511251675
-144.89118671677664	-5.589144167134718
-101.60007728683135	-106.53467674650888
-78.91456083202321	107.97067079025828
-136.73262532952316	-24.817783342306694
-53.74178000775112	79.57364180056629
119.01176649754763	86.39858492085365
86.82723953756036	47.69017296358428
-73.78996353093758	115.61786511295406
121.5501644504277	79.63694720297944
45.48207618139228	120.98362441371245
27.34479382848009	48.28906873734261
-8.393792056199885	-139.29728874380035
-49.431910781716134	13.500327098746807
133.4767089353136	51.84262749150062
24.201703324560047	145.456171633793
