-35.86693436995608	-63.243986535816184
16.13359290368366	121.31327071103775
-14.736014024523133	66.58424391564316
16.824292592404078	61.94164520716466
-107.61844041604084	-66.79378840433552
36.371557339267326	-24.402064308207926
60.0362700401707	-14.754982246888323
19.79082256200353	47.280100981094634
14.72011043658448	90.6949851277276
-45.535504703565955	6.095898140050053
-97.5971066884222	-67.0678011643331
-145.02183758935752	5.325218268722052
-23.833804648109165	77.60333052468735
-7.173021825120154	-28.02994880575078
51.392603587018144	108.44208260028813
73.1176204759866	46.49728822155626
27.003139962197228	105.7181832480368
34.03292811567305	-26.892927484646535
26.555746390724522	87.95733723457646
-134.58922988447193	34.860831565246436
0.33571257357632234	81.99524924050829
106.31316425553253	-58.99873154441746
42.589722562489555	-121.78225322026907
-57.72810939667004	55.84957116757896
48.37942697411103	-121.47145545383465
107.5541620190849	-16.534257074396315
-73.04727443742928	-46.506802703715735
13.916661516472926	69.68673969052904
-44.59512696329151	62.28380789810744
-78.57611231760622	-10.832899223873603
-77.68756521969476	-46.67870642282139
55.07014197737175	-123.59980621395148
-125.93681907252402	23.445616804635005
135.65670917428585	38.13984121083695
53.61317332372843	23.151530788338537
98.86662361281202	-64.14276974203852
-59.0167125364496	-62.31251889277587
46.63733098413196	-133.0571492877956
-33.44168662088519	-77.84024980157936
109.86344360646383	-77.54834186858497
146.0301249950221	16.673824268756288
-136.29932203089228	39.86601177051208
95.8686540507223	107.52994853267161
-120.88869903293596	0.4094675664602201
77.92287959928989	-54.567218203497106
-71.11637787636906	51.31065904225912
42.64144719988906	36.33258465524852
10.661889059119414	62.30719445805784
-57.520152457468896	-2.2238032627742146
-50.81802218447718	-69.29233582673194
110.65107943058406	0.7329202558864988
-103.14928426570734	87.72364928388568
-46.33008090897279	-61.23543979199001
-46.3049989379107	-64.07385306675263
-75.12250557352873	-63.59250433534982
17.887590937731577	1.9529177842356094
30.2206300712541	-51.41724416216045
0.9153863894752622	-127.99227865662942
5.482642593201564	86.54227815599376
-55.88554774493598	15.75181059780947
128.9268181280299	-51.37334272717027
-94.57072661796772	-78.31375123922666
-2.7825563088587653	-78.42228655338802
-18.907081292572126	-142.68062591286377
-136.8476231239675	-51.87271577207083
-69.22025037843066	-8.3542574733802
126.3401448777564	-58.904091097080006
-76.27411994708702	0.24739622994421373
83.64064344428942	91.79844857628186
-56.193986291537456	-55.50928684751719
-83.77618056389109	108.90259262856983
67.55509617600616	20.048900630327257
-14.273294149774255	20.80397287532766
59.00083678620483	-12.647530764680239
-21.051295767013503	-99.49912269227386
-60.16636377304011	18.946699872843823
75.84273920944398	-60.64164319233838
-59.47402340798977	35.48559953006377
-17.24954474913351	-82.84959979786977
135.94321682835235	-54.293156267477954
41.99643874947689	9.684705029672767
72.93085186913258	-75.49194220309414
-35.486507480438505	134.8200394672936
-93.1535397048595	-6.028545596700886
-113.66305980461846	-95.75466535396602
-52.65791343348693	36.05275552148754
-29.966267853098632	9.103245498654804
-6.501229600753264	30.01265835776246
28.033221591024805	-115.45518356587512
27.75619926370394	88.2520687959404
-112.1174384580128	-42.43858272385564
-131.7850530535478	59.911762239866526
-108.99558049975414	-62.44381880902739
-128.6145544592927	-40.9705597721129
-50.12455121332453	55.01241080289517
-69.28779121823715	-41.123173346471745
-41.420229937686344	92.8554372290555
-13.009299044619125	20.259492418110348
-101.49258973176418	-5.837287834473539
-115.60602693560288	58.0629695279563
35.03904465889385	-85.22391890631133
-42.01127476004437	-112.85792153194713
64.09200663906302	36.68183536883386
107.60363703235598	19.236918133614033
-107.25219254786427	16.72750961352377
-78.53738306825086	66.24226850709492
61.7522484740569	105.02979429238704
44.92360203605518	133.17472872194352
119.58107283794071	71.21545194438298
29.49302632603404	1.1907668307031543
-25.014064606860444	-24.669703606046046
22.679174178435957	44.54107907992173
141.98090053282598	-12.048896637913705
-23.001773028238546	32.49337471964054
43.991010361080605	106.16504981223567
20.374069310258793	117.89794314554334
-66.86580994492688	-94.48508266936004
-118.06587764838982	50.64996414580424
88.20576057858479	9.966898416378632
108.28436074204896	66.5436207900075
-56.77227106775033	108.9921657736644
40.26898881199036	44.722308020778016
102.74694657220577	20.41070889427291
105.24583033762238	-85.3740119852231
-69.79098620255556	-77.96107911428184
-76.51569323363795	74.50635523585669
147.22619686539983	-9.809248431647898
73.75845968659742	-1.9022831556491324
-32.05994362912567	-122.39437721938366
-116.849848445275	-26.47277661860437
-113.40371682344865	-94.2042805854746
-89.71566504114728	-68.88975708850181
-3.755867146749608	48.8816909013602
-138.40575814599472	-53.850484750376964
57.099620671160956	46.735781146607195
72.43560315920682	35.418701860818864
-26.35445005980697	90.52722479572309
-20.842844158289115	130.94904448252774
2.993793435724496	-12.44175905119798
125.96008678695968	55.83492666665663
141.91624027241684	39.12857475353498
-115.59106998112215	58.233295158910295
-4.567021655883952	-16.585735007622624
143.97457605071315	-28.012021995149876
-3.750915958064267	12.908361880013448
118.77983562783919	33.10380701753926
2.125571535188225	-4.3280294553762495
-55.19581688792877	-61.570091097197015
69.567608370307	-109.68319108690284
135.87213109271363	52.013110112281396
6.646971666406052	23.301436447342272
111.89465656488395	-77.8636039141184
61.039580326580456	-83.1040204445458
-109.08225930601216	35.11285490192116
64.49727742161086	-70.87685385481349
-9.92395215996983	-86.3796032294172
23.986408840265053	-59.51378377560291
7.002710221540925	89.87681156699013
-16.573455028111752	140.38564409970553
5.963170494308412	-43.79742168747964
90.26785301213236	-116.41152087918789
12.66140228560117	-55.88233410814753
11.27634434175835	30.766864984003384
97.55703210066922	-52.434091270837115
148.2384488483378	-22.65060761223952
125.43422268383767	46.14872861513934
74.60708292200076	-62.18380925823046
8.498999421093362	-133.48014752864597
48.30109588225866	128.1863311257562
18.916894124090575	70.5031057615118
1.0824255632764768	32.44518613472604
137.6166931197602	38.52193935320221
-26.3699570215641	64.08320794546225
38.900147157713086	-97.66150803756399
16.10728337347366	69.01856968892353
9.223979369961855	89.0820128530731
-17.764218508962607	-118.59211138139815
-12.535571798409373	-110.43777042267452
-118.17694072120074	84.00686051591433
49.56554791424794	-77.74222042217326
-66.45201543409794	74.67755386247461
1.856342198969597	11.09808896690971
4.64052049834088	80.14856082148816
-3.042767817275311	127.82963772170922
60.13575108195475	111.88055011113637
48.075720769362825	40.73694269772452
90.4191550028657	118.28559041008523
13.34771303541081	99.87012016117689
8.786226159895996	-75.90500178249633
82.1978295557847	98.03258486563999
-110.12070250884608	38.129354187714256
61.5490935121487	80.12564888881694
-115.29081592659682	69.71443086671682
68.64101727206011	96.13571048307345
-61.68427016281681	134.03910760041285
109.2165460619999	82.18964497691616
18.281293717921812	-109.55608560912722
114.93593146520621	35.793451273319945
89.6711659204956	-60.79851530789952
5.520096058466191	-100.68815352351096
