110.63001528022546	17.434361310071694
-108.04729807106371	-76.57285050096473
-115.59859427121324	-15.226034900287807
-29.48840565924278	140.07618992471194
13.631655422569608	-45.54642698162261
-50.995321969533876	-134.94166259539017
102.96914004477249	-18.06231689370206
-35.941522849525015	-0.25013037652222053
128.742297586779	58.51660807575728
45.59788009258228	-21.98236808522862
-118.6794953522656	31.978207988265403
79.7726572794357	-2.9445241628938326
-48.610067229853044	-0.8835572679012932
-120.28151290173933	67.08077814629527
87.03338455100625	45.15205615745892
83.93886536999658	83.05113216224773
95.56198806477865	82.13467779280698
-70.9817040983427	-85.9767737625981
-129.8100693915755	-26.1358153076292
105.66522917214334	-9.351614951537806
-88.59646559972389	38.85816970961285
70.35088844887075	109.39034107697385
-14.092411434809483	67.18446168315634
46.14404385123308	-138.09596475412815
36.783864174222764	-73.42804086961004
21.791586353332434	19.9301009830654
110.02759216444144	-10.150560241858122
-49.41499555443	65.89638631452067
-37.53592661759115	46.43982205281868
-28.869565212398527	129.55262702763184
12.705260666370528	-114.53985389972004
106.77111485708592	-43.9557404080913
-24.652547869924703	-104.88138769822298
99.99195116692718	67.21170886305283
20.596202990212685	-142.57381292345747
15.217198219120636	-84.84504800501273
-70.31510821357308	-96.71230299747711
47.636756148195786	123.91318299247307
-67.62545512952	0.07954070492652297
125.80413008673682	26.35782247354039
-3.0506310425130625	92.61736916709918
-64.91335748427122	-121.30915384801433
-52.9908079634629	61.8986944380325
66.61781179948865	105.60675360845248
83.76328089957919	66.87975139812842
11.69116536162947	-129.33612354486058
-27.35445524072695	132.40886139373484
50.89757670700628	-11.893688382152769
-5.385762123659385	-76.69250287001071
-45.93398466399265	60.639621936233176
-17.604030944571296	26.616140841030585
92.67284037505712	113.8796335043867
-23.795487896501555	-109.47542519811033
-70.40650141305903	2.53137304230276
49.979483397414306	-101.1080491369141
-22.140259823562136	134.7621471891577
-32.02289161356762	50.639962191370394
-119.69888428287072	16.158711985346944
-15.62023694198961	-55.836645458661806
88.87684007873536	-105.98797233947272
70.39396658071894	-20.874160465695834
111.36934770047048	34.851972887029774
11.270256152564578	-16.478543578824596
3.605232728200591	3.644357132015421
123.08297085851876	-13.652876254791655
34.27988118351844	9.762000883978429
-26.270260620741393	63.87248567579239
145.3662256798342	-0.8600043457902062
1.3337815033998197	120.53259459097586
47.2361845106833	-60.51155713613993
62.09578831668809	-106.07512896467993
-13.624308931917469	148.87981728641287
-99.00556809257107	-2.6451924938529165
94.87184290753822	49.72898622848768
71.94003818283801	82.75679020178484
-38.12783910255523	46.490415275788926
90.98024208388082	-61.067690100409756
-62.548413470285645	-101.30814915542055
-83.19510294416358	-64.01079095550132
97.23197129671854	-30.257994794901702
12.623415440931428	-69.21273508795741
114.27213405059433	-4.025371183041897
-107.5362829025798	27.774173872853783
50.507826969396426	135.5064074021195
-80.92362301562956	41.35890165024378
-111.80712603263773	57.17941873268371
22.04753026142072	-130.91994090825452
-13.791663352546701	132.77265387476734
-110.92068806287737	-20.487687025856893
-98.56379565556104	65.85937827871413
-128.74498495544836	38.16264854314702
20.66860296099696	14.99897744890258
-63.94506522598514	-27.35062452361403
-72.45098810253072	-81.01571970018011
122.170004850739	38.73640431826399
43.60927777784478	46.4395510996931
126.34129314311511	59.9350066507701
31.23862527184576	102.83452101144692
83.40959493243706	39.493640796336955
-49.976260778515986	30.276016236794263
-5.76541527818276	112.10099073777837
-9.034661971320048	-132.871952358428
75.73399860276467	-36.16409951994684
-104.08976954758415	-18.315319424000844
-39.5843749977593	49.11283650715263
-71.33189777773453	-27.542490201770033
75.87310569128239	98.97980824504049
50.44687576131697	-138.56376410565397
-112.62425461784044	-33.10855605958441
117.63579452980092	19.231178405373026
-140.7614626097055	2.2718030870494506
-45.85432594601659	-44.54944554469364
81.04181781141041	108.35651870415622
-103.62495279312235	92.62724352596608
-20.500002162728848	123.23295100056781
-28.08185295562999	2.4340902155695523
-142.20965062532144	24.69835122070405
84.0871842125472	-79.19201456751952
52.88702020951278	-46.813467177923826
-14.80624305140305	103.60006970009242
-4.978302532645739	-112.96130316424137
28.410720372363592	31.52243344620139
-78.49284855449287	84.73871861269703
-80.4655102703235	86.47717607313068
75.63558942028713	-110.35774434298295
129.05305222646206	64.02822994384533
-101.46308366488273	-10.164637323708808
-72.60559165358904	31.901443394971587
-101.70777881538206	-70.3034619096168
39.643552559082075	-42.23555956709568
42.48700544756665	20.394249095382378
131.71370683646595	-16.158426331932585
-74.4886403867455	-117.68132551266461
11.759466595738415	-134.80553560252847
-113.34241575636521	84.62242722620454
73.82283431158179	-27.978827856440997
-58.52107568611289	103.45303578721033
17.371226877083185	-116.02590658131297
13.751449330359781	-28.442425562976513
-9.625868271133909	-21.95403231702449
7.782228362718364	-140.15846532309627
12.17968160131522	15.80715285595119
97.04464830069968	83.70485997657504
-91.48638927317617	-35.9689793878557
-16.072915593521394	25.080535687815274
88.2049224991673	-106.60794632684033
14.90996409703358	92.43936595653874
-64.31212779244645	-111.40198278864386
4.0641607483075335	106.0886497304937
68.14642399955606	122.1299662858809
36.93559656829423	99.6759977955646
-31.418638230111174	126.50203484752517
51.25514990990407	-104.27769575768717
132.58130471319214	-2.2752974098773957
-49.14188373871723	-6.137648982152292
64.14014501399703	62.107390442361364
25.61619060632921	-87.19777333162673
36.607222710915224	34.31396543630383
3.2498005095450355	141.93423281735141
74.00778217621718	-22.59462599188719
29.029281421527067	129.0852362941978
-94.93010962760269	-43.955617295195
116.85095406056482	-79.51165797796416
-30.578947589633234	-124.43398280795465
17.108790202309773	-129.43604998407892
0.18846650325453404	104.67115004894586
48.90544210633966	-79.78979643538072
-34.30722693895512	96.77289599407958
-104.80461053716554	-5.441923165646764
-36.05456834319905	5.04433572996273
-48.79949007370701	3.289734371195234
30.718057668471697	-74.62310045554747
-84.73532216586483	46.09677060032801
19.788881525337686	-33.49209982501243
88.55023930091858	-54.41402555441305
78.08133341739018	-83.49218132765951
127.04357771824681	-74.0080999707873
13.680948392327664	46.502694811044755
15.371746625505326	-134.097267014628
-121.19710170461033	42.05804030573733
44.26859920545857	-121.72683619329918
-105.8531343868538	88.40722981430834
-119.04305017035493	-86.90243824786005
90.68549359455672	78.68117522479274
-140.58456878595376	-11.522233978246659
-10.636354656177804	52.05748360737893
-72.85223258721645	6.899013650338791
21.295010964448927	-89.66733963859748
-9.110396728062568	40.69330268978739
22.42650778379246	-66.76391738306388
56.124238726896614	-137.4580837896382
82.94602529613014	-98.99590828369989
108.32827994670019	66.66705936209233
109.64475976493374	3.1836020266146146
-46.591422383578035	-53.947566252348665
49.578873225767275	17.001842999820404
-92.7521277732378	56.44626079887542
99.73140644756369	-69.89331751150489
-5.728217668584817	112.38332341981999
-11.008645333450156	101.1872587579843
