11.700031609224832	117.29248803974099
-143.49517893769473	16.010512095474393
-42.714377391869704	118.20267033133106
-107.58923514566507	-13.651923611743705
88.92189838977129	65.0313173705715
98.75925174073741	-56.31717970438096
-12.15098710285992	79.55715613203824
-86.03416908232322	-96.7501246680638
-72.61493494456457	-97.11727254821218
-0.16880594018696204	104.84728340656342
69.33824968321731	-1.4108022170820769
-137.57286355852114	14.190067855487651
2.0210251888772057	-66.6986957330074
65.35084130063154	13.098099052535227
7.139080827344617	56.959780318134115
117.97811727195713	92.19464208866162
-42.76961314408173	60.64839042302937
-5.235677312880587	-138.2942642136622
17.680240000315692	21.646879167991983
-107.92192201670191	65.33826471572175
8.68893654554163	24.627357806925517
17.195019920757723	117.2553183745729
73.78481749371298	23.37219161938678
-39.28828419773644	-1.969675585549925
39.53336777246536	67.89476606290641
-18.9382548980049	49.42579633898289
-44.09471044512855	54.830150987295134
17.455223083339188	123.11850545933565
-135.6175756865823	18.760868158315812
84.38508385445843	52.351888690938495
-25.81537716819554	-93.37506960654915
-26.381851276726366	98.47772434948325
-102.6858442879232	-7.340286948326999
54.58453829264278	48.01504967558332
147.19313062111667	24.249736337454355
-71.81597403966215	99.39206320020163
-61.61435444004324	-116.67165377498009
-94.78830511559457	31.10187553009109
-33.8906193468719	-126.37306436494221
-70.23829743773996	-102.18965798129567
-33.651811217509135	-132.20302939877936
19.046397776557445	-25.13044592386792
-3.892269267726787	31.63690202771161
113.04822269678967	5.204604139157767
87.86627839819879	28.34758302626942
26.542910837112906	131.7360293211486
47.00492528110499	38.9872452132304
-16.498271251629284	73.25071808684756
-77.7677110607791	-58.4340658388514
14.507317148150218	-141.0683102328221
30.341791204985082	45.444198123890835
-117.6995094516682	-60.05245115780688
118.83335879710116	-90.12183970017888
-5.7751885787982635	-129.78447917499764
62.43363737902795	92.10289564748498
-69.81358518062028	-87.68208135496499
-60.23404124950184	8.185953669886779
-0.40608216195442437	99.39522881874069
-107.58576009399933	-18.86337746725767
55.93274262830526	89.91678894539514
-20.299051591735516	45.8162753760334
-36.93153380232388	45.2793994863008
-38.56075875053335	64.65426399248236
90.89417459913284	58.93249356754135
-51.79049983972084	30.526045155624104
43.5249951478504	-66.17216574165633
46.36142633015767	-74.47493473469535
-107.82971891776795	58.59934355474966
86.3303304813934	6.855434345726754
-109.88070365344461	-60.19019164115014
-48.04079989308061	-33.0096443500217
49.529227356676984	-62.68418216401761
51.324303470427445	-82.9795251062509
12.029853715618884	-76.35764901672486
39.99287409741975	-50.39574646042794
1.1129207467840216	147.90461084182937
-110.8608899414937	-49.7867082976118
19.967183263382474	-8.802573888648057
-63.6570400384699	-12.436115407020894
93.44727137385938	-78.23228156550014
74.4736892617189	-49.26244890359922
96.76294784887412	45.80070523431253
115.6552168773502	-67.94812901163816
41.06776050880359	30.304906412125654
-98.11074958061904	69.28672110747263
1.2694284825542461	-104.9708529623446
64.35973274016874	30.619023342769296
-67.40103651568894	52.03143345565687
2.435377443637703	25.122792934690903
-40.80766571114171	-142.8817413798834
36.46559611446062	-39.32052765012817
14.219102744341509	-128.80638026633844
-94.53174267113721	-30.413814352065838
56.83563230349905	-85.45038297982033
71.23640982380101	-90.80855214195937
-143.1794866967811	3.837231597169341
68.79041147780234	-88.78206366144717
104.68062380366221	-84.29734656487157
137.43886519470638	7.332723799965456
88.26874138044697	-82.5837903751909
112.6608409500748	40.93420597594436
-42.48825498283841	132.69017281564047
-31.97347182163521	-11.364002305105824
4.263235676536431	119.63610961322195
76.94281996499356	-76.20877145630122
18.41503231497706	-75.11546776035263
-131.9660607717089	13.119742961615575
42.61667044354296	-69.769069959385
54.51711624414698	-120.66853485505784
-68.54317034065788	125.82794169445548
104.24535146899088	44.806744418574894
-112.51991825833875	-73.63579871405882
16.912080914267236	-74.69088294844423
53.212528978878105	-26.229719609100766
109.92894437423921	26.09125228457947
-80.6832776440008	55.4703129775553
-39.59176289689081	-89.30863791910805
-51.69920292939649	14.010297801746844
23.456791362641965	143.3048626193051
-40.848850069449334	-27.637766153766634
58.23465445141926	-56.26822398582664
96.9029484295561	-35.16903532945813
129.16454384283028	-5.955043081928016
-88.95385036148555	78.84700037341669
11.751384558559682	38.49065473461003
11.086494436206818	-29.963203167408935
-42.97352964192599	-104.89029673652195
0.3620241977302437	-16.52347810995326
-73.86521925203962	84.96907905850924
10.717349914794799	63.111225986878914
11.664832126606152	-64.34199724276935
-59.76352501392934	21.436291758364106
-49.72378424087147	-122.29696292548641
71.77290796874658	-74.24623548311581
-38.752731739108285	57.46438824180679
4.195002705205204	-37.42111847561166
-95.6340270077512	29.102421977124887
-80.41632181890365	-73.70431766324188
54.54536852946499	-101.85346491171919
-13.323421959663863	42.21409073338218
48.43863093599974	-77.94410871186992
24.346669581825687	84.64052072741077
-76.1290907114099	40.24098402396498
-22.41786933032408	139.6069801695187
89.85345049829128	9.222424746132543
119.4226063206748	8.872490981177531
47.45355757761622	132.66467370530756
-6.284323822526752	-8.223984602813509
-127.54756554894936	-20.36479708798351
-50.584445909164884	109.92154827678569
-134.3222292095782	49.34333201029255
-45.483521715789735	-90.32970679479048
112.63137974058314	-94.05867962550718
-5.855951715196749	102.13561111800897
28.002106409730274	-26.240750589119887
-111.19568758964837	69.95703947478613
-11.684446566570745	19.833999248724194
-133.96230521362645	-61.60864650283432
-2.1852289041686275	2.7808666950486556
-31.933148874102386	121.80007469921614
39.14428972753057	-28.467587553927785
-88.09647975508702	59.7081495810552
30.319949962904143	42.56268060331138
-103.51528131305965	46.849627616426034
-27.321315534673374	108.71809656042572
-39.069441836161765	-3.0592971454124855
-35.85036129537691	-44.84479266540036
126.15016561924439	12.253941878742513
28.780124767335458	-118.97054799348228
-79.14465526385533	16.18339917919176
-61.85637742976061	-16.685524697855595
80.13025325280039	93.75043624212836
-101.46402332838791	42.26721456297041
-75.15071532468151	3.681789177962288
143.48709196936548	37.84926463309558
41.16523339773174	82.55740025068609
-83.53776476895135	92.02967238376215
60.56120621456513	127.34391983433204
-62.68198046264437	132.37108182370855
102.60988273105288	-98.15120292210955
-81.810583442594	-81.42170462600392
-65.3245428683961	-21.011994631936073
80.911946729061	-119.6422407634442
12.44748184631787	147.74889410332858
11.759012753871662	-1.7800052386891614
27.340884939325374	140.53281703232216
-141.06606605863368	6.779546375401638
98.12389429225463	-22.75716330268504
-67.04708088379874	115.66868745419698
72.78288752813103	126.77792806140064
-69.61039243395628	45.88274075013826
11.031351082239551	102.28366367463623
-0.5607492740659852	-56.07220997442784
71.15611913243778	-38.90966323620313
87.69885651964323	-110.46121711299661
39.49108571432285	49.804107688621514
138.7444623202774	-44.11768958123371
-10.124952190521448	-111.66337273544607
6.464388102545525	-125.66918954614604
-89.43854108152442	-29.000945050367132
