-105.97752094620807	-67.47969768236291
-123.30982988178391	82.5674171304796
-23.533184177167556	48.0903288861279
-142.1559096744123	10.108424360432382
74.92469355068424	56.98127341552126
120.47937112828937	-38.16658711878203
-125.64044105455734	-51.43258326363836
-68.11722839392834	48.82315968869143
-41.29387642653153	108.21609344727557
-107.20751277997842	37.12522115011853
32.6794789622537	84.37575243015432
-103.98563107274946	34.61822407349434
-5.075465865358346	101.40348461590314
-88.4740802912059	-27.57050010311907
31.46498111083161	26.23008671849696
65.26278168946827	68.98609854462185
-61.646286970436975	-89.49840912240224
85.63173720580087	-9.027257735168437
66.19952038065708	36.90446081615651
-128.36453007417012	-24.036795257093367
-61.7143054744948	68.88241542004319
-63.31289365444021	91.76636384112763
-21.93402715673423	73.61278385490421
-28.784673359088202	49.401661756399214
-118.16679575302621	24.35439027031002
-51.36068931880127	124.34843483395058
-58.67339514598029	39.422251657463434
111.70295607207724	7.940864284699073
-47.558278207205724	66.89050040896973
112.11096399000894	63.53310284192083
-99.2282515656752	1.679892361840652
-72.20882332784821	16.252780718473257
-63.985428244092496	26.924244987125356
-133.58229471563251	6.430886581725432
-34.112830600615965	80.35497311897807
-124.20169224731843	-72.53824916801408
46.20036388543603	82.04405407199484
-56.997550389222965	-32.34768665408605
-34.928486089255095	105.67608635664776
80.56260559834833	-27.77493810044402
101.22649609251472	3.001852556629754
-118.89774332448461	11.674633536391026
-67.18190563318278	114.77773240506899
-122.18788752278859	-62.34177861457212
-10.37423195423292	134.74602711039503
3.1044770443430822	106.59456432310678
-127.2732677874868	-32.95008676561917
-123.11542431703187	-3.5336916810509162
-116.4918440734689	-72.93818233030193
-129.8873575446671	1.1770009362831908
-87.54384871114347	81.61679104596269
-88.12852285056836	-66.56297418712846
-106.30993616343784	-43.18231860245349
-28.65553146147966	118.00753362903853
-126.60756022641559	17.10801892558942
-73.23374411050554	80.25925619297674
-108.73798088388268	44.08684314884888
-106.06135195638255	-76.42226257711937
-122.29237524171977	36.17060610924517
-46.85855195576049	89.8167396941716
119.34789239477752	-7.8048372629111515
-128.220397576961	34.61992335742552
-84.64521683875732	-73.7507312051555
42.85611227429387	70.82683218491631
84.64513728197738	88.54495890968413
-110.90144068508333	37.10620083167396
-66.46665948078957	77.69299637642291
-93.3185641902665	-14.661889836323807
-103.56680974697075	-0.9375968191656412
87.53777029354649	32.28774737608397
-35.49485154715089	92.36002731307904
58.590119147659124	74.06130722669
-123.16056248091347	1.9336915808031712
-73.56635538118981	65.61113155730546
-110.78043547051165	20.2715593616484
-88.99626322210145	-6.005448784131543
100.12052612873073	24.289749200501337
-74.44208393356962	78.71796941387178
-92.44027638822631	48.00847361447721
50.32666642477398	-111.59923452778561
-90.31622406263573	46.93086511236638
29.72185946949403	102.45351789465802
42.916954483746075	64.59434336920937
-65.59248326551189	-121.62397296894909
-91.53362987895878	81.56628361020768
-100.72048756061005	69.26476296005562
-101.92884510603714	-58.91372934262589
-56.48625495810379	-74.74082457724373
-94.95829753067045	17.32799070611159
-98.23303705078527	-96.89119827092128
-106.23191206730814	12.86278552157445
40.664166807291295	39.92354603289097
-116.53343556313668	19.375367900534574
-80.54405972176903	86.5324957428326
-52.76591439194085	-90.90904419842362
-64.72270065953157	55.47594932085994
-105.45704227237663	79.65769536185711
51.83890177769972	3.00146940165435
-91.0780231319129	-90.41995673483268
-41.12263868049437	113.76962099677617
83.7412492762333	31.511653024969384
-90.86191434471887	73.92172263370102
-83.27224206540713	31.612024452591506
-27.20457139232868	56.72602708250836
76.33509361492506	-69.49744129423138
25.80427739471185	71.77121232597068
-128.44236299548123	-25.295658912563585
106.31995472769891	-52.30008969823764
-108.3767436331553	-2.192580351965626
-80.25965957770258	91.18231956582169
57.155235968823845	-68.71413493885109
-114.42031418980046	-24.259572785212246
31.159039963919337	66.7091861400695
80.12724898250251	78.78771284905089
-69.24301691718945	92.48718198211517
60.10694501557395	57.90356398317174
-118.77551216426151	-17.12593904946774
51.16768823219909	4.4697384412392145
-44.220478402303755	93.99491765454873
-116.35113687918664	56.846516305708576
93.55608942732289	42.22277935381705
-71.67551355146695	1.3271629449611873
-118.1342755810193	9.798436173697068
-126.07518266233802	33.95893949209482
-103.78593952360508	67.43556468158599
-89.04303347397463	2.717007853345407
123.77409599940165	60.359644916844445
-24.341702401477193	97.57965366570417
53.72178545442042	44.739913512681575
-130.7945131573021	51.37708563176581
-6.408820345096744	-137.17201534319327
-105.95865032550783	-97.16611673591957
-132.03760629273896	-8.50142255043464
89.3765595702258	18.906318876627854
-136.27971524724902	-46.90080279618421
-73.68047191538392	91.86597766866647
-101.87257942304737	-0.3690811996710844
-103.16449969564127	59.52484871929918
-135.8343950876682	-26.16221722069139
-141.335625654252	-26.9231362416177
-117.3864683165185	-33.01625456291518
-122.25916275807707	77.30743290934414
-29.462475923620804	104.8899608839153
58.86248979315562	27.52655918416957
-136.64973728891832	-1.554071749982741
-75.44397228355217	-80.31275722369087
13.95466090585526	134.64718420206555
95.75953611449958	20.86775546850986
-113.03393644138781	-35.562527355774705
-119.31847050899971	-21.89489048669551
-103.17318124850095	19.97705473533987
-122.79748599006462	56.457500498879
88.5412242432666	11.343407744795728
-104.78471031777813	-6.175696831037839
-99.72408487589782	41.93037022358918
68.48870651706082	-21.66148710966137
110.95920675108461	-2.8766345874296078
87.35957376170822	3.85903789180358
-17.452057442811597	77.87534029311908
-0.6660753879073217	107.00577666441164
-112.50311493296444	25.20460299708451
-43.60536290229185	78.47800765347357
114.23463829143695	-28.42861452221481
-108.46814610184394	76.65235125316615
32.531200818511415	112.71151339371153
-83.02676093274155	49.0323076507641
-131.29247374579163	-40.01922893907383
45.29520242682576	87.77714427739387
36.54067024614089	42.088817101838266
-132.7699805816795	-36.22474370865987
-53.95417483974383	-100.22463180272295
-31.514862108819166	-94.2617459300193
-15.003996236306383	84.74691308064523
93.6605033195048	46.45409568145568
46.57327216730251	35.66393960078308
-130.0003624241839	23.970280031280637
-40.78843827485576	117.49983192476994
-96.25290925427919	-43.38678171002107
-101.08459247622466	16.18099840004201
-102.69416202898519	15.612393808057947
-101.08815940595089	-86.7393331679162
-16.49101769950178	124.12298798921492
-82.4755831134198	-71.45948432621883
-122.03093968941111	24.382462473341988
-139.0619150873243	7.182565031428386
-45.250397688714926	87.46764073062725
-118.84889118552663	82.372709412188
78.75339010513626	35.2103698552298
-100.35678463183294	-25.38241894804445
-112.22702451309699	-51.446659947478025
-92.61735646180516	31.916866828925116
-95.98574635421957	81.86929591972458
55.5538224426682	51.94557833608194
57.20020266908259	-31.165229066635778
-49.816968086649894	-20.699860051694777
-121.31297268456235	-42.506737411356035
-122.71968727216982	-32.16952249102949
46.58014929436275	19.63695142753919
56.520425183143594	61.09781030910044
-125.97505919735194	34.76069144500497
