-102.5227488407948	-1.9335421123785117
98.67712069621271	-23.66296436357185
52.216122284780404	47.61919293405042
-124.47706320264679	13.041983342718307
-109.3508567469801	-24.040640654154995
-86.76882725988419	-78.57114737897827
72.98753888269948	80.5921395224736
-94.23890891437144	12.79160576373056
-120.21007812195009	-7.733725856075453
21.971803754101302	83.24576373625813
-117.81521044524547	-11.907810657563338
-92.78099302375743	-61.24943096831924
-80.23170439443597	-46.467315667798154
-134.88057108400693	-23.618415867546275
58.67567124973377	-72.67662046926822
-75.29454143478806	119.66992146402825
-135.76391924876643	11.692744398350817
-120.080445911735	10.525020834161959
-85.70666065385976	37.967659022450725
-8.108367403485548	115.37730735489167
-75.31905332569133	-44.30817623135645
18.79622180811353	114.69825880235989
-108.76997238979956	34.3567657883824
-73.57304845287622	114.29150130848994
17.10526457141088	101.98130212232802
-91.14477402253925	62.60494062611495
-107.14104502437003	-18.632600716645737
-75.47249069242795	101.2463784634759
-76.47533233139933	42.644057352935704
-116.9888778778188	-67.21005313245436
-114.16511777874933	-5.061433234056432
-87.2049775951064	55.9830673281812
-116.05364191846512	92.34929886942544
57.83368476501412	73.28976435711918
117.48702625385653	10.052349580098568
-93.90926275673587	36.78057551445471
-56.50814903141014	109.10632164882851
-88.16410292813855	56.054797191300175
-141.00418571717543	-6.683817443646229
-44.35714388748344	130.15427517186194
29.563570769809438	14.602563579531454
73.64191289441692	-12.62615044189303
25.017669225437412	112.32041900515885
-84.83843775443337	-6.332099720707848
-81.91425126429776	-4.328284546890718
-124.86099881080776	-29.263696333895865
-67.52641796841013	79.31362791267885
-76.31529420161192	71.47998108369235
34.56755911433403	96.40421546532866
-28.752675818190916	114.02807925818344
-110.33524723403454	5.53905222348068
-19.676039738508464	138.2775791123827
-47.45437830783875	-119.814926292089
84.09428828703699	37.95636246248267
84.25467615972906	12.018823211556063
-72.60439560060676	-65.97191946445227
52.09292905644377	25.062843195801644
-103.28042720348373	-65.87585332383443
-81.4577039435096	0.13256250839711786
-16.478857869811417	99.80882090109009
-108.2556617038463	7.9705738730730396
76.28654407705287	-66.96319425772728
33.768832308015746	79.46990667601231
-16.732481164522525	118.30948667142111
-90.94442005535032	44.51668729991557
99.4836193540565	23.618991336380496
17.514760165096252	89.06672336999527
72.51782524770037	-23.113732600541006
-43.45980345478632	78.7988300098068
-98.26430485748281	-72.74861321418982
-127.54495149515385	-31.853060655430006
21.59136489723387	75.37359533427623
-87.78336716549097	4.600195992929012
39.83026896688105	7.1215538193293275
-129.7696364303713	-1.7746974716584762
35.162692296424915	91.8831245133696
-69.28379527076599	27.795712586353375
92.18168099614005	-13.889786376930763
-51.21863795558823	77.52758482224475
-103.69495292332498	85.36085888005822
-4.549841312060475	135.69233844425753
-72.8184787719852	-107.65846088610242
89.31937325293117	-7.370643276515776
111.29651177714177	48.723312635314905
-121.91645095061499	4.0021641600208415
1.8273977092972953	118.02190834941679
-110.03117064942782	58.48890769416933
-121.90333456837139	-84.09948203582391
-122.450740565568	5.618833142010467
-123.49357495232354	3.5051383949508805
17.53052353208336	93.59188741333179
-14.85906289077476	-126.42691803420176
-87.99088356956115	-15.37809232089886
-56.312661817439476	-124.91819349041141
81.01072006356064	36.89776426402206
34.226203861462416	-45.57910585523507
33.10869927287971	36.67106546800841
-115.09375061760318	-66.84534977746728
-34.37640549943859	62.88396839847698
-105.5865128428303	87.08581303374065
34.11194060496868	51.86274040439322
10.168891532038355	67.19930855776249
-64.30643106126645	-115.32696563551049
-97.76125965780574	-77.91093954411171
-115.7110583562098	74.41928339680788
18.191973481452614	50.11751716856753
-135.3429950469809	53.61185322601491
47.32027733527105	16.446295741037517
-139.39862713058278	-23.8778478720129
101.77273466485389	-23.882621070136747
51.11268525671734	-23.02255220877916
90.55305448839817	3.676032483148934
55.44848649615665	78.37302860452535
-9.064713854589025	84.36798352104151
68.3024299929926	12.493779376413533
-91.1044481618412	94.52895473781219
-52.092127364688196	70.06932451936072
-108.03982336929369	-9.923246628146378
-98.86508317636257	-99.88859243770575
114.53872778075132	-58.36465672762605
-125.29195705293469	38.55880794195932
24.99250233098454	49.2933761630584
-93.62539597799521	0.02002479814874371
-116.01109897439174	-42.010366138186335
-71.80311070407016	26.17077140294221
-94.4093958078662	23.034583525001608
-68.61083768965597	79.95023067463013
-110.69181924008751	-1.878637877653332
-91.95633753020593	-25.267729185430753
-95.09252292006072	39.22147709721507
-91.66401816642069	80.59740515068304
48.0461073347503	82.72896332333599
-105.80310055895391	29.98599173221978
-46.18157324312981	103.32677926850813
-134.1442398256869	39.54038220681152
8.520524579821199	39.97003444960702
-67.71837560841578	120.97485731486738
-144.2843036495216	2.5778345075716462
-95.79643015552281	71.03647395359276
-72.76090684936342	102.36440126749687
60.81692003225093	77.6564273174774
19.594274399199655	75.29903292278867
-122.38619622998124	-8.711882462745685
-68.20539886371277	-83.47977504698936
-99.3456139974322	52.58888717274595
-54.12891778526644	101.64345500247309
-107.55589474895791	-84.80172219696897
103.46032436523491	7.688732043533343
71.96850720315273	-33.155363520656884
22.105650583629277	76.31859534853331
-29.992254372300717	-128.58177920278004
84.46708567473341	-89.35463132543613
-68.99515687935241	53.446045864969626
93.31715803013769	14.573224066647354
82.22654088035836	19.667973878544707
19.900535470917664	111.19800343876179
-61.17765753977522	119.09399996598957
-90.2354812513923	53.15810188186801
64.48886124689379	56.3750806021192
-110.11920337718976	-97.83365703374234
-103.12426615544847	-31.603493410215155
-139.01557269766863	-40.040313110727276
-103.50830849134137	85.29859651386336
38.430062298917825	74.08988905961027
28.002667220283755	61.27090546815403
-31.725707832934177	65.4552418677561
-139.15278276230202	23.120702131316914
-122.85574756016572	0.6133821315113611
-110.63689972199542	-27.158170836826994
2.1341961981497355	54.51431997489798
-122.89604296546483	11.800434592223738
-16.669470438185297	97.22006350482174
-28.3695996482372	125.62614377839292
99.88519899861431	36.969592085648095
-114.96793437479806	43.667144459141184
-119.5138561723735	-15.793010782991447
-21.861588940258052	88.53142385332791
-102.89132122401706	22.15937334612553
-88.96428516857428	89.37099236610153
88.06168056600671	73.01904341146482
19.587198024359996	133.79924686935829
80.71081262105149	-3.748820603282724
-5.276008245142805	-141.9562476050473
-79.69129471965903	-46.5414234117822
-86.12166772636431	25.780553424614546
-75.13458223968557	48.05065989253204
88.46483699962059	39.139277777385864
-27.920279550802572	103.95989982901017
41.197171478607935	75.32812208007279
-45.85860822888193	57.805208135437724
-49.621018858005314	46.53900674569461
-111.58527646450213	-94.43731667937335
43.12266805344537	44.8513835687225
-81.8436557704515	-116.01543801981092
64.75651099140991	81.74013336898146
32.97328586551349	-44.14471938517551
-24.90688565490397	68.81327592285548
-92.9325925342104	-55.7107172974861
76.55152764682336	63.76098258209633
108.53709000030891	56.15771214786154
