-86.6989230833599	-0.7936850109634346
-116.4552168609938	-92.2901281611704
-15.764523932781609	72.7807645443607
50.95021449174615	53.15575156080456
-127.34346962834654	-15.470993128675683
-82.1451411489836	14.856688310893755
56.486594005943005	81.12645855688183
-135.56426298213464	-62.08058514097173
-47.48917751523295	44.91841025611661
90.89622568371175	18.673774963065657
-80.10500865855072	99.56376834787139
-131.8091973994468	-18.62701215057182
109.28008152502565	-8.274309263822222
-100.00275052070428	20.682955012540752
-23.420954987330784	83.60746972568035
-138.4613400205769	-5.764638979408625
-67.30916034491061	-80.06420026017074
-16.263976191590196	100.04678664078979
-20.977337604259965	81.99593069410882
-65.84863485467551	57.840497181342066
41.78709622950813	60.655294283684746
-18.966396006872298	113.33229652128111
-52.39712168829903	67.53314209098048
-122.78558530517519	-16.897928507630084
-59.652324663469116	91.73597587165116
-105.94525499173444	47.76823616392635
68.48925210942157	-15.727796097131908
-54.08345688283789	-46.31546304888352
-126.1921100953905	-39.23525576479892
-120.29277019568215	21.011342685554872
66.70999240763405	49.593441160790846
-98.40500387915998	-33.91068096881897
-45.717597476094646	77.9887250613542
-94.3485092208662	-68.25383440243876
-80.81564810976296	46.13531562005265
-138.07184880814052	8.753959749682515
47.55820475851009	68.54352717965143
66.23448494703347	81.62934317509594
-112.31561014588439	22.613561805940783
-70.83437367945244	37.33323957267583
-78.00487395052593	-106.90504159380072
-115.28939999722611	-70.71258386177885
-123.93280263920605	-68.72840512288366
-95.23761720554273	41.66610096196613
-20.202659183951507	65.34952708058165
117.52421136850036	38.54486531146382
-73.7687551320543	-91.3631223261557
-116.68694581719359	13.100298617848852
-118.81572719545272	46.230668434238616
-126.27198623061406	12.91078196560337
100.42625069887586	26.806114133862934
94.82277628900437	39.48654906255833
-61.80325844711822	79.37981432922189
98.53600339779014	-14.165690660981495
-27.21964540712705	102.56226209204377
-11.165573995018539	78.59208863229968
73.88609298067331	45.1439696570006
-88.85210177775055	66.51188428179027
108.43984108278508	-33.11728529953072
76.32138957189785	64.41983039135685
-107.20454218674628	-24.434600386801915
-96.02032401913227	59.18290640606376
-139.673201945158	23.569134062942837
-104.59884085449588	-79.2080690879533
-103.809220775791	-41.58993996357025
40.94958890869337	-4.771258115112962
-138.96976691363906	-39.19021311425624
-142.67971640778154	36.17288708177392
-87.83548909144693	-19.09293616992792
111.63572030593	40.66881155004808
-116.28348050624005	18.13095452742778
-85.04181865886763	93.38688931685208
-62.949638812414236	74.16110142334054
-119.34992740309559	33.99765727809553
-108.73496876361524	-82.1778828370369
129.4758368946303	59.8053375565692
-94.34189360147876	-1.8527704355933137
-133.15826489561468	-19.435192750683072
77.38419084070424	-79.1917723714701
-75.52138275659014	7.527158698221584
96.4457895740036	6.950735613496979
-43.44323376807341	68.9985885986405
-27.864518487086677	66.81356778847768
98.89137720570325	76.5363030545362
-79.90195205664989	102.81598726565662
-65.79719008736953	50.455870093817815
-68.60649631846769	104.36725580673077
88.54245874785758	-2.9605978014688032
-102.70582195480502	-46.13777210149598
-70.22396470403179	119.84474088629659
-118.09698852767674	48.4519652588649
-125.94115808780757	6.961855763958188
-76.46542465052293	114.94668280869986
-98.52265604028638	-24.875825152738464
103.64241468756902	-27.125988347280636
55.25105626150006	32.190141774338095
-127.0933400783062	70.19406561634925
-128.42638775071205	58.191579971961815
-119.69178712292418	-4.9546255493420635
-116.37941389244007	15.260834662758981
-93.13755046211139	96.62349250939013
-90.08621396535511	-48.29400823526023
-96.13845587657211	-12.369892320554934
-104.68530381117563	22.97318766000947
40.456429337141664	-24.774384084512842
-62.111044619118616	89.03815105903577
-104.40885318034933	5.393835735588169
-70.93883492482263	52.04107630164346
-41.763960485226065	101.07595381730914
66.3333223153724	-82.59257210013521
-127.79701101939271	-1.1583574757372224
-69.65762659128964	68.98552658909693
-116.13593145962417	-5.0951381258344
-66.60316855414533	64.89573979419096
4.804280982182442	121.57626268599734
-72.734922696923	-39.741271405286824
-98.44632759820692	0.49382335417364354
-85.99702756425467	-67.57692356809292
-93.61392952339342	77.35869658471567
-118.11727843256374	18.968982648338006
61.93496730744377	98.16413904209479
-60.32035411601953	-43.83568863449795
-122.95170413568181	1.993964651676883
76.29333993831865	39.483802644649685
-121.10529973004111	-56.14310675294216
-115.44170167395714	-75.55484294932873
51.91034524374663	59.99247733266135
73.56926993862882	13.509560337722881
-90.03228426304835	-9.130709465598578
80.80159467867867	74.35393507283614
15.02564081165332	90.43812037985106
-108.23450133508825	40.33167126829763
-65.15714504672596	-108.54810320276238
31.73215766235466	68.01090098021636
-21.37879801321071	-7.518885607628666
-103.83348213368778	-46.96051031812812
101.4539909770726	44.643196502192865
-131.32425125605155	34.95968123519187
50.59329876493269	15.385531595908159
44.21444953008649	101.98603052221661
-138.74664042768472	-22.205841978790634
-62.750470891794635	112.87146161892926
-60.85624126611988	-119.15782622680659
74.84271528921496	37.22987848388416
6.924179127892692	70.411124450749
115.98329026945102	-7.144098706458541
65.04172880391486	-77.30681459462089
66.72977558395927	41.10699349698402
29.258650184657817	61.25276800924562
62.273981704532424	27.267180954027754
26.505647761416146	100.14483294135678
-86.82097599336105	64.4798122577033
-136.6314509144222	-1.1315229697047235
79.14177741670562	56.50714941178583
-22.55588372670469	50.89853844570889
-95.98340241777134	10.739950354819111
-103.00685011611483	101.71564503568885
-134.3628920886701	11.203390570355815
125.02033647335324	48.220684785871036
84.88262799728214	37.54998574640956
-67.39528787624381	-113.9661558367245
41.96697411236826	23.149785521877114
-55.20159265484677	-24.812400801551327
89.34143761550685	84.28374816862164
-31.72040534541117	94.14251603076278
-121.6603339464703	42.582109560805876
-54.68620258782486	79.97323401581278
-118.57945939406412	-37.57899645740566
-20.786862456904732	-118.09986984156659
33.34772113968302	-24.27251178987388
34.16277770246222	125.01171160900086
-64.01459054093917	85.44102796606677
104.57338186209005	29.957533152814214
-121.66576372859818	-11.59732977474803
105.50257780508333	-16.223083073162876
-109.33793432773983	85.27650761557268
-59.15835789297647	48.68876415866207
9.61437232133315	92.96739175580228
-37.98447797244939	74.2268091621882
-33.66898647184807	64.42953264637568
80.03308179203516	14.864341596889172
-127.56917413948047	-19.478172213909314
-85.33948800934711	-110.69396395877247
-119.0565006840425	39.50614506131382
-91.13265162104545	90.65725857451115
-91.58791611315934	-17.852915139983843
-25.788281747836777	96.12311805465414
-121.10657011158449	-69.21365300892246
-46.4600555450468	-110.9680406991841
-55.94781878994802	70.33256900035242
-123.6574532609738	31.77998732472475
-90.02194077904484	-106.08247391185662
-117.5524122026692	-31.570965191930846
-124.3047485962046	-49.062834925867286
122.00845215604535	33.822954539775814
-142.91761882210307	2.6263753408497594
-117.27423706550911	-6.323468570090982
44.63943508791015	67.87151939813573
-82.12662272035159	-63.2163961209321
-36.98653672056645	64.44410982553366
