-103.11933599999622	-25.848004409363934
-71.79085376091882	97.11064519567147
106.0053241968525	-13.297611249869677
-59.05141830765056	1.9530615440794867
-68.50119543928194	64.49981503980712
-90.13257304549956	84.6924132273957
70.86938299968989	27.83012605737604
-93.87570148028612	-50.68687791817401
-114.32178348961799	-74.23823077297604
67.41111471407912	89.20096689512903
-106.30131029118535	-66.42477280185805
-78.29079999350898	-82.30292875341618
-4.128842504372716	68.28248266492373
-102.81973801256689	1.063013657257197
-91.48805333300713	90.96494623452591
81.79700211586704	4.394173189761423
-130.7973790148891	35.283115363307175
-116.61496785813493	-30.463929201765634
64.91120144752418	-11.820031679148821
-33.5331083725305	37.70753149343544
-128.7087817975069	72.44306556504043
-95.86380208130463	69.07854703328623
-111.98623151968575	-66.9387980959589
-73.80632087682517	111.29845201094037
93.45258604351758	1.009464593807545
18.134240403344027	48.96724428527781
-15.298254737955235	76.22811982323603
-126.58678870379357	-67.29567797554907
-112.8971288770489	1.360838616096014
-144.48928369575745	22.243028683100032
74.76234548988171	95.6179795598925
-127.69471339268406	-40.14141576713767
-92.4457054498804	-18.243674303126294
98.45101750555239	-22.95148691403785
-104.90346907515566	-46.465768224927885
-95.97963949091057	103.08552285792258
-82.43766995990018	-95.3792015707924
-122.30265938391227	78.08781887726208
-92.60817338209783	-43.5835267219374
45.69010500843851	81.18475060240631
-117.28793404004075	-5.195898261776457
-74.33180062873598	86.23365299099619
-33.97847132439659	78.22950625760083
-115.14056777654113	69.08666657534683
-68.2171670386934	-115.79641532483268
-112.56667685763287	9.612003732058485
-77.46602111201966	-51.75070438417828
-125.8691713097383	0.24023191976270156
55.30234864137556	-97.35269895124155
32.481397822288564	78.20858955449692
78.19960230026953	-90.4295913681335
-63.06874095587694	-68.37151359083131
44.10828187755376	-15.69790882578955
-68.51046631681622	59.977010271335885
-71.49787217053691	14.20058645391687
-121.90856166252564	85.9165962446234
-134.00431700981855	-16.74283035815124
-102.79654509275824	48.07234627453379
-57.60679949192649	59.012316013427125
-17.55288259811954	94.71789334015405
46.259497556133304	88.20735764597495
11.276612909880528	91.77364818197594
101.16089018225202	-35.153053779616116
-98.96037440552696	-54.772370261621546
-107.45952966657602	34.5548709749003
-115.61666120737281	44.24970030155953
-121.94958891796207	24.782694459132365
69.09641698218977	-30.858166835359924
-117.41388776900935	-80.72287779228687
-102.13512937776055	72.40955604545357
34.00495437389962	97.03214240647576
-1.6491446540455825	103.6766531503954
-90.276613916662	27.87605962874931
-136.24478810014796	-51.97210371552082
-59.690635910576376	77.66753134547581
82.373780782452	46.63436893007767
126.27606111070955	24.31884497553942
120.55332547350507	-21.082031149023248
-107.45859694163278	-5.275194133374769
93.30754601248933	-15.345993805675388
-89.28567030234541	-53.06079383029892
-88.04879855782971	-109.8566654772624
-89.23455234015671	-91.15253053184063
-30.523080723071246	100.27897223561182
-100.43120117056966	47.09452260140465
-58.82174893046789	92.6113051484349
69.6072092440149	17.80819974431837
-92.40269136780624	91.78805359130254
-12.920771960406135	113.72138288990178
-49.35571774217354	85.07659697687696
33.39456708933392	80.6376529753057
86.5156827239065	-0.40981269532841524
116.40750493703216	10.901692626170153
4.7879491817251925	103.67071580623137
-57.2179016534441	46.940529919341024
32.63696024472352	18.747969118486758
95.7842318567816	36.20463953381799
67.56370081866059	-48.68856110184545
-58.19904345700274	110.81936556088019
24.61308334717475	45.823069827261534
-139.3688236550661	-31.0583819675804
-70.12061028796286	72.9670872588529
-38.38109554265699	127.17548242354394
-111.2334851707744	82.62009694080241
-126.20218258593383	-64.78805540860483
-75.3309920393204	92.09379223938683
88.18401101753867	-24.23281067143116
-88.45041719595093	99.33855671182474
59.974678184805434	41.782085388635174
-130.5678681805948	3.210660548177321
98.62799520973303	-22.59411482341946
22.344973172468396	32.723083154829794
-128.70107349610882	0.003877012441252036
-32.67004538179674	86.84322231355506
-133.76969439252	11.24354716279144
-18.139195650398296	127.74117826602938
-46.6398115537084	61.61463390072765
129.33814601018352	-21.59495702633205
114.40104104183585	5.032246050974205
-78.30516381075708	57.46583791741886
19.478450892397795	105.06670149975953
-90.58699974967733	-38.755079894154626
-101.36891637576039	-32.781918891724814
-48.261229271281806	110.47848872825841
71.70068121602982	50.501603973751884
-96.55396075691567	-7.67804765557357
-84.11891599494916	117.96658887523503
-103.0097537670757	31.81041779800438
-76.87274120800356	-100.68159065098322
-60.09079693287658	-88.08156167998354
-106.83509192760525	-52.674417482356105
46.5804755910342	30.149902807843514
21.65855648814824	60.90090988255894
-68.9074628718305	63.60008377936451
0.9349170040785181	108.93355091380597
-127.44209480254119	-19.12653874396654
108.3108391116789	-2.1485180559502224
-25.152366669574164	71.35952439701221
-112.6317630440403	48.5014572624896
66.20436026526632	21.602625895782996
-79.60727401439253	-17.774391237379646
-112.38826903135573	-47.701097937940744
-65.80539888161232	59.195146539748215
127.90873938008029	-10.30796653174608
-82.27709937053362	67.23338878588916
-70.71582373466156	104.69973226604128
11.32913780809672	54.966803254592875
51.4359639977289	21.341630145232322
13.550372134702455	97.99070194772763
-107.46062359935559	-70.79532010270414
109.85264826563002	56.371697415977934
-74.33514738367896	91.00482913928995
-109.04178961144653	73.94271065689298
-131.71785224951932	-9.35548747560954
5.919243376405805	109.12567906340956
-121.03659281259958	-70.0062073999262
111.06332074648928	2.7222030861254325
-122.35099020515247	38.977338248996936
-33.92544486919486	72.6291990074982
34.10972697311974	70.45395226883194
79.68232278375623	77.40882045857411
-34.352903851036935	71.45150265947683
54.62385761951991	68.90160275569791
-104.78501829801147	-95.73235961493607
44.467849605831354	8.597572747934505
-34.21892968648434	101.10116273517305
-54.16654935118384	-36.71647657806567
-104.40488459007182	-21.84982851378342
-73.75403344980941	21.67056446102351
31.90375099597496	84.60596904005259
57.94059577202044	80.271289237787
-52.135532445296455	40.052055860594955
-111.43987995895132	-71.78142185927334
-138.201048106807	-53.8930016145915
100.28113039805305	68.60343519212798
101.73981908452016	-18.074989076288222
-64.18669082913357	2.66494103301054
25.943477727590853	83.61501989831282
-87.25426916515904	-8.594455456391175
-131.69343911858257	14.125140137816468
-104.21751879292758	37.65476688892101
-94.96445627338217	-69.75494106824145
-74.65872389283403	95.23118607577648
72.44236283834137	84.13483256621748
-145.06646058061582	17.56043558071279
29.034781811283455	63.46421373523986
-100.39813767062894	-8.350621776378938
-40.22009127261462	86.65705062983734
-84.21666857835498	-42.82993985778791
-101.28620510544438	-18.090009365946983
84.58948536147327	-41.51611283375432
113.93615419435739	27.71005767558156
-88.77101528578565	20.314161330228277
-76.00170769249249	52.50818763867707
-58.50831305116723	107.57447361297116
-4.454987823923415	80.69947155994026
-68.15936277954309	-113.20834709879439
73.51238550430917	-8.641392252408295
-124.28668009070934	14.133145279601818
115.2648399766567	17.656766485559448
