-73.69231277758908	-93.67423691414879
-127.4184599226359	26.961362697806795
56.76187615190747	-76.8717506384479
66.98517971605814	79.85343197722979
97.86547585410727	21.3348071614948
-94.5899384245699	-25.616704884986646
-87.248455003881	-15.594638082228697
-77.03986959076455	-86.05148866667751
-53.84111840547205	63.061612758279715
-110.35537661899185	-89.18213912404876
-67.86591008859733	56.49136391734132
-61.177252781255724	106.83198044792107
81.9001682742035	-36.36905860472734
-122.16742110543406	24.11514738915339
123.18025947138605	-30.301172094363892
21.26123897949472	-118.53493042937802
92.06488207370849	7.110224089235272
-50.32447062382767	70.67395938432365
-127.2788822832507	-65.97071266756251
-99.73139760191088	13.021205619474019
-128.37284876754916	27.089158116525486
30.85979953095185	76.41403154669915
-80.81652004369572	55.75476860733785
-140.01635110569555	-18.11420006279867
-45.774991676137574	84.30737221416994
103.99241889581712	17.456049408778203
23.600267084962546	-102.93533387756588
56.99045176946536	59.17809431071638
-6.48010602722894	125.03326720880725
-128.80634236158377	-27.568950740749496
-95.08453030556473	65.83245053179228
-33.39619798130923	111.71294662398411
73.20610431746083	81.24588814749333
-15.765598359522722	108.29310138996405
48.15621792774478	132.27368988087022
-118.5687496198549	-82.7062768640732
45.18263597000317	46.05808607050575
-90.92156032933309	53.56958066464995
-111.169345574568	-83.84916543585551
7.733912209822655	107.477005123753
117.86306005158072	-29.814636068168717
102.04910420466281	5.437601440704877
-17.280202656026564	114.18861870185786
96.10360535217303	-15.318892770607421
6.318045435923408	110.92251032196447
-135.85430916600166	38.2952282586217
-132.64308258107292	-6.316549814557751
16.855841230523737	75.39216499151645
-94.9388414516599	66.20800659583699
-96.02044947800243	-99.36061325422695
102.85396015989409	82.43778649670824
-32.30641293051457	106.22465466379194
-120.48577682643274	31.606096449715093
-106.28313614276318	2.3385112163050046
-110.88483024492103	-45.510455671807016
-52.7708749819713	102.81618519583769
-4.434304389329158	67.14813289432988
78.21658528645352	40.85482322504284
-92.33598302992114	-62.3146003560801
-91.67276458048612	93.2187421965335
-105.69925002318126	28.379314662007577
-78.83892941720147	-18.299358754342435
-101.75367269008491	-53.772244206191736
-142.3812903143496	-27.48682805514366
-107.01246221314598	-92.70291460105199
104.7723517534197	-2.121495194310908
-46.14896998638553	43.428114175381346
132.59584340448367	-0.36082126265046094
-97.72503296529621	-26.730496772618128
-110.61617365854215	41.276400819160564
102.4467224552244	17.3406461598646
0.5846779676874624	66.8301727304896
-80.91686923934381	60.40647542332147
-2.7492189629983437	87.00069698127471
-131.08555231642515	62.19960409962643
-66.4396694907166	64.71066912942946
-30.287831773710572	60.903989221417085
20.725273309261798	54.274064138060815
-140.62409140953216	-9.038327224021334
-103.06825682926771	9.009386860365707
105.6289910918062	53.24650027457733
2.3354008914926307	76.47195824640531
44.956930584638435	43.574532320221735
-45.909327297364904	96.17499322261754
-133.6092443204136	-46.40641265423761
-18.731081555925268	60.70037834377777
-101.78438855671354	-89.12568402618702
78.19914253852673	23.995883421997405
-134.76879240927568	-33.31736946969071
16.931361832359386	78.20746400548339
-72.3927229152995	-125.03937154005952
-80.9942271860831	-46.191631081219285
-92.84003369258109	-64.86886158542849
2.81629306017194	85.32585256014798
-129.0973893314245	-54.24053556145269
74.47362875444172	110.86566370735508
25.437007009718304	82.94841814953014
102.1251444980525	-9.242701019625331
-100.64013388509755	28.66112468796618
-107.27941660404437	27.969423759023122
93.71596756995993	55.428329664927794
50.82640810756316	1.7596219919406784
-105.980258219708	-67.9295470610711
64.15777752359766	-39.057686714423184
61.356291297483516	56.150455273007246
99.03201824547936	20.117903393521054
-118.87090461714068	-51.686208330968526
-23.468756564426577	77.22892074556901
88.82812239593288	-71.85552100182935
26.77405536869536	4.711347728675421
-67.47288044454663	65.24065777849748
-88.56839443542108	-116.79381605129818
-127.98076286899207	62.917252577780005
-115.62744002041565	39.841102977452955
-48.937870715175166	94.21045692727917
-100.22525642096107	-17.538368488631694
-141.1601747029307	-8.676676612595552
38.010017486000685	108.19963653654796
79.61299675269854	71.05361648641765
-122.33922043116239	-20.945032939091433
-74.70906788772855	-76.36572607894455
-102.28918367641126	-4.580925007875675
-48.905399731683396	64.5301788514322
-98.59819646133013	73.49461626859232
-122.45549842632984	24.38379457225361
-14.75926435839417	81.85244791485387
-95.8569998526714	40.66312222945235
86.36721406776678	24.80917231861483
-8.475758067215004	69.40589144024476
64.64093819354984	108.43150179683259
49.556865954251364	70.68537152777725
63.38704761857383	-45.36605962723889
-110.69537298628617	-25.576829603409955
-60.721787439993605	65.2187730004691
-104.00157542996558	-81.8061199439242
-116.17366874048079	-75.261740316876
36.42190428035025	67.73933199643547
-115.94332899050029	55.96586851011283
-107.13137551636207	78.88925644815002
-8.457144249860846	104.20520237536017
-28.894177262011496	-124.11102991213441
-76.4579867127578	41.29096850117307
54.399828826806164	66.80861136126838
-123.5997279757277	60.351738467282765
-35.702571500714924	88.08020964992102
-60.05350555443217	-129.09339635415844
-46.74547853692512	100.63108555807847
-76.28060418602105	73.5368085144044
-104.41192013653742	-100.1084143702992
-121.44893938288588	-45.70468129109731
67.12464244592786	21.598355051389227
74.86336530934398	-76.07930866276263
110.55924734333168	11.923931774242364
-21.012507557398216	-111.96178161041854
-19.327756655123643	41.488378802792106
59.334208551446686	-13.062049453356364
33.403192076552145	30.10058879056295
-116.07038826426637	-77.26822359129918
-77.07319936240555	-17.96653721707001
-24.395051954723044	65.15058535424455
-89.2551690611948	-66.91515413805959
-87.45248824333731	-6.971128642152619
-133.24615696854812	-4.049926369284202
-90.28946674185981	-13.598274958753638
-37.66771032891581	-127.98541771621849
-119.16768625454323	-64.83466228973276
-30.456352031574692	107.58483256873492
27.89270318871023	45.75025543726088
-55.23422053067585	67.28359982710744
-89.27867353942473	-107.73399340039543
-129.42408923987543	-25.816359693832645
54.206151376599685	7.328895602174191
53.63544528608019	-19.30135072117636
-106.10212437322303	6.826090941979337
-137.94985309694982	13.329431002739355
-14.476087365616074	57.77810968066508
43.3654495404917	107.54417883278165
73.19715276903923	22.283167771530398
-119.83298625163533	31.55541021330445
47.966638098911275	9.542829597439573
-101.32090997114918	26.851764484000334
-21.646744581188045	137.58233047538604
-10.229037167397374	60.649185867014495
-79.90778173022933	-99.01175684585702
-102.3184307785376	4.460973772284229
-132.9211490613209	-15.690829245010804
-86.14990247109624	3.020253760603875
-90.33241638891774	-87.21983788541503
99.0637000544528	21.515058516089002
7.3678644096323245	73.48767314923127
-117.79406998837987	-40.54799120420644
86.3085508096144	79.02646713709363
-97.58849569083108	-19.997916260328623
-15.438242809453774	71.30422831246912
-121.93153963649695	-17.76741097251799
-69.66623859236816	-47.206831927074916
-138.90414486923905	-28.32787054013056
-131.5776746222308	27.554001615956768
-106.92069838678808	-9.322371908915553
-13.734630958007905	85.6481969301446
