-99.63447303763998	-100.98393526493682
29.99646045605242	-123.86486490579192
-130.01338187447448	8.30107003232234
31.90690357236841	-119.9645179695349
64.99143312599035	-52.049646215693805
25.524701014602226	-1.5492505262527054
113.06743100058843	-25.761278033641833
0.7391679748126961	86.27163905403496
-60.38905237383378	-50.60826115889537
-76.84829676418802	96.69670668106886
-27.68305123352124	-84.9400806177145
45.938951286608045	140.8161687121435
-24.025208073850255	140.72709127693864
31.196160448433055	-6.065896710042228
-37.889148403548894	-30.173712192650477
34.350018205020675	106.0899731137683
-19.412966209306205	15.372270639334124
-62.780819936089244	78.01226099698394
10.697124343627591	94.81450160757086
113.02961966382048	44.16346789658354
98.71025163248683	-12.896268371196765
-40.09023845610645	42.06698990178295
-60.861920274788616	-18.011651019494845
-76.42982139914089	52.51796875191706
-18.847350901830445	-72.17041853401277
-2.9464281567630155	-137.54179759763255
121.31691211392487	-88.21546346152734
-56.73600268786152	120.53333423423047
85.5744934668673	-10.66512900145005
29.669765856642478	-97.86159183326902
36.867578346971975	93.94104850167591
-143.83715062642221	-2.2200234709409368
-62.7872809181061	97.8423264332738
-126.4649932966497	-9.926866140458504
-31.164704819953027	78.14423626171337
1.4254436714775922	31.81464771338346
-3.548890899876179	-70.3735507329411
-57.28171630240496	-5.856438623294911
-96.03664741421083	-31.061499375224138
-99.6819362548226	51.1298891166778
54.4940185931212	-33.746350714111685
91.06748683659245	27.8096960289436
22.828567316903833	-105.71881611989319
27.806135097711287	-74.9217964646671
-75.15391203476986	60.782197692284576
16.398204164942126	7.534127187831339
19.51991895750197	-92.86475146611468
-113.73201710571924	36.38913407634457
-75.77867618816148	-70.55574702151635
37.743891776786576	-106.38444285196492
66.10282655692329	114.39379289688061
-99.62311912170786	111.93315120827911
-34.33006726391229	-90.75253831865672
-34.11991358619678	51.89800361572537
-101.18720461628202	108.45826633193487
-3.6725531188183904	-80.04705747176686
-2.175145608982889	-76.73572160573684
-112.7946204406311	-82.65443643328462
-120.45775322175513	74.7022044692036
-66.49496982129448	56.25552418149524
-32.13387745368433	116.3547562281916
110.81175822106036	56.91797188864489
104.04831678232165	30.721333254069442
102.29152748654175	-54.56126608035907
62.44710206700363	64.61412592053662
-95.83051161232711	-81.9700478339708
-20.10779447630467	140.13695062861913
-91.53897031510053	-105.29069295217954
-44.636761084188755	-127.82723649921944
12.831803897699409	-57.78208081310495
110.17584225443188	71.03655293316986
48.52588518537394	36.80819774201661
46.974883406434	-125.5040208531439
77.89733202909933	-34.608682539007866
-2.846277638682267	55.57903558966874
-45.43965684158759	119.61661362161364
89.04187231766242	-50.319210517340075
28.97626000461434	-107.47559586105177
10.590137487187876	138.7107802268684
-78.85621311193428	-45.015510080261556
-31.159821405818544	72.88083089056062
-88.48390596240736	33.4683543168814
-33.7308844740006	-114.41009349702821
0.40052160599734116	71.09006374498924
119.39333046684895	60.25177801915757
140.81083348499692	-6.078547797858443
-128.36740517107066	63.35293382650222
-14.609858290058694	-116.82347482399399
145.28528178619183	-2.1140522027771733
53.70415508436633	13.143740527813053
-105.32786654732891	38.818853527786445
99.59947410035235	12.160413640050072
-87.41963512783026	-120.0391941887643
22.659147566329644	38.9698394736344
88.29545387074478	-34.77494721115932
42.89594804823969	-42.938405997903835
-50.85759616080624	-73.40891858123503
74.15662225631134	118.72453613136044
-39.96734813526797	58.93567485222279
104.61795836957006	-13.16361887772307
-27.227478396936363	62.14359371612013
148.3071846465264	-6.157664054739409
18.425542961922105	-37.18827892707374
-135.47998055464367	-27.369602224369757
85.82761384127998	-116.65106121973987
130.49609889116985	-21.693113535012817
-22.275097031756165	88.42349922995581
70.2127183897372	63.311113888371125
22.590164974412964	12.913424796964701
-51.0750933050111	-42.202671662192095
-65.97795414286769	128.75462245162143
-95.70099635364983	84.94673922250158
62.25886896615111	92.25869432380605
128.16226266014792	76.51282870148746
-55.427129765420865	118.51840002133278
53.55741571200184	104.61923255347651
98.54015542511378	44.095149875133956
99.2726817860783	24.876858090127996
129.3060135883126	50.37824528805494
-19.3494012271266	-102.38866260709746
-75.99809878398258	-63.49170095649481
-25.436228421581855	-67.44424673221893
48.344865157491355	-109.58481283941983
-18.98128708612977	-18.229184613813384
-74.97424088518375	9.825225133741034
44.50222353153526	-99.21399965835106
-58.61001785108075	-59.417237525576354
-33.06615441256928	-102.32756222775681
-66.58103714205683	29.835797584739815
-132.25057769640435	42.83999524542798
-47.39368633335405	16.252224838328743
-15.792045600071809	68.65346215942388
-75.28855961476751	-68.93421395302863
-92.38451964424881	36.546185624611134
117.53347320389321	36.03778065900586
-39.192102522405314	-119.85898259480344
-121.52253637227719	-2.418123230981501
44.48361347364752	111.25679828531926
94.17721509965635	35.28548328045434
35.95929767351221	93.55460718176204
-44.588703905808345	-2.975939807968342
7.030026835828499	3.047156530867005
-103.50168941265926	-92.26360735245774
-2.089877009046635	15.165978561274928
139.3795920019965	-31.231815453213034
16.764310136472666	-66.50990502660215
86.00810375862451	72.26654676662027
-32.742266073538175	-140.97237245315497
45.38333731170945	-80.77858483649298
90.54498436999388	-99.54649015181768
-109.23958211622818	-32.920919525891705
63.90029480177299	-74.8346776798649
5.079211305615993	-59.93077211439913
-56.625384682941096	-25.01770223895144
-73.8774028824727	39.32540093651854
141.92574834650338	1.8645385987833079
-48.41871851107777	-42.54756150476524
4.227414727662023	132.74653134687472
6.971003602164052	49.119117756035976
84.52408710305258	105.6027258388772
-16.04080962014823	-36.09445089041243
-30.584570987169425	-63.82683176608632
-62.53585843291719	35.78929607997804
-133.481964855947	26.82100385845274
7.563326238750257	-114.70119293252642
68.1926150796748	98.4956814136485
17.12930085470097	134.68746251789446
122.48914169525885	-46.37326377846845
19.493681403513254	-0.1731243751552584
-84.1098545825728	-6.529557426065554
-77.83752346590802	18.76705777487045
116.55494549958857	66.35229885684764
-6.992574572682052	-13.032431858175643
-19.468426149689055	3.9250447176100494
-65.08940802616735	-16.017594107174396
65.78942574928405	-29.959143169925206
53.635949283883015	-29.257048203982478
38.16707577036948	-21.752186550850386
99.34599358157482	70.68152594903458
-44.40302061376804	39.76605154496839
-61.57027298054493	-102.57937619656117
65.69941618691206	77.46814756603136
129.41900307477107	-50.930106377985176
-69.10522694689341	-35.776615676479295
-122.31762269325482	-84.95570199315046
78.1045358830544	79.93415685573513
146.51635541269204	16.262050555814387
-75.14086934181296	-94.72465005367494
16.23856594407396	71.41584400414003
34.64509493651296	-74.56974405666796
56.79175143654076	18.382657668186212
46.21107663738752	86.4028627493112
16.108280926209137	-84.50732810894137
74.73516519816916	6.798406112257836
3.610994769896806	67.08326442205848
-21.345280731426506	-135.49805387836403
-45.977878446176376	-129.47824503860608
31.466288069191442	105.86036816028319
30.348137489854725	-112.80197120958614
-85.05400257021655	47.06998830433439
