34.669695201141984	-27.496023721224827
139.20868756279322	-49.54980202529212
34.461777984411576	13.289564921954726
-60.017443286839615	24.728160766745276
-98.72325026522458	40.864308652598666
-25.88233796846961	-34.7990198619213
113.56747801147556	54.49085019520781
15.152096740953125	-6.587873322601192
30.540677396393146	-134.89833289364276
142.41148169233242	20.577207262568283
46.86172674875276	114.34672899287666
54.07139142136087	-106.59653546823775
19.37105640481582	113.71738682254613
-27.30860780302091	29.899708462221906
-50.5369318800202	-71.1938351831817
107.98914029071989	50.51760749214772
-31.386823610402885	-61.35501557538344
-1.2867641976060231	10.009326241979437
51.71813264370757	96.26040551044717
72.5835948931135	51.9697843927074
40.18487347472243	60.046433570696195
-127.622479265291	-43.382561089429544
116.17052243288812	-48.05311745585847
-50.42064301434429	-109.68787380057088
-140.62260136408844	45.06850784586194
119.0929370517814	-23.351906663146956
7.9485669213864165	127.90417199050981
35.09397004056396	-67.60739024562494
68.86603239642406	111.4638401639049
18.083053024618426	109.39768497371682
-112.21384701160544	12.09812537822925
44.86691310519551	33.695271201914544
-32.36546835604661	124.46992425760146
-58.802236669061415	-107.39933652780097
-56.60201424598347	13.437387812942108
-58.54484488486303	-24.74191963997901
132.17446705072803	44.20527270744768
-0.42663884601548036	117.98549045265747
6.089001256332987	-58.234467714321404
-62.333028415107655	-31.102260469059154
102.67782929449329	0.6644327166820968
-114.29427067438681	-84.93602143309204
71.42067329080716	79.0966629661442
43.050617007519044	47.10572336979627
124.66060635141017	-59.46739675879155
94.98486069617054	-19.209572226780054
-123.2137737402577	-21.337793161522608
-46.169675458034085	-29.902426620839424
-109.43819374433187	72.41230549577571
106.83166795147511	-96.18454946700865
-134.70770182919	-19.2756564141073
23.628324804332248	-11.5452046044072
20.158995171335896	113.17936311212061
94.38790132154783	63.96769384186927
135.08363198084885	-10.708238103186828
-149.45573163453696	6.16720233369345
-108.83355003250355	-95.51195310097117
-26.424644261554587	40.09530556940585
87.39478247350513	97.36063393334288
78.16653056299374	-121.53513850789734
58.87780190330862	75.51859819375017
-144.6075126328263	-2.0426687384480022
69.52184423889658	-124.5431892755355
-64.10305490350896	-101.46884180007879
-65.23399727440462	-127.13571359475492
15.756176278398378	128.05444673786332
-117.17656363635807	-19.086576330014214
81.00124400998854	21.700680450412897
104.12580750802992	41.48569019879918
-20.89732844981365	-121.95654466941993
24.37861591890509	-105.4957054404215
68.12766030128672	81.47759688848302
135.2331257384209	-42.92968259123862
101.44116579290835	108.93533721281588
-111.27859680471599	61.16982375283013
28.840159570362676	82.96804045047342
115.51412756491078	82.5885933314018
132.9321235415969	-28.9708265115623
-119.67047518215976	48.48579134577036
-45.26246903979249	81.96132667489432
-54.83313749698554	102.73468164830474
24.110698102929344	90.12887809381452
61.22747608044901	-12.127658175469694
-131.89532805408197	9.179688148791099
-123.22922055993168	-23.616326853533714
-20.207375378556456	-79.91347105954486
-89.67461414127278	58.70209025658778
-21.272095362362077	113.87417635909397
-35.76080928280301	129.8086806774023
-14.605672773237423	20.57030463415166
-124.13230172347485	-64.90435539493039
44.97811880175284	-80.96432131128057
4.96592895869497	108.30154086627377
-88.39369701645873	-51.51083178956251
0.4981995112631088	-133.23291214109196
121.97404032127479	-4.1900984296493755
108.369778490002	-70.97616347069298
-88.92471627346089	-118.06537635087034
125.06762340444722	-43.33386764716014
119.48068196377129	-47.59064000702873
53.17297648795802	15.291638965334128
-51.95534852141939	-72.31022637936977
-67.20950099400841	-94.10098705125056
-36.30149667927471	-73.06633899137069
112.36564171255282	-45.69156782178987
-17.803082174593307	74.78700506385461
7.257247531537335	84.24529528871037
-27.12410399998527	3.4939931437561267
-23.91120079652319	68.10141038986073
-45.35162904932156	97.23509760954487
1.5546499046843463	119.45694573292084
-47.35831570077275	-87.68863482004325
-8.65045369632691	-87.09916878447375
91.58558597530902	65.75552100906462
11.362713523435929	-35.84300526847746
-8.861688948988569	77.89329457885069
62.89140554357794	68.77482374259048
-100.11966317317986	27.823018681650428
-101.79284984255987	-88.33477827522577
-23.12937866476282	-128.12935453716554
-83.24513943130674	-60.821281833896855
97.31600756218873	-40.05086374730401
124.67935823078125	16.070387510517577
90.23440042661845	-56.12018433451312
-5.691746758383223	-54.258688242765054
93.78420833763396	-39.81632574117616
0.4876206735139846	116.42436398108109
42.164234760502346	106.7983670649492
53.6299304029739	-1.0921612747374707
-139.22332285259742	49.50688195219766
-13.119266732997396	89.97989430829486
39.1306469814984	-143.86087547676422
-132.0320431931383	-31.194365576373322
-53.62626095024847	-50.39738240177934
135.31185758413508	48.48935017540122
-36.544580006609024	-62.229086271994646
-19.957323615393733	-51.94325898333353
63.46819866423455	74.14574354097934
-1.9087461003452142	-56.328741655503585
29.737329100478675	13.925659442942122
71.13062278139682	47.45425996253618
-57.095936388186324	-58.340680104443365
135.64400414460135	-48.81805807963915
-91.21012870858384	34.770154002804475
78.93835738678813	126.72513729703172
-1.4671904483519163	-52.590285360032254
-92.44420302840248	-58.41022884999114
125.47862573718766	-21.19536197912548
53.31648380139962	64.17750697036477
6.545006420112357	-56.897407263040655
-8.281354876412713	117.3100686486523
97.38345644673083	-60.11060470976693
20.798231126964723	-84.36106387406366
-73.54337681942131	20.654951481330006
132.96668812814704	38.44776777618561
-58.93431279879173	-133.97642900620977
-121.89651553172885	29.789336665448186
31.531926290886897	-101.36369128309627
-2.6828589337974833	-45.320201536331055
-0.5304800370555345	-48.641865567562625
48.24270355506904	89.66769368382883
-131.14665698235612	55.37229000385804
-129.39656425876524	24.63673436829243
27.112204563039107	-121.86168373912545
-63.33579964261935	42.667187135395324
36.90348495025979	-41.66320847712574
-22.27475497774586	140.18089810088367
64.66331272908204	-5.651395471037485
61.569921687301544	38.18668714413462
-131.16257203021718	2.4234831543850106
-112.3162614140126	-70.12823032663752
-116.25241730288003	43.921841407130316
-54.49658194617366	-17.089109566093093
11.577936080544148	-63.836882244790544
65.85061850420749	120.28816055790635
80.44681348340205	-27.39658504835942
-87.18764999750977	69.87913892528339
-96.86290248740437	-93.72187583347451
-74.12216463359731	28.602284711158603
-51.00017299140552	-36.77605334132573
-14.011377068052138	-88.23048858643611
-108.36453146344515	-4.8813934390519815
76.05237830682796	64.16208172258135
-39.39061636730819	68.35825699012207
32.033012901856225	-89.24082367396484
-117.59558600815397	-55.08668752399742
5.975252829856373	-111.81428518669274
63.90265689186247	-54.12426796220784
-99.0048990564611	40.16660708511894
-79.08180688183862	104.70984165428312
62.07387006896304	52.31495049860608
-8.394497368874765	64.10446867506798
-98.07770075348226	52.64192102896878
70.08020577157174	76.71957407338851
87.26078461867887	75.14037109642302
-47.00934393477945	16.844562261259554
-48.78745402137954	50.416773843629784
21.338321329166234	-30.749601334102042
135.11116081689755	24.121317712391015
7.813525091405619	-94.175478701263
