-109.9990038188979	-0.5285851155781751
-109.22960466781338	-43.493410565231386
40.609697986138116	98.52739740907114
-126.47887547590226	52.66424853658515
-110.86625125677186	-43.235376174105525
29.295682517925957	91.02990952706949
-92.69990482501017	86.23282039664545
4.443257239515317	108.03935849330477
92.60928034211112	-58.12063566119942
36.61314950909391	64.36810946829286
-22.475019230954643	81.97125939080368
-26.289661690065966	73.11657877128313
81.30376562631125	100.65233177574729
-101.0385125907914	-31.775528359313828
131.15835468912096	59.60529343457376
67.7955540947156	-78.74087786716761
-117.36516377226673	-50.088376427861945
-66.92686684938008	100.76105215063325
-27.896405472505226	92.70842776287874
3.0180842437170257	100.1439788493785
-52.5195448471425	55.33792083539484
-115.24014933391932	-94.52811346262655
-72.06903227473235	85.9554552833695
-84.11710281636512	21.700234424967995
57.70731642204469	26.30428466153035
-124.89106320018539	-29.525590782541055
83.91664564501448	-42.113881490977576
-115.6209952826482	-7.7998111998577615
-135.47999443676187	1.5362725571880864
-89.36433838109899	54.012079783999944
-78.63889585578988	76.33181269057296
-53.98354871110021	68.37916763321908
25.29082749532684	124.14912696292035
-93.13798038047119	79.43983019946198
-70.23083249620517	72.00133058720127
80.9253147183644	28.761461632300684
-87.76492235868545	-89.527616441564
-93.79446170794613	-7.046000554024512
-119.39539415123828	-27.77202673265816
77.35547136646623	-30.102590786857018
88.22428117718164	51.40277551880887
-97.60478341873777	-61.89315505842223
-111.78867366532293	62.88445248558793
-93.91535685761534	44.800485815438414
78.63154469146961	-12.733700315243512
-92.63952611703947	-92.70526305423049
66.67112066212694	76.66094949668769
-107.71697652397093	-92.0554174203883
-115.19581560726286	44.415626911151215
-129.45245781994615	-57.69560057663665
82.56235297712492	64.55860098278022
-66.3833451848608	100.16406484884304
-61.68655704631876	80.44664545085183
-130.03902112425382	-55.63521072741495
-100.17867725901162	-38.336506322982196
64.42018070335526	21.516959313654358
51.11155716334183	-18.41713423073804
-107.935891233117	-34.47501042178874
-118.21683772864824	-17.703329832622
-12.881953189774176	43.75158921850388
-61.385333714863314	83.53085114147486
74.23675043813616	7.965807589530648
-83.23266795435529	71.91307879950217
91.27053936952876	65.18435037408648
-115.05385107050932	-29.52828567028117
19.8722629155812	60.48051567518654
-47.105525134088815	73.94319919402652
-89.52025400026713	-80.14406224430348
-114.92030604074745	-47.518706006044845
-12.644885450640276	53.36618437131435
12.745805196824646	-142.6443191790838
100.59076932401436	-41.807329314710536
69.5175566948916	37.70125329642278
-112.65692532769661	80.35450985027593
71.78451182425965	98.09041420747542
-38.2703321365587	72.26456836368119
-114.12898291434847	-69.27895199271421
-124.88954179351298	-6.446043949214325
50.87274563052133	-25.082724310386237
-51.915633129052104	-130.43687186062078
-88.12087165180814	-56.499534857646864
-51.9406530581489	86.65041115845287
20.293901581882054	67.67260750952015
-103.00127617486895	104.43786971435571
-120.06004863601116	24.59218971037923
-55.76231362975896	96.6056520558935
-71.72356624293498	36.12712719519861
-119.99560120834842	31.84582301725753
-35.885876657863015	80.93578946585524
-136.57261486042037	-34.63605575647288
-101.41360674268559	-87.16180705963409
-54.26375049247039	-36.9228094660625
48.90012171632002	100.13082929848301
-106.98095994242209	-57.87079198088674
-87.58771554334027	91.56108312462983
138.66652074827482	18.085690742792085
-139.4164192261854	-37.861915093760935
-58.892580171893655	46.49549900509745
78.80221324080307	36.00528809234634
77.19888829209063	78.28642646361713
-102.38974189001297	-80.78522561886204
-103.08396766145728	60.772064031556184
-66.29865517223907	54.57300487225246
34.51896507183244	89.96873740900396
-123.27759092146822	-12.03482417889295
-114.24568680892367	10.38967857430227
-75.57134934756387	113.0069693726334
-30.05489390719409	15.185681065404262
20.042483629393896	130.52507283654867
-104.85882416252137	46.95944363077775
-28.299622855783248	106.27223148895798
-95.3940147622277	47.47084135216742
-103.86937218775077	62.72586678400342
93.27448702836958	34.62206180312084
-84.71710228883602	27.442045789369608
38.89864433241626	113.90051247678099
-134.48888538798755	-11.140427023664659
-10.72945821729526	38.712959441156
27.927234064240128	49.75701504886636
-110.42428546342231	51.37271986230149
-93.15211876044852	75.44748862692636
101.36868393453082	-59.82175472873171
-142.11469452914682	-35.458690758566924
-109.39504039472395	-43.848598561384385
82.38599242080582	71.54476028521452
62.58876318058472	71.79287217015259
-81.91100891844238	-31.60251613410907
103.07370124165053	-19.043015908642147
-110.24473401330818	73.85113209220802
-120.95500472404038	-61.99630361330992
-114.3133943987146	-31.843764948445823
-14.150278002121125	92.81711437880051
-112.8842867935107	31.57213963557025
-82.62712517915304	44.91211037065702
-140.3862876304703	23.209505164071366
-127.57048696324216	-49.741120659908105
-73.3463967787192	98.93971643324397
81.55789660906012	-34.838511975474184
-117.63554245139204	-37.455956401309535
29.09108355261076	49.92134131955996
-141.95916798918296	-9.130889332356086
-49.20766758114821	80.48936137548215
41.4368188337474	-7.96541781471412
-103.87435656981633	-65.68024537561409
-112.88806836298863	-31.482497653333347
-30.009035220356754	87.65142877928919
-41.295890715567914	52.89095726751331
-115.45031240512063	81.65417308588307
10.294253988966275	134.01622266521727
0.614502269591058	82.99410472262386
-70.75781999200116	-116.57396756516057
-110.96213017861827	-59.15612207331777
52.39018596703563	57.24428033842811
-25.2868574203719	-139.81587375948482
50.52085392703826	77.75608831821133
-119.41616144580222	-22.99649072398857
-136.1547572182908	-18.753014767503718
115.14801688690468	-28.069927713050337
-55.597494467293316	-109.89123030206788
86.30721096622344	2.0642611231335954
-75.07042901767986	55.41025468159028
-80.33749580850521	35.01404939430581
-19.495112328635454	124.65568481619913
-124.823563737643	36.104951143797216
-98.36388432531216	34.35862346820111
-110.26442867916587	5.440685226223926
-23.021575890431443	64.84919587135592
-113.86523523337911	42.66361894419324
-5.776755554716821	67.98902401930495
-48.361452259845905	101.06558845947129
-112.17478045043315	-19.637079287202614
-77.46214072073136	-98.46567469621051
-123.96830970149338	-55.23151980011231
7.323231724620931	56.31910039462037
121.05093421115818	-12.150342728047809
9.589027904670823	97.57864134697104
71.04219172043729	45.571844240957454
-63.74157595303625	94.92276865083888
67.93078462146755	28.62134255046008
83.54965820891356	27.716276817356885
-118.79756846800197	-6.396273240853766
67.49197321656467	56.74048820363817
-91.34891518036258	-15.860158798598924
30.68402460457183	-109.07512722026281
42.17191369018237	25.812620916982723
-101.27968951292968	-0.3658014635118201
51.06767240878408	14.108622626104182
31.30223570729321	-65.48942814774698
-68.03749018121724	41.77886349898953
-135.6656568521824	-16.609075277925374
-110.69629712848398	-68.09594501392434
-43.75684863379122	103.79539227254872
-86.51778217519097	75.27943176508528
-136.6882921934393	-18.551714066549835
-8.769369427524103	82.91355251624444
-135.82389602523534	-24.96205621544987
67.93690455332245	-31.907069595626773
-78.32221234781827	41.424460237517735
94.7609864075377	65.74046541362117
-131.575961586674	-9.062988413612233
