-48.05298613677116	61.346729348308074
-62.337366619417544	120.30261800691338
51.53904264027884	61.0050069442045
133.8373166970931	-24.295870689076104
73.53353283050407	61.606773944204754
-57.48658887822369	-127.22586726241325
69.1032399520151	-60.59375568744848
65.6686720448457	-47.60673178842518
65.0159361402164	-33.45226661387245
-44.30545237417277	-69.62224160500982
45.58389206093005	48.82953275332086
-128.9289488121626	-16.265120775465945
-137.62678791641022	56.12608635324008
-44.65202852727407	-83.32893841829326
-83.66709189465527	22.304350449681568
52.47330757931036	-107.66613108727054
-83.75676524601201	51.67244841449762
0.7782091257763976	-32.8817093013223
83.96544991717948	-26.416051182578727
-19.412909706446108	-132.76583726638833
3.1692193836461406	-39.17984397455639
-18.553607493786597	-74.00064435974376
79.7501545361078	-124.79539005668973
-20.67875686247635	77.08507989649756
138.24608879005143	-6.865777859592356
40.39365592498078	-136.37823311118296
6.152299294870622	-123.70645224903969
87.39993218048916	55.090989158016676
-73.13798773842525	127.08324399064763
-3.1601853499616146	147.20335684905046
91.25392382366404	77.3781258720525
111.05791941712783	-66.63541016513857
-108.41397531994258	-89.78525403810451
39.16363579273568	-29.619314770794965
-110.4436609352466	-22.780136574779394
118.04162536345204	-74.13650633864101
128.1657401903323	-64.18102507783183
-86.28899201010503	-122.66258359735244
-128.410426988889	-0.7940763042994988
12.163235182704163	67.51468508147887
102.48161301616386	-61.39828085985298
27.66424786685891	-146.62505201329157
-58.843727027136026	98.78351571312379
-46.23457372394673	-80.8670467004097
-59.85861326895267	-50.22115185932922
69.13509193405937	55.445557014701485
116.82413756705719	-53.96997587493069
68.75990132022768	2.5614737221610415
56.61081470985192	-105.89943860000363
-118.46045831450327	-8.521950795190154
35.31268716947721	-68.51816050755491
-100.06573639393994	-36.509659210532014
79.74428489737942	114.61220060357093
-131.945410547697	22.011176613211635
83.13172036684304	-79.23059477972998
15.683809123824739	121.51915318376938
20.49730581969485	19.189873867284398
-38.50068366136846	22.93767799347525
34.34124359184428	-85.16683451579584
-25.619987414929206	-89.3101275754132
81.84982075998579	-1.673398417249432
88.34756137292693	-82.66260532725249
55.41071751489227	102.89176896908917
29.307101591874652	-120.59583336061829
-14.342212841721075	-70.65443670906885
2.6233283696460044	7.352101032612036
27.946187781551345	-144.8498414525317
6.121588554391971	131.70220056291845
-97.46542848111004	27.981087866462996
-5.374082809424508	30.91404854905385
-63.81966284729221	20.18533361246835
-11.070518261372255	32.69602625676822
-55.996367870600466	-87.18608052824898
22.480340019499693	-66.18816292502896
109.32852417781578	12.843295727798202
-30.574776659083795	21.466436322035356
77.22920226449683	100.14656707442602
47.246996002506016	5.777978647565611
82.97597610845459	-8.810728253628673
-55.54716248400052	-106.91752677166265
-47.007777994658504	14.526029678783033
-134.65530080063164	62.3306415896934
35.45182752265527	-55.188665491618394
-25.734057332198795	-12.256715551797281
-0.7619649103546202	-122.64545482412436
81.31054016458442	-44.42101741795191
109.7806089696315	-98.55723615632499
36.65851022956617	24.906681038541503
-89.031056028237	7.864294135835466
-77.22865069046668	-85.94150887078993
-107.72389690507903	25.341537377078883
-26.177759409529102	101.47259021996622
80.42037282730858	-46.58002505297073
110.17235013766069	-81.50459721155148
30.411436698687904	-46.71082805543424
97.04886293457852	-43.172790365606346
-4.967123036914251	-113.38159656905228
-108.60418385957702	90.06718886366528
-79.71285773363778	1.1593837646394856
35.19618940387014	-70.1517699007224
114.23324799188543	-71.92379391216109
-37.824486770811404	-69.27311836901355
-30.3899414319278	-16.992415323570285
84.72137596653553	-67.63544897206846
0.011156515212864364	-130.68425288944104
50.24564510124172	-30.473231381752615
97.11397843551006	-87.8323133613734
-42.43632279238998	78.58616165855665
99.36879846997938	107.0846368488648
-13.101376439310057	-42.26488456523957
77.03959197270619	-34.04496778889226
57.93812056383846	-37.03157761338846
124.48105909397707	-68.44266811443367
54.650461262369674	-57.41147165349634
-71.57994608033441	29.207036521219262
116.04647767399929	-48.87549543928543
-95.16962684881597	-110.89323956670422
55.72263070607852	-100.87212842477585
-44.20476573014227	138.70445245441726
-121.6784608303664	-0.013637719615471154
49.26490800271726	44.81660717557755
73.29443863428808	106.67888714870746
28.747108602547495	-76.44336612530255
78.23708412784127	-28.760923276644686
-132.86693786943613	-23.33320485855399
-75.9995948233216	6.801205292986919
80.94446872647784	-30.76109528294138
72.79037451504851	-130.05156308668518
25.38522697183841	56.404894714199045
115.1615424940961	30.99289196078158
89.65058769462829	-29.007598218722915
-82.10370025213119	-21.278898403831395
-33.15538995298113	-43.51726192712642
-107.40561262523138	-21.11757031663296
-8.086018371401552	-112.94861021168926
99.51073254849854	-74.67111513900137
133.05126880401187	-5.197852317220119
-63.107200344795054	72.82480348313335
-109.2603937011178	-13.448851268201793
28.488741965079786	-25.59453733782108
-89.08204126223349	38.10190880537179
-34.464580998536846	42.2023969751531
3.961429091150752	-0.7830158675605619
-4.156297823432243	-36.42897895729836
-23.557345389945795	-1.0360313013378433
26.728934383929296	-90.06591938085603
-39.06246459222288	84.39061401813095
-56.67159913474244	-35.57431388324617
-24.98573096805034	-99.20977808246901
-8.979671639272853	-41.335888832173566
27.066865255770864	76.3794331358527
31.958483519536156	-1.0574348860212868
0.3057735169065581	-12.277635096972604
-5.042968744933059	-114.81669659334922
-108.98519637120822	-65.27734739151303
-42.00484211959664	63.67091465731385
-124.52909128645548	8.901301223619223
-106.18829412973253	53.3930326352197
99.33167333567559	87.07533072965121
60.52994466492724	-30.9544823451166
-103.8911348267379	-4.995137488070585
66.3712149654507	18.434021111439172
-122.42665653281446	67.8347508551835
-105.81648605501391	57.668343066777524
37.47018140437072	22.678959913363954
30.28722133745024	85.52463925119591
25.938130482182906	13.78898613983322
79.51500844233516	125.8364533651652
102.38701866765523	89.67436564570792
72.86133123046588	-51.30693227712502
15.117606696353352	-91.75332688723549
63.600425868346555	-65.32933170973901
78.38368914022409	93.00838835242948
-42.983871477925824	-77.36870745517768
56.3627735553592	-40.026065662942415
74.33990460555184	-22.44964498283827
124.90796213824713	47.94740962057601
-34.89107066861854	33.1367575719755
-64.33411804411675	74.4191335932908
36.33789187535476	87.09017423871671
63.293248907565534	92.33287837063914
-25.46157021447338	26.776479011475786
-6.530618486855871	-26.68814688308317
-15.16188745633089	-124.09382136517583
-95.96322036477503	-50.611318452252696
11.686756422482043	-50.9082328923006
-26.634423435049662	-89.19435805396098
30.64807046827098	-104.16221045528259
88.03737303849977	-14.036016351842601
-44.45091506826765	-24.253087510782258
6.007722738313353	-57.879390327745725
37.144477598002716	-64.34613679082952
4.480865557288998	-2.7293191595577544
-122.91049582192693	-35.90444391704262
108.50085767381013	-60.626712156041606
-136.60653478122293	-34.14398534930387
-17.768556690229303	-47.53104287486273
-68.05433162024445	96.02636270697928
126.89043568023841	-11.975615170586925
23.783581980123596	114.43484289755645
