-21.632475050740585	119.03991597267328
-13.918724252242592	71.0541681127827
14.996595269112921	106.5030598336492
27.898769082389126	100.28937139634313
-144.48509103352436	20.10079789372965
36.345817615804386	8.797284942326957
-74.509224244767	19.30432620339201
-124.86532593723177	18.645685507927865
-127.19726524159745	-35.754723011397665
-91.4614626543182	-50.83605457097754
-141.7239699384736	-5.3391056739052845
-76.64718757230659	66.80854629331134
-98.00226903026551	-87.8584404338582
35.057908986979875	64.6302303727282
78.94467522259157	60.64004005199261
-136.79419251101353	-49.08727851135033
12.124292334359188	59.32747801345532
-64.06400388072785	-55.690897253882106
-129.77343680834616	-67.74304901275032
-133.29746131269317	-41.777385094381934
0.9966067699975107	78.39977992896418
107.03654269616972	-30.298918868764776
-69.89214006095686	61.05093540036353
-143.26537161792882	2.0509907100534353
-127.85722483428	12.367342409533219
-92.10829877958824	-51.66753739243871
-97.54155171073121	-48.903152558412735
57.084753645290746	75.07902318866996
-84.17552050126483	-2.225654458142088
74.98273182198977	-53.46200606293033
-51.7290829659393	100.76436124327593
3.24548615095694	45.17807211136537
-128.54432424129774	-69.59585319033147
-77.34356608134628	6.876651185473625
29.78367269709555	91.06186580270709
58.91204311303645	70.74056255592707
-94.15607674990032	70.47023477321608
-58.02187965980382	39.40538066739227
-137.72800568045258	10.34033061271861
-13.063295797991806	111.78860277081432
-112.49489634133539	41.4284746514985
12.504150517291741	64.5978231399955
18.484241643888975	35.58618720623041
-92.87970546378129	-74.08224324569524
-67.81525187835766	37.863609857473925
83.97516828207006	-37.04579603246849
-6.768957831525875	96.51996254303438
84.9666699955477	-13.64993760816885
-84.06254558263424	26.917232086576547
-115.5129105859706	-70.89303544484588
-119.33335947319407	-83.05414886068098
-4.220613056614226	109.61171172018103
-129.82176917933373	-34.82624495674233
-0.3750895157388871	124.04400532642242
-116.382471325627	27.746680640435212
108.16969711708742	-30.534109310690468
91.6410862191841	71.37544540144847
-96.45888194872622	-71.57925716574161
-131.59252038830368	49.730430873873246
-34.845341462443024	95.19893691358624
-124.59511004883953	45.41299561374676
115.66192282079464	70.25346727885788
-53.39398608033915	104.810872709434
-53.04021626125842	81.32799556639142
-82.19451701999716	76.94808334263124
-23.775079040327793	82.92680637272714
-64.29903876375226	63.585924655685865
-84.16359576567999	68.01873276469077
-93.74620385828214	-56.176229532135785
-106.73590778410575	-17.434559091184955
13.000162785181425	115.56625270853225
103.00202077830676	14.937212371079
39.20275496754434	52.888531655864455
-117.97414049833856	75.1888513531787
-34.788335961435585	85.84208644688738
-49.312980834884556	42.34388315156021
-134.97354975069237	-35.05013028235873
67.4055450837635	35.51523331779282
-147.02480209752983	-9.593850336780624
96.42942326080451	37.45369376700146
-25.11908582685685	78.54138050354562
-70.20593980727908	67.3029170526914
-72.68239156758904	58.350427157373254
-87.92196990023415	-57.269930782774544
-62.18135408278027	42.38693215600119
94.6202307833377	-61.139359113178976
80.82759946046107	23.640133810769274
-72.21199787129059	106.00387514329397
-93.78105143151741	104.08401075140017
-88.87506110209135	48.263399446184806
-91.65861766023774	25.888986283512143
100.62052345152632	69.39793485153143
-77.12443875308247	32.6689801751678
-139.62706726714688	-52.52485496291144
-125.4195829154396	49.659900421913896
-93.29354630825306	-81.10287909781967
-42.00264804496161	-123.50780483917377
-77.80810363662391	112.35110618586413
89.0461650575465	63.39776259167466
71.1108101383995	40.91105473153739
-104.86192523561436	0.6505991356735463
57.27327663413968	-7.041228325175644
-106.08159515719484	-37.500248869056975
-128.85586762219523	2.25098838658997
62.39892353911218	6.165442211753045
-130.8916954863299	-58.46525967875384
-128.2982141516861	-33.493975406122
-64.08515510106949	-45.83581971595141
-1.3580244927344594	109.11381500738925
-108.95220645871494	19.928178558647794
75.10120900373452	-8.1149307208664
-123.79606088469384	-50.52741833270432
-82.79304038851777	-19.612400227535616
-74.99240814988663	129.23748648365955
111.08172817051813	-13.316080963542486
85.18956993249438	71.34184052438012
-38.33143059621903	62.20220970016829
94.64188932577586	8.175419368332854
-7.430484689755605	77.95715994124822
-119.5999744081972	51.092648307895914
-111.17294633423467	3.531528008041957
-94.48448483186188	-85.94534193572734
-141.61340208517566	-6.099088921455667
-31.257258612091544	65.40032343984942
-49.93324264646792	41.16791829843567
95.71414801160189	55.48235779550628
-58.06117188535336	62.91287724821325
-87.82897056091109	58.67787656916967
123.83706387508549	-26.060597326551747
-69.34447647668208	-88.47083007183346
-84.95652683484211	-98.5861554955677
-32.83703877752733	84.98476127942712
90.87543027207357	-11.199999604700164
-24.074418350485992	120.81802948905802
128.82424139918092	46.23039054545731
26.477906827929036	87.46513363243488
-70.33922921660773	76.02654885846827
-43.55228732101099	65.57503341238936
104.62787634379488	3.4060121982605116
-104.0476860717294	-100.50268501790906
-111.13221906112385	-70.73695367360497
-128.35167639043343	37.30524975713374
-65.66792360877533	-56.98598998034161
-119.83910107097753	-85.08442083639848
-89.92916578990616	50.87624022646111
41.23996351859661	111.71254091224732
-59.11313665865602	31.78678615215832
8.844788916447238	-94.76216622330638
-123.1134441190433	58.92893170236096
-127.6783877962249	-21.596869070767447
83.97552150192645	27.710571472762613
9.205691538460325	81.06143546063437
-90.70457874875692	-21.17224863683501
-44.46080653878601	127.24784869856106
88.84877181109054	-53.43664317520135
-51.02845108943042	123.69645295869385
70.63378114757019	0.36141338167467735
-113.54227430823465	-27.854573943654657
-5.230228641263363	65.71504814427497
-81.20082881142007	-45.9671452706551
-122.84215622400774	-21.026866573938353
98.41535403493828	14.270611117706823
-71.54742042029903	114.44817755936845
24.89582682350038	87.85239105953406
-72.25554956673332	76.43254829406202
-125.04502115600968	62.06837375967038
-60.23945698689957	-110.87883142036543
3.897318917911376	80.62695135452512
82.71188533890842	91.22329310583108
-120.63741945446935	-34.154182224709615
-82.41306003442608	100.02987193250064
-89.61075423396804	72.69985484942272
-105.7159047969112	-81.30631689832401
-109.63128218364672	64.39605970878883
94.73063407489173	63.99659258769544
-137.92297110122644	20.816225159182945
66.58143626915286	10.131350250549
-76.40086028788718	84.42708581255154
-105.97588730014589	-73.8682547424252
21.01106922533931	85.10032314049766
-64.51769882821176	55.67644517024962
-117.19093063122799	-56.58167373119709
-18.667646612002418	57.270863731835846
1.7672229561536312	85.18890030390627
-99.403212998161	72.79583409042401
101.34171570418543	8.564807409826468
56.7844341669685	94.42861694796014
-141.79460012087017	-11.426693176640212
-14.248986802246577	84.41505160691278
-99.282831560643	-62.19206793880434
53.18708055642245	7.590807346461677
-144.81733775922757	-12.446910806586352
73.87221716752428	8.773395506584443
-52.71908492567785	-139.19283239496983
-65.53969065141598	42.398641356
-108.91530997745976	34.72758921314176
-2.4749200713213595	94.41632073496012
-123.02739426986753	-12.958047321997592
110.46312238509137	26.910823950447192
-145.17211013579072	-0.9255317244509509
