108.52356755009298	-93.98471315778902
-57.637294365753036	1.0131438838361784
-96.90082285629344	82.26980519812844
17.608883779478802	37.4719014574406
11.230127476993825	-131.80010296104018
-121.54853504149177	-79.15991421056553
-87.37488367434511	99.36509285763512
138.5153930000901	25.63999552766297
-61.596156582648845	-113.53787230677888
-23.617166344513574	-75.01641147878932
63.49572559758964	33.76175741620189
-128.16052172613783	-61.84396065462771
-19.73439690772659	17.84717839976837
-60.76394743141497	-91.98306097863818
-52.006292370012616	69.72760248602823
-19.712417558299542	-141.89905163203434
41.40066266871973	44.82178491188499
-9.666245870076732	90.5344049124983
-25.634795132179523	-39.21511390821591
54.85788865013378	-134.52996145392174
8.905476964620462	-86.47152042124964
-86.89712936836727	28.750487445164982
-11.909135153599534	35.052720504847336
-41.874128453776926	23.41528771190978
-136.35578803403783	48.92908581524677
90.25702452573134	79.9855274699829
29.543530321859166	113.64900977621433
28.612208236985925	130.08865444613298
-15.801928983347462	117.99116556603254
-75.609781677521	-0.04986700767174854
5.252658443612593	143.2355787343337
54.97253955229235	-50.14031019727363
117.20788090509262	-68.84274390202602
79.24311743885018	-6.719990937624763
38.26899471190635	65.26434212693486
-18.14493217140144	-112.83024583746779
40.320811034742285	-37.565472324776636
84.61014718446974	35.64675782580251
46.530495068405024	-95.84163436495801
-120.00804333317187	-75.2003649132673
-29.81696975615567	87.93397455539115
-27.097525992463215	-16.188978574447393
-131.98239827076392	-31.595009867150008
6.309407963039274	-117.586388257078
38.059008638680666	117.7213976486706
11.108053957248057	43.59572364892264
54.213183680889635	32.30700606166246
-95.54992929524691	-56.51084659151123
-10.127040786302356	-66.60112053536427
-135.63714262121184	3.5113676169846944
-22.359500109399946	-6.975537238556826
-42.597323106653185	128.7857473510377
-97.26798040922887	31.47289603151504
75.89531681422197	-86.62397370438539
42.682891850965326	-51.50180883642308
43.87524522757318	-82.5597198607986
81.38313027174873	79.51588568088138
59.155827220742935	-10.059934523249298
81.26781805124918	46.60287724786249
121.07834357481003	-23.27436800361988
-52.760193102633984	-132.42392213299505
60.959491439573064	-45.45861114212503
-24.335593617488147	-128.40141361716817
11.851745148098173	-52.333232943068936
55.50309936863239	-33.955118315670276
118.98689606187047	-63.93660203091787
-10.393330781170794	138.89502064255407
110.45072002294587	-0.23573511379580647
-53.36870127993334	-29.977993341425382
54.50363155710931	-34.36818746016889
-55.670272795091584	134.8869111276867
-77.17564573541713	80.8669384317218
0.08419816862083566	83.82213160374718
88.065177961089	-74.08484669097575
-36.167998610579865	-70.12484932920768
121.92132487463127	42.28480363105483
-25.609541515649553	56.800461578431644
62.0559329193049	47.69346193290511
-102.13511974681525	75.76996692009888
22.129908987711733	-25.18130145410015
-131.13303043766675	72.04643860129572
83.38178571389827	23.374649971061366
-56.73268217913567	111.6883016249655
-8.868760358099074	-42.23582081183741
-111.89028815516093	15.558817281416706
-5.432797663137261	-109.65581911258782
-2.5976619052508405	-76.98560818750248
32.203916529707804	-82.39550490051283
41.69586856207076	-131.76016309885216
-33.68369100982822	-64.14363492679753
-106.83880879630743	-64.05257594481279
86.22596446704826	51.825707821764794
39.358204470060414	99.59250214288866
56.71186837291252	-71.26193442041702
67.4712028620989	-114.53895444813452
-10.144250083276853	-2.1881543518864017
21.584815239709428	-59.51848448433281
-18.663398495231586	87.83103322087034
67.62514914387181	10.03014295539252
-81.31903033542578	75.30567833778264
74.24130695401817	-100.07837988846433
110.17998094193328	33.18661017636577
83.70983211005961	63.905745352506656
-79.146046135686	96.40615168088567
-83.38358037487022	114.15620908519746
-122.55810338554356	-21.103588495470824
-121.94459363248254	-12.665293868693908
140.42775474655633	33.286345273519906
-141.16219600269622	-40.45234596462878
50.477565428430324	45.90062200915288
-23.91068976770353	-82.5719885778942
15.237497377363125	-5.8349576666059475
89.3415838287746	-2.0589964141069643
-119.67599150598761	44.4181552123093
-88.55865897516436	-118.77547900140885
-16.89753629390577	-3.6618841011894507
22.507292369889534	45.688876873384345
-107.27185011015517	17.658592187382748
46.352758229123076	-17.392454753830247
-33.34507432511663	-3.797791990826016
32.51713781621302	-94.47367405459231
-110.8630816494145	-62.31967318426713
-86.63098385576136	6.219818545849202
61.534877261966976	28.60876770708786
82.36738661548243	-31.561977912301952
36.000893512237774	40.46229679411145
-12.665776597002697	-88.4911185296868
-31.67807903660973	100.47244965846522
-15.602935373087213	37.606985390737094
-110.62151628014904	-10.31598565169527
-104.48931469189732	23.210087911750158
82.44276866469866	49.48725272721654
61.55771180789147	101.00830143137333
129.6343919458391	-64.85686497952706
-76.67983401156813	38.01058833387111
-40.81363352432226	36.40935840197549
-128.73087766384188	-8.267642802702508
9.00401420655762	74.48536511579644
107.60355020001923	68.72988382876105
63.034604643054905	-47.55914879757909
33.110198512305075	38.57943763757185
-100.64190118665535	-111.21097192454208
-34.144810469033985	-103.74790919768711
129.14422878239174	7.217913960456004
-8.603284372272984	-93.49679680903562
142.156547956308	-14.811960265542917
78.92592959544228	-111.27401727002926
-109.36073249166952	81.94868303800195
133.45660197461456	12.114478287011869
96.53117988282537	-61.5669755673352
51.10472057917306	-90.72749110511543
112.51288341491848	-44.89709063081064
78.22139219893675	-7.720395920129527
14.774009580153484	109.10128540888282
-18.520782921460363	122.26470911869866
-34.48822265858006	29.551653198082402
112.07461544961322	66.72166300078362
100.45895577472805	-23.5675110466004
-3.2204625897838506	-146.20552695706508
140.06416657536056	41.80330773060791
-57.430705599997204	-125.1964538353987
64.65994636793792	73.275417512846
27.425179991278807	-124.3091850281272
-38.3218280434192	-59.44589807868999
-75.68070794957828	-27.75752786607382
-58.1384496171974	98.02620082469437
-39.70940355041034	-122.66705914392647
-23.419529071985306	96.29708458058879
131.95511053774985	18.252748808039932
103.2269346342692	-60.615061381362665
64.59894129177664	54.304676051747904
15.671760132976472	-77.85101031023913
-91.95175622523348	96.406509033361
-78.93178435756853	22.701587079704883
-1.322486220930449	69.21341783043275
83.28969849819383	97.33371799989891
36.4476599543585	11.341283199144264
68.66732936678275	7.00385530756424
-121.00292352690298	-66.70626954821763
87.90166033759222	-66.96926346812666
15.663383361367938	109.44204557096461
122.76827883700945	65.0660810961979
-132.85146842430603	-25.097379811897216
-132.9543404792466	1.2594335337139935
-9.507993430754714	-88.90959130958562
21.862802550237816	63.09037683183887
71.68797586935565	-84.54110343641722
101.87572091506472	45.90052887926711
-31.991543391046164	-4.3213500029539045
-60.01856107958765	-76.4703819712039
10.268654196242881	109.47180187018485
98.93754337318187	33.97595699460492
125.44571513861159	79.84214321418003
50.38048680321419	-47.22648283386862
59.514497116877926	0.26705355673956516
-17.239402094897866	139.83304495009403
143.90362448083488	-18.85134923436788
-100.93878852217514	95.77322479843345
102.96250501403128	98.22057039049469
99.22296784183224	36.94947531097776
