47.209392390581804	-94.55550485194951
52.83219109190273	24.794660405881793
58.322325725189216	137.61069000110425
60.52040276732348	-30.601916953900854
-41.03258549268368	-66.89940830406282
-92.70162834850683	57.428381730703435
-15.876295988384816	18.55407719786159
-1.9131420220870783	-136.3365575685049
76.5439779114617	-65.65528498881866
-86.90489055915903	-18.617215000930145
66.89967051219394	73.65433449029554
99.6463732966806	-108.98507294498434
-86.245273244395	60.3609567626187
101.21043728008969	-81.83285490782364
2.20072254335375	-18.35623155708467
-59.219517225594124	116.15650276742296
35.28410625002335	29.81169778486501
-133.3867611621656	-8.099718151898802
125.68372663463936	69.76655716036244
34.11132620678275	-64.03673309961039
74.04893885286153	27.445782013075014
126.18518029209774	-47.52467518636921
-132.8539123361032	2.426945806342105
-132.81260918218337	14.263329998592083
74.1702053053491	-112.60157113271092
-84.32880115694836	-25.647538567146935
-129.21675925672807	68.4541176548124
40.61397968613917	136.25547051264184
-6.842708472163165	-53.16772430888764
-30.815251114229035	-0.023109273536733213
-143.61357744896915	-5.452979398449376
-2.0369661418960066	69.49102795442414
80.03757682722117	101.33781123540746
-49.38085865055837	111.63480156490124
43.48615513179587	-120.08059885024157
-82.4474703101434	-84.27976431516812
-48.01878205394303	64.31746954196916
-32.77221487967357	110.86722697291327
109.37132982221769	2.5423123704203903
81.46863745174763	15.965471325627513
-87.82515362650032	10.881406096384417
-4.800032863826379	120.57532027468109
126.46558543158002	-53.019530727580126
-108.2487506103075	-40.6714008456684
81.00743393935726	-57.30871920200552
15.262034268171126	50.24506184570845
14.447397389978677	14.07697873182771
22.180712641816626	-38.49606674313317
-30.257862753416372	-24.843937079370193
-15.428733637456116	-58.89453574906406
-135.02575989267297	-45.870495705278366
-36.410606105004575	45.45753939358986
-15.795678037358183	64.01531598845344
96.99788402551137	66.1676413434986
96.58332519556711	52.88249468084227
-130.4942085307757	42.30623994529586
-18.96931209321219	69.34533232513688
-91.685968263351	-49.698921372270675
-12.707266167556638	-47.888842634842455
-64.86889128347364	-94.8887385816726
86.41539517230619	-78.00131654166145
-13.294454518820581	-137.46987530031606
-67.8917880318763	53.12417861954537
-52.45564531777192	62.86016010618353
135.9706873493645	54.21124372713935
-95.4173068851339	-31.97969814392701
-35.03314574541522	-72.66608488631026
-48.605184048723366	106.18451996702677
32.31296173592652	-46.6621424976228
-60.122178134197306	71.24045867055752
-63.413414171162756	79.41060825806896
-57.83450304261043	128.57238253617078
106.15079718711502	71.2996001022402
93.73613515120623	-3.894329680546383
-101.76149440217141	10.563361903817224
135.26126907960153	-53.88897516385512
-122.33794560071783	-62.173579935098815
34.8345420321848	-37.81792398283143
-71.90468462739615	-53.86783391091497
-60.96533772528524	-81.86004885003604
64.18238557115053	-20.533662657253693
4.094718230421179	-53.6857109406582
36.844404360453645	76.07303841329967
-66.63342470615127	-102.21889616083398
-78.1032412897335	124.3876331440547
-123.34409551404511	82.04219651192577
95.22563840117759	-103.14221683178684
76.36531866964984	-100.80351243050343
-24.804656156552884	32.69853266692334
15.789198122817155	-10.370436209600529
-22.806962653687034	3.791486715959442
-10.440083349066061	46.24700026455537
98.28045635907537	27.789951159235585
-7.499768411722833	18.99200872070482
9.268370750456555	-88.9319950925822
-145.25998267404603	17.836347618672843
24.251551974674825	109.7057898336814
-115.52747074062196	16.871368400891637
88.3492245749486	-56.85166516749287
-39.52031794803326	143.26630490388538
-23.520961635515953	-56.606114448547125
99.57128028558425	109.70662276948892
71.70058342241471	-73.26074112482196
-144.06953343494686	-8.004582561248318
-26.261932834525076	117.15200567563988
40.560832200666816	-53.95784690918842
84.0327037348694	104.16962048434254
-32.938672954347325	43.69400454567835
65.89507595737335	118.00062325580882
19.43629112216969	-20.33393544010905
-52.41324958844854	21.560082196063668
-24.385477926807734	86.51883760356192
23.636127524837235	-30.09946217402233
111.57663733190708	-77.22833458458734
82.63782394898104	57.698830568217474
-94.5683766737894	-70.58529766309447
-44.88741849266973	-16.19843449704736
6.274632094925515	-10.804446537972451
-148.5261750884053	-4.483109295779753
47.67186418583215	31.18687787414748
134.6156951593087	-23.534246102776486
-114.7538654659666	-35.300768268113984
-88.406572084521	-101.52684615252309
110.26452621454494	37.34818097240943
29.5089454709699	-88.78885156992084
89.79288801954523	-61.936005756144475
-27.172535981635544	106.23901536004871
-14.76354348292267	61.607208652856784
34.35551599940105	114.89546307704045
-60.21737382670766	-17.584495897986457
109.39586812800744	14.802827889532265
85.29024232558412	88.59590010084229
-103.09388466443022	-87.35412576892209
-110.08799706840347	10.325200928686234
-3.8722443168433607	-117.52080130727857
-6.066044380208372	-127.78168165685749
-82.81134221060204	36.158198496181384
-14.646009989241655	-28.96021423113139
51.988865379093944	-62.86952975906653
-42.301775112625286	-29.554374445403198
128.21262383479785	-25.774516107692747
135.2223309478902	-5.383233915676039
-147.1265754920921	-12.244752733875538
-7.608580510246402	116.08940377550992
24.50913880164673	-100.57707031331535
66.79793785573703	129.26359135675926
21.537146780757432	-142.21602414231475
-112.71703354437597	41.6376969053387
23.665837815895433	-129.8111568056207
-19.854884400848587	63.85144394984741
-103.2809176115111	30.289523203943645
45.07189948022247	-75.05871209008309
-72.63244524064686	115.12883992300424
-118.0481623102467	78.04898885300851
-84.59838037581042	-43.26845888250736
-65.20427690999708	-80.75685961928055
27.042009202726472	66.78988251620947
-107.26750923599703	-90.82637597039533
-55.513895980780376	6.43426820133849
36.31426683992153	-138.98389173554958
-67.85272189684763	-96.3384444879931
-74.25841898327398	0.2805891851489114
62.215519627492455	-75.61119205205134
-38.64231906578303	-28.160536240240656
-113.43211556251528	22.543176440661505
45.493542029981754	126.83360813080415
32.997871096634064	116.53876173207233
36.29238615924517	48.97104452455827
48.782044159363906	-100.21881463676078
133.03875672255478	30.450845365801534
136.45840973228766	-27.2866606308069
-109.00935593327186	-69.86610915546784
68.7643617634042	59.07759914015279
56.218402926957566	-137.39964714442047
96.24873648374903	-95.46158857126856
-92.94105555333964	101.46194874642069
-90.29637407494597	104.79039253571302
73.1914997428887	-105.42975466880068
-106.06186223212552	9.86442560972582
-99.89328118196879	-7.639037366286073
101.37643954573532	-82.75212791414724
71.95961707360031	75.85898914855312
106.7102195735994	-94.17830709416974
64.19061626805664	-31.867801625433632
131.95165277454407	11.23678334277874
-30.307606118572394	-66.8181343209022
-20.767129410327076	100.63266478060407
-40.26716671357022	-17.304166982368105
-62.6608000799648	-85.08040839623068
-94.23768394262767	-54.623771388078346
-27.4673406599045	-57.47534392066445
-79.89446582291227	-30.43600566419397
-3.534078894118582	-68.99138145107113
-95.7285702033723	-22.589987159790017
34.84525924217059	114.62262385617142
17.787584848068608	53.67525029049291
-55.152675990573904	-76.39455839343074
-110.74190313881502	-5.889618820456436
-84.35422061711276	104.08521983379644
-107.89846402486926	-48.61105671232294
