-62.27726303959868	-113.50563974927817
-24.789541751411303	-41.024311610944885
-19.662530596106205	117.67408214494563
134.1386179035223	9.652255322220277
41.976814444599036	-115.68610469705919
5.23076675205351	-130.76189898513408
-25.784521877896907	-31.63270298706721
27.461959654540887	-11.90721997133677
27.85011721327255	94.52317875747103
106.16791073662915	80.86226326575225
82.22584600712553	-0.5823529186986617
87.3179309405133	-94.85827168374072
38.82376245427888	10.381293603746185
-58.67905610495767	106.3211133897046
-143.28144281606018	-16.034816098403248
-70.47944972331346	-73.40273484809984
-31.106907212265742	18.015924367070806
108.56255599391906	66.6058765806511
-138.98620680769235	23.802557320153568
-86.47359978611739	-26.177388489836098
-36.16683677445283	84.03327694212986
46.78153649025045	72.4062225130535
-48.58483738287187	-5.519053811232482
-14.391170955748324	81.74837154667344
6.702461162463117	97.5063608994073
-15.8913270331774	-95.72003817263864
-63.40025191072233	-24.876712763871407
-4.78846217141691	-111.69291815658305
-104.44610914490032	35.38590631672784
81.92613068976209	43.355315464804995
-144.8716917399136	6.831088072499557
-121.7498591752235	-83.06655851138568
20.658127760495574	-121.91690777018053
-69.45260864134659	-39.86119284153243
41.219539572406795	-139.32713695868287
-126.9836105262385	-10.150631823761247
-75.92578811978889	-64.42678939424798
139.22240004802728	19.857846057849276
37.96444349238604	-45.02857699941162
61.92237290204092	105.501326928393
-5.401775258321701	-78.90390720120132
-104.72989482435675	37.86834979615233
62.994753014197634	-50.646857159632795
-38.28032309945117	107.59084791130151
96.84506233708278	-17.20989364246176
-10.188798249969079	-114.08134707785892
-31.126863118560145	-27.299590812527338
7.9281023396517805	-3.0879257445840635
-128.6228178548663	-32.90543695931745
-51.48127507518589	59.49260512480352
-42.3529715727819	-117.67841288802039
1.0934669655522582	29.59024488659927
-120.78180558705701	-17.250872191365733
99.97235763734614	-78.16774870763753
-117.4408240291493	46.30207221142528
-123.03993619347781	63.27857317084957
-72.58807752657383	118.96381469353804
-37.16874911091733	-55.92390556805204
-12.03149068194941	113.46838453244217
7.6091033932992405	-20.158106567346724
-30.18965417072624	-32.90026010337464
93.72778386654109	-25.301045469172305
26.00429540384266	-13.741337654385894
-36.609219040203364	80.2654010237275
53.1184933456123	-107.56341686937616
128.01099856831473	44.27484847478209
-45.11106793238681	88.10061391929541
14.110895490675142	-103.54563003129077
10.463287105309615	5.207922182333831
-114.8268404365724	-79.43370462569315
8.017630097307045	-148.5871642139627
-26.509369803836762	-97.18810928144624
13.150630744384422	-81.59148993440043
32.394449445181834	53.926881326262595
-52.53496358589067	116.39115952687499
5.195663963617655	-96.05875109151638
-74.47220511818104	-45.46934943833414
98.49571273286027	59.868605397904375
119.79741894146547	-62.47998101616807
60.53294137106146	110.82773734411742
-113.17175116527737	-73.77210485436356
28.67298258362151	105.4780442556573
46.767730898006526	-103.76923451758452
-14.956332276219548	-8.47587064230517
-83.40065736324921	52.270253970318414
-12.94287112662547	-133.80937267932603
-69.65750857158802	95.46830449753539
124.7292906533456	1.469878721039892
48.966661738641065	30.82576157068998
133.42470163137452	52.5972030479305
24.58872185904167	127.47993413467177
120.10313405682761	-75.94654597867302
30.44588096384248	74.58053272265985
-98.85164369118371	-58.108189028834595
30.10455485622332	-131.05372679820394
-6.8053343397378825	-96.47976986094027
-40.899742335579816	77.30952321500278
-94.38732705469033	14.337123909403115
106.29083449685496	55.08073663446914
74.35755853551177	52.72069313229084
1.3710691655007337	70.3484568097862
62.796747818310365	86.40515873466508
35.744519843380715	16.19250825322621
-8.613559473635696	142.4253453694866
-141.4385422376073	-31.39184890696288
36.52213942907596	144.26060589230627
-25.350518509961987	128.00782537622322
59.859449439050145	-120.3014645665973
0.9019418365338825	-137.37686901373564
61.27411582884011	11.988425595862939
59.51272284567361	32.84650135528533
122.24596245752304	-59.21561447212639
-62.44040678984401	74.05254889016581
132.02949566348715	19.603228074487017
-44.00829373702519	36.26991243592655
3.001547958131353	-33.01125799410157
77.31836351900509	-54.435685256422936
-23.846124410099897	-74.42410773561528
-19.28654160168561	133.75872776113533
143.15722771230344	-11.838153343973401
70.16717217081022	98.92232560291893
-33.005944923920694	35.825274172156654
-11.426547329095747	14.528142661547307
-132.18699989476355	6.717955105456869
104.5925164242028	93.11007078357113
-110.39875269201895	-95.59287646678122
-82.11003098632524	-96.97437238951474
-25.615545004192096	7.755881263291255
84.6367794668857	60.08464489805445
7.316317615617438	-104.74814251556832
27.919957461747373	-13.543324474792191
-85.83967157582282	114.56935472025484
11.082450294765367	130.6302002506467
65.09659174137487	-19.499202849710585
77.85205972432595	92.80286045038065
-134.11259521032233	17.356422084840332
-47.71463485286039	-130.15675361874463
134.5455965429828	37.757690759695
49.035352519323126	-123.49131450330309
-57.02147818354287	-103.33844339892066
-0.9484429327404856	-44.020745805432156
19.163149485206883	74.22180733616713
-13.527432051684471	108.66117376140402
90.89667022960481	-2.7170862938131446
-80.34709659751385	97.70653513447627
50.98977532190454	7.8819049197641
-88.75940849659177	115.533895510002
-63.954818124277544	59.47975088668101
80.59279453058735	-71.76191963687471
-15.209486942380272	85.49033565658459
36.16794764718429	-129.06867340149455
45.47853642393581	37.3824883564033
-89.11765667363072	-6.040673539142769
-98.12130040016504	64.91714576098781
-14.897712481357086	28.468947460703337
19.18051028228768	-115.63973412134013
-100.29626532641771	-74.86701945628343
139.3114048912686	-44.47708775917165
-94.9639517179704	113.69121845205727
55.17684658883037	53.23587010265479
10.136099060834345	122.25953640495602
-17.692427369113695	-39.62113470490479
-70.67059515730242	-106.02206336249762
-59.20462366800513	-63.178950540724856
-13.45790697875889	-67.83582700945725
15.783387634733657	12.414918121381964
-25.987632717462297	105.61899705750488
-56.647961124222064	-28.691306496971702
-105.06670075914748	44.780708482921234
-107.11277524472757	-4.9935568245064
27.287514691986267	114.7838995628592
-57.13793574842887	-47.244203657047876
-26.39864689698586	44.24055180926996
40.68092470229963	-126.33340449284685
-127.50662861007207	-77.75492674488808
92.42688372272163	-1.4837015710912786
-78.28624476953131	-50.854911472739424
131.84142300503996	45.81621908167887
12.538485858269539	61.333295746048094
-1.0847678773490426	88.19165391523549
78.1939646295704	12.564534804363275
46.52701682690101	-26.074335351779663
-77.26603556234815	-79.13417481088968
45.172106699652815	-109.84231039327692
-120.28702115853932	-72.79045475174718
75.40717316427818	-94.36132411452249
-23.4723662928042	-24.106475312318135
28.81101542198602	16.389514159587907
35.79986664011702	6.670717843288168
-70.70711051679095	26.333542018198585
-46.945360741768354	-58.63758012984516
75.56562833383838	-108.3833646863189
26.342059428112186	-20.382275296673203
50.44918811625402	-105.74127931342417
91.10407950881488	71.55708099947346
3.807355287482497	-107.33289777334866
-13.293309717538184	18.4445547031132
85.13923136747145	-106.38929448987226
42.01266613676172	-82.07712552695385
-58.65069435983588	-81.52333041764513
