6.501155285847462	-33.820450789536636
72.98289881982878	73.99210302852498
108.79984092862853	-81.69686183762613
100.04218681840142	-59.07492961451388
-40.789219771282035	-41.96517539870026
-10.740657166119444	-60.9105104812362
-74.69026060311964	38.24540679498167
-66.61510286038512	84.0429818213982
15.234314639380418	-84.7619640050889
35.04842542136669	55.58948198718505
-107.50233915783464	-46.761632147619345
-135.86733091100714	-1.0915044562515197
-3.6743640941862528	-117.41986358785657
33.63512824091558	-47.07564064475485
-18.87281528631373	-24.25469954081343
105.2577830931007	-47.19000919631174
-135.81362275681548	59.79192816822064
35.974193473491155	-54.439400674812816
44.316319003493454	108.2901500589182
102.99938849020535	2.5997656497922246
-93.54316280908998	-100.0647583831807
15.970895290801435	32.83505667222018
98.23905398306898	-13.971513667184905
75.67236624542129	31.987576500607993
-69.06319606187658	-26.899300741291906
88.08768754278188	-94.32200054962796
-56.93220317529137	-36.581802821435325
-90.13825221811997	6.751877642506951
-141.67582552041083	-0.8715467511656986
73.71324920952763	109.02090476967844
-112.8797196222421	49.988842032954196
83.58344015327877	-35.6860335503876
118.97189735513354	26.72366858124295
-34.90059365570222	-48.770565520055726
-70.15854211826064	-95.19903188176959
62.58623641805721	-31.532083242676244
45.97216054905707	40.17759537492476
-40.540688068667684	-122.16425629320483
73.55762123059486	-113.8602845667887
105.91481801875797	88.28985287037162
-5.990535646642043	39.25806698832663
-49.604531739174135	-21.75068681839247
142.2177957849022	6.505892442888652
75.13145200608784	55.82780834357364
122.03901686817943	38.195124334443705
87.09820084771125	1.4512186182031372
-60.347088398344475	-32.67057891986164
-145.09953059584106	-16.680275935130922
-68.70816622890128	11.353482697577
116.32601865620539	-21.278650764242848
-82.45733925349853	-27.636827445175932
137.61658569048015	-43.82890557348904
-109.53996781068012	-79.64558425151228
-50.06410971949591	-57.883534166973526
73.75140822129721	61.64637257635778
-96.90142535935166	52.56486938811345
16.664703045010423	-25.055401096823747
47.764741258092265	-68.52245886210558
60.71763960090176	-105.56679626397285
-27.31069835465996	-27.330844470749227
-80.12302373120794	20.822695662600513
-33.573312581414015	-116.84629774655903
-44.91852325508493	57.032227408815906
-25.461934717957103	66.92032708425197
13.646138624868037	-65.90306180998869
-57.108574830113795	121.5705198049523
66.49116066752494	113.47820716467876
126.12088829558772	-19.549447323040518
-135.15530590794566	-15.114247244837875
-10.873602981078674	53.065209892164916
-117.02956237561762	39.05301546466808
55.770571489229745	88.74856544495336
-19.801609506315433	81.0477564409762
-86.29578790497261	32.8120935689246
38.919152754986165	99.5177446837952
-33.72469103486538	-89.88570433727148
37.11841303129415	44.73923864075423
76.10499557530467	-84.31940558131781
-9.49442632597656	-30.967908403811236
-71.53444874970886	-13.186636589721004
60.12849990043706	-116.95348352900648
76.65531550721042	26.986308944138667
-54.871112868099985	-134.5415188325642
53.501689902167634	126.4174293854415
-20.784390541318064	90.55479139192813
-114.21914849061726	84.80419121682156
-60.95326176068437	-10.942089397163413
2.930560908107354	-66.75894092485476
28.943282457536444	134.21619148706858
-120.68529255490253	-62.9884490364365
-14.003774414604422	128.9100930940935
76.48653135225054	109.15164747327684
96.43004046622346	-57.86451181576789
-40.8316948275952	7.874529970238731
50.79987558420885	132.43171198873168
24.55963016721541	-48.4902393070185
-26.01126565034558	56.40993381912466
91.32870529523434	97.44386173312697
31.45400273305637	12.752336596631437
-53.19641604874636	90.64610232386292
45.28387823308299	-62.93680479004761
-79.51148767494212	36.36624789595134
42.89247379746925	83.05650965496768
-18.37283464452711	59.803016373013456
97.85283583188236	92.40004548448805
-34.591010416114095	-72.31249092671811
42.22504273230182	86.11122760330736
-38.60315548857345	14.293905601683692
45.708477126746864	10.233341038269467
-65.01222897276429	-95.84975586677322
-30.078385153188037	92.88191521942181
44.25842699034246	95.12099507764249
-34.573212654619525	-110.83002092353574
-135.45468789402346	29.22829979262952
-25.44961271069029	-68.32212456008823
-29.682479759796408	9.624492660488414
55.18531356819174	90.1744112606358
-96.18696941004158	-59.70495498631728
23.8205515638582	-20.45118261617701
14.026769786372656	-52.60767791009595
-117.76617192636134	76.49410801190311
9.584868554230795	-14.394769568821593
130.861027726655	28.285579147190084
13.925568031825517	-124.7101304934555
-46.922023787830824	-138.82840450549926
-11.855939527693625	-70.6222633501222
45.268448999919784	53.38388554268108
109.5070723908737	5.830881721835237
-41.10854813957768	95.95576082400345
-43.749431060347135	113.51642293080818
-104.1569444066075	-67.79102353799642
-16.817674803156358	31.13906971732899
52.43751745455021	103.05594533150439
119.06412071734682	-34.98771281707005
-53.30476169255101	-79.33587849699114
-64.98303479936071	125.94387198513706
-88.42498836699257	-49.99603332118591
-125.08259280707031	-42.218786991068185
15.283325485385298	-44.185640775882284
-2.1407654699031426	-145.59156637898607
24.880711504912103	101.42212579993536
-65.063414133462	2.831938368356856
-31.072703738458298	38.02366419458344
33.19660462026603	100.39749751113185
29.663843518632437	-58.5622623208098
70.45081275035692	19.652725396610546
4.098707767198074	33.27983584601008
80.43286611006718	-119.72046130643845
-25.055420516252163	-90.99842167514934
-123.29869891480158	53.76643558618749
11.141156729753368	133.61019340520562
-68.40806880538344	110.93855148951347
-24.4399035018455	-132.74861729363994
-5.20177611017267	-22.399037861103196
-56.723943835416726	113.27062215017197
45.13344325892545	-125.88332406177942
-2.9659286857393594	-92.98012843120749
-90.00905835249732	59.07786260183016
1.4107689864093587	-135.75755355427
122.02634359013611	76.87269673449073
-77.81725705796653	58.144928419488245
-12.854450938624392	-85.40479584730642
-29.712533049391478	58.92111072286519
59.0415694446741	40.39900341200591
43.78358530950297	72.33187812125314
-20.449901766772197	-14.294599529278985
136.58726710865696	-5.870246669775012
127.26737723542182	-57.654003685218726
-35.90194944994179	33.18254159281226
50.3001894011939	126.60129046797748
-16.23096859086702	-116.88694223352586
50.31251162178606	-63.41545520497116
46.15205289914764	-42.78269764866906
-7.991530731180805	138.18960787276117
-137.56319901779568	-16.960078609910926
63.644756562097044	85.38242964148935
146.34091765408576	2.0618326653004764
79.09333392664787	82.67605213373585
45.516592071580945	-92.57299569153953
-64.5069014761129	1.5744589231638249
-2.710916750288615	59.76145930892612
70.88219933102663	-3.213613707665417
-65.56010691060213	127.0312954234686
-71.11364645720808	-15.030120408586965
-118.44477395061729	-79.90047500690542
47.73152323439228	121.42560971278952
38.36948369568677	100.65032156328984
89.74849849447686	-25.499674106726864
-67.86717392084354	2.4375078379980923
-40.8427747305789	113.28710978293415
86.35420935639594	120.1896045164492
136.74359480289024	35.364920392469614
75.70264582943277	-28.95365978713536
15.659221136626094	148.0221257655597
-129.93576949012768	32.8907895451812
119.9993552851519	28.116045346295557
13.618634090802852	-46.47202749624864
-27.08766336768934	130.43464243944373
47.4884429640835	-13.094621327987618
42.95059703011919	-96.79852135492561
