1.9405139069085946	98.84256836771738
-111.82348544527959	-44.74163078519918
-38.63859131935816	63.05261418753237
34.648397588784796	-82.6284983914792
-74.84804578559584	97.52129391582072
-110.58304362704321	-34.40393384795098
-89.58616414955148	112.06097488438232
-140.80724185256594	-14.401630653061202
-137.17763352448478	-36.1709205518994
31.921767749668035	78.17516324561578
123.4184305796881	-11.715369278749218
53.41878223700166	60.18051321477233
-84.08480557775977	-3.9738606574270765
-44.61533567372779	52.34267065584563
-76.22264325211201	-114.92176598824013
5.735941906306294	91.2689478311525
-85.6203226023552	14.31784469976501
17.38956808417614	120.77407953041528
-76.32491801037432	48.818224862377775
-69.38161516371251	111.78089110994762
-90.70257120376043	96.66292237361364
-109.49737046797816	-53.21849390743702
73.18189969537953	-15.311379884777862
-68.23476793776899	81.43295832054375
-87.81703265149473	-48.73863827727554
56.53817506481083	62.48865136786831
-108.32836844857832	-34.88258081791021
67.66935052452864	24.604232346187263
-94.67374806891512	57.24174790260644
107.45555000779618	22.94294064229748
-46.74769947628967	126.19742564901354
-96.77068347878813	95.45506814113337
68.83182385647194	9.469316689330318
-64.33548431652265	92.97153249862303
-64.24537480055888	21.988926529426987
-123.88918914278577	50.16313636660044
-98.49716307129025	-106.6003629466738
112.54339159929977	6.8979599007244925
20.82005072270005	132.223853440944
-75.5179768294684	42.709228632492575
-80.29394097593493	107.59750626522028
-34.47861287102403	61.613386617502584
-42.819294601644216	85.06438967698858
70.6607147361739	15.960933106779256
-127.23014553173806	-24.276242603772584
-101.35056593488345	46.67913921284031
63.25546597737374	36.0940355789162
-133.19029053169504	-42.85219457610524
72.82393953900193	-26.275692141515968
-100.00086796966573	100.59614954306801
-109.4714186576943	50.46623766347435
-35.09362077874261	118.95060787848858
-32.62383498344775	81.13791490128746
-102.9145421691489	36.851090675594264
72.39130498510276	39.21562548006174
-122.96932009749003	-6.753097183266694
-77.7461488178534	111.53525934602901
-101.35995920538079	-3.326415701678119
-125.49161975398944	46.045489163852324
-37.369225885462086	76.60931580923703
-93.38798200386708	70.83993818261493
-132.61741953791122	-35.89721291019594
102.76891488470913	17.673216025623198
-110.7541750298117	-70.78247631223987
94.31955926586058	18.12539356257044
-125.68789970038965	-8.274571558535067
-60.25150809956111	89.38052551217672
-48.3450282024987	100.2937979413234
-127.67810774190461	-72.94470396231046
39.87530614853172	50.04588483232698
-120.24192834094912	69.47594698601893
122.74680448639266	44.81710072594026
47.644844985661116	42.007593538844986
-117.21270647108699	1.3863762926478684
-79.44069721852861	44.88203368912005
-140.9927177428946	-31.354489168334887
-41.76158262490434	64.12299682985162
-116.16474818169168	-39.25611357738334
104.94866482889357	5.849471404693469
-84.32852751343763	105.18037074356344
-109.34346500694046	87.35383416013235
-57.41628754294672	108.01376235114537
-37.4618540452982	97.32194326943959
-125.25867498206087	-6.24540466848547
-53.43357662710219	71.90009692223097
-19.592826761724364	97.54781183563696
64.52684704968091	24.541014038052502
-63.60050666593635	3.1521081794818464
-131.90863255640147	-12.600390439824459
-86.9434188195256	66.42396365851275
-78.64720380679714	36.85585262888111
43.403170622853516	118.31728986433781
-146.60454348873077	26.188710598838068
1.829136014937249	68.18386559757246
-35.5162363318237	-129.64178829935923
-75.92001742111636	86.09534185317608
73.62809923092993	40.77947328855425
-112.44762446188453	-26.485557810858946
-95.9064154241033	-57.74008017847229
-53.725897107757305	-79.69132563497537
-29.022757226296836	116.56910539287473
-82.33075844171846	86.55673653491534
-91.04229576783601	39.258081571477994
-136.47114559675663	-24.56224526909081
-52.30039759011886	31.485862764366395
-32.31662296424539	91.01791035305135
81.77780858054328	29.26382607341082
-114.29636761025208	-65.03758888951067
-0.9769047902440069	69.79032359687601
-70.42687053921614	-69.2533076734525
91.02195271429945	44.44538907805287
-145.8174783648488	9.323701961813498
-95.90144654912376	-11.10418587624102
-57.32261036539301	32.618485645075715
-16.24979397127452	113.83223383651094
-94.5467599905187	-21.014053863404214
-100.72367988768715	93.55681935425554
53.79596006805703	76.11496273763501
-67.52713652525493	29.897350145839024
-82.30598980710378	9.350430632459096
21.368959440724336	98.67841864752653
-79.84038567707087	89.28191221522987
73.48711908421618	-11.325928480360753
-42.500916475508554	102.26157849978017
-125.00055896344156	2.526492907536208
-120.6128928369362	25.493138969424763
44.17068401889725	66.27780529306064
60.35248135010581	84.9562740735203
89.0651259370023	77.26458421981815
-75.80050218811958	-4.921496663157795
3.3720772324245907	-121.13506630580903
55.48260301179879	107.3075904661737
54.23252565504896	101.67125172795915
107.50771099356758	-36.82817583613942
-17.28937539612553	-65.5910108544427
-29.533090571467856	99.61167735826393
-125.71769575138462	21.01783296168725
-100.34930294992326	24.185404081534944
141.90767634631095	7.70388752803095
-91.73579159281716	-63.83284454737218
-105.92051344447269	40.14802783083454
-78.58614258659973	-52.95719230193775
-114.31226208324041	19.03772758526907
-79.40938788599874	81.02618172326991
6.1850806095642445	118.47555998958555
-13.725352327512457	126.58489264071403
69.92746051385782	97.68210041704376
-97.08267871764879	-79.53682782211261
-87.31237338885953	-16.433020189673208
-117.59979570940212	-52.67688199108467
114.84067756514382	-49.61937586169439
-23.497135952532126	103.54718752113287
27.971815566301004	76.22423754365357
-96.37643829323153	-21.089934030913835
77.59328515937302	58.53777449783266
13.738443309359134	77.16129226928321
-124.61083765315233	-58.24557893053748
-10.17774171763544	-114.34840188523171
89.61130703528737	90.52401146159094
-145.79592016292838	-18.712211348923447
102.50408131568811	-8.669815898215518
19.53604168324969	-82.00014510410627
-76.7214625971691	69.16580579877174
-93.07577295755873	28.475949880420373
-130.1768038329075	14.537225244269415
0.12481735469236725	85.1506098563954
10.92669427165564	102.61773163529895
-119.74852222506192	-20.639583326223676
76.07723031764596	37.88004007499932
-57.90494836836369	82.0602402604238
-133.89776611865094	0.5525746975536164
-98.38078622890232	-77.03271369595582
57.48763727208023	29.483509308072385
-113.6304038117649	31.094203629697688
105.1320751776186	36.97794257203135
133.1164273927348	-21.16484846459341
-91.36632350144738	23.217701533437253
106.98527854131126	18.35715138072807
-34.490370627289096	104.56286790881853
-58.917337508315995	61.88067706525775
-101.84113533647734	27.618724796941656
68.8073704488488	55.62182355495189
-108.16234515009702	26.69929149137066
-131.20562393465895	-40.54241240121455
33.06736249145973	103.68645844239325
116.66466064338482	24.68647016265942
-89.90082246693436	-86.98295235160958
-121.06596498736064	63.46216063948488
-137.82814220125573	27.36335670475429
-58.45761989261363	59.528466961736385
-70.73177279384475	-104.34234601327849
-136.03828620032633	43.49564962765189
-63.45629363076738	88.28434489607373
54.31338763313325	53.51309967723267
-71.88640668765598	-20.815851487654356
-63.166721442771376	98.19599264798947
103.28095071388667	15.88548288002085
-14.579381009622315	112.54876603535646
-80.15279668862131	-24.765591805009173
-94.69322882791188	36.35377876308443
