-138.16770595943288	17.29933822995995
79.33186583390938	23.96940365534235
29.103702784513544	96.95812114690543
-77.98142664781082	-96.4775948155801
85.89972840903178	24.459543663662462
-90.51291793119378	-14.520921841520344
-116.96122808541017	15.164951128635341
-92.45370084062658	-5.613992332676992
-89.9838636615176	-111.94049631117423
-43.17017405935183	7.747871899501023
-79.8034142112744	-65.69674047109785
-77.59824778772261	78.17232333731505
-137.89216008765746	32.49680088801169
72.75285398667762	83.58898513665804
40.223062339464754	85.65304388580961
-50.01616982271538	-97.90730971604569
79.20402372301685	52.64449389938738
80.85978232229135	61.339772145925856
-134.152256796963	-28.56242189323419
-49.834401425280696	73.36486894890633
-79.65806566162168	58.74125832841255
-87.12353705373023	59.370837302225716
34.8768831011496	81.83620740635256
-110.79145525362163	26.73667730582518
-59.9741019203903	61.356931365150544
-145.28450941077833	13.914487146066902
78.86609660955803	-6.8152193683213635
-50.72126997864954	72.85442073224473
-91.35004541564678	-19.769810854259802
-99.9887384928428	71.8350611740233
-47.456142117672975	-119.70136056225347
-58.51650742360358	58.101859921981266
-133.5675627192709	-42.02841076922972
49.08980082708268	39.68475982668784
-110.13794322355254	-39.961014767897424
-126.56004588927051	-75.58565653098101
46.25892987689639	49.76248010635868
-114.82319785038402	-0.829484995241986
85.81785286508052	8.569040667786558
20.253489071376126	117.73688876029614
-110.12667828937826	-45.24763236901445
-138.272555748411	33.24355012719132
-74.07198721645757	49.960993072684815
28.994129235314155	118.71468069769581
64.58532978073764	74.87217793269295
111.55305494156374	37.46614774957843
46.092548383359194	88.24645244048851
50.83532734232976	114.26179268737921
11.462777459247379	101.12758495946493
123.0825024435469	45.876447523193775
-85.18867388696574	68.86404576401068
96.81503549480247	-35.766679834768084
85.25463835295335	43.270957901810434
41.098689710099315	30.015942287976305
-68.04641837075913	52.61400727059271
-44.19819793735254	46.28608938295173
-81.66544948135238	-94.31768672828497
-7.640465685396171	59.28992856563
-6.839044135039568	73.62862933612425
-142.55198270648765	-16.516648066234335
-52.14336779786304	76.03174125845617
-48.30525160344363	122.80155291338409
-78.27036550749196	-75.59386542688652
40.90655752692685	16.7196538495572
-87.45613002280164	-24.063647124485854
-5.82336452130103	81.1867894512792
-17.09030444973817	-136.98555081354905
-113.70882858882959	-26.01782097606988
-30.432218268446476	85.31793673880215
-17.616750516734992	58.68140205777625
-100.25645578797786	25.342339973517582
-133.96180523638904	-8.807658688010351
75.09126659565095	-75.7343902823418
-92.62941379398318	17.190088056701548
-93.25200527769525	38.17017743758144
-82.50106641441992	121.53024385718527
-103.30020052874978	75.06265711675003
97.39178384219387	-6.208917372987702
-65.19294337184076	91.04556260738785
-48.641549689794736	89.43169903370466
-9.062611947089437	66.20691994970821
-100.2094738039249	5.175119496688692
-23.019702025505087	81.88111195319529
-114.56477462374336	-32.04733881259328
-96.21911322922622	51.78459965998198
-79.73176978202943	-0.48759529453040473
-111.99920104268423	-53.56231471350647
-83.35922121649226	-70.83986179379876
76.61166606770097	57.375582272473885
58.15224777040276	77.22985676901362
92.0675012702203	14.384926106841554
64.15060420694941	53.60444685880778
-124.11733681681785	-60.78038909090642
17.252354986019427	68.21922602782394
120.56545281229805	42.96793972563179
-110.3162519571235	-22.435441254637674
-12.770688786202117	132.0387604076155
75.67072465627213	-6.759819948045509
-29.46611631514443	122.24902507324393
-44.87722560938201	90.86785676346862
-89.35275329908156	45.264938875818984
102.67301430594271	36.17360012517334
117.91065289940614	-22.082471146329514
65.16007083325817	69.77915597605205
51.932224881976076	43.41743337164691
-144.27111191612735	9.334916066907741
-109.00555894085818	-34.97965389249669
-125.97134702935705	-28.46939205600646
-26.404411348619373	130.54021100649018
103.47261041212808	18.969070594155948
-1.1999013529672409	127.19828288854171
-123.66758393004126	23.411593017611153
-106.39523538269349	54.559532321765836
106.7382607754245	1.1699021758564265
-124.22957589027364	-45.24972912562282
56.54480639446526	65.6133018911674
-132.5298791203487	-59.50888195564986
-64.78349186277651	53.62467087152661
-82.37813224832045	-102.5850633007968
105.57884663276262	14.036387016298269
-69.18041152745377	110.88398635297747
-71.34398106612595	48.043078379591115
-126.65958599059054	-10.849088919183615
40.81474489125875	80.67084800429261
37.50088273952536	23.084098920555707
48.50240593059854	30.049537987936816
-7.587196123175598	-131.07918250613332
48.167465027946626	103.9509504653993
110.87286465583459	81.84437183974781
-48.9849009695792	66.64017916145977
36.93902124284649	81.197776701966
-121.33277812110212	-22.515889620924455
56.40119466191639	89.03094273091749
-118.82486862572794	61.707095016209294
-76.30038260812827	72.18520430295023
122.88686273577655	9.43648931884508
-87.77207188405059	-11.151916124097902
-107.29754400172688	85.32389659495217
98.51826342227152	17.990764687445616
-125.01762959616377	38.93157649261671
-114.35366812942102	-51.422759040344395
-54.99027868884951	94.10445192171673
15.939529665097078	112.30612348184665
-98.64191313365728	37.52650299119183
103.66625337090676	-12.863950729225056
-35.90766996779192	106.7239602169687
-91.40862682464898	-102.01938837908517
-91.04067093764648	62.32025923436108
-58.54218778019995	55.85624033053416
-108.701010646258	-66.99017963840441
-101.51673515216444	-35.29830518539113
-97.51594362229193	-77.76498096182301
-142.51669062699753	27.114597935196887
-129.08548014501156	42.376531238370156
-101.35829619919791	33.38557927752901
-136.1264670359154	-28.251562116363047
-9.983969114199422	-134.10696138205057
-136.7863385260178	-17.391352767185932
3.3655027755665774	44.629083354776924
-72.33887394531753	106.83892044088653
0.3054140246385085	126.82137129673707
-57.88970107377483	73.97184344704557
-82.02924457998871	-118.79770015383299
97.08918585546932	1.0314958162371977
-76.78069886001161	-41.05199058174248
-57.91214646732352	46.158204263082276
-81.00760968804633	-10.7271253837721
-73.08333676939789	-109.03813825555376
-97.56773940331061	-51.76687008772257
31.156991841795985	122.61701547580512
26.173735274592797	31.941070516458925
124.96739016724298	1.3767434630268105
34.35525205053642	94.56412103441683
-45.91345124128387	-8.990415481255653
-56.85249472166662	-127.35672854413208
-122.54224345893556	-15.372352615793504
-91.76937363060239	-33.81646800011821
-7.588633223720554	125.74543383607447
-130.07116703635182	-46.26667692710682
-84.994578705504	-71.55866757647998
-87.04881673677875	88.18272076491603
-111.404984008328	-3.0099819598529365
-147.72294896178946	-17.911258782731316
-56.184124472842036	112.04155863972217
-71.284384313633	-81.65345986381384
81.50457535746392	19.86050957838184
-63.671339189824685	-33.68967850170481
54.64881433352416	50.45152645662258
-45.75558105600601	95.65395814214234
17.036806722841433	114.20897467909012
86.34657775678957	-44.7675710066076
74.68475751664516	31.93417170590308
-105.6622273953272	-88.20599520997042
-116.01172260120123	-37.89663127885955
-12.62665860765875	33.09627533115589
-134.54476971024891	-4.7228359831713895
-64.84743118985223	108.68715702157101
114.22450769463303	-18.868705928155748
-30.371673845518334	117.05900130741658
-122.31361296957382	-23.977783802372304
