-103.96094116918917	-9.862951474064456
57.627547225376404	-36.8822202199238
37.749400680183825	-29.326384828741695
78.02575756769716	-57.177707412021164
-5.1137531671578795	-119.03698800997024
-104.24935426099259	-48.293125546265046
-97.94742639386925	-51.98398981878225
-120.87370456411553	38.815568737269466
-97.6905498714069	96.08676776660256
123.44419884295912	-63.22572903832295
-52.91748839545616	84.35275448075829
86.68507115017708	-35.00009605786521
-77.47101882899678	-21.61638298348266
-87.89465612876228	29.321721260411362
-88.080126926954	50.10877634568674
7.983063351899182	60.257582627291555
91.1239529351223	-83.89972450478432
19.099663712019648	-116.97298782173876
28.658649108849843	-57.00361722387869
96.49861611288941	-25.22902240408549
36.88740034159105	-101.17967308754672
1.4899254006295601	-76.67106677976452
84.76808307911651	-55.4358414473583
-49.210743042091785	83.42894610375309
-112.42038542714886	76.56720336790247
82.36997389785346	-19.24046208343607
-47.27239900488278	87.04528368892232
43.988600379143	-26.75009845341111
-84.57078199966499	52.29979884145873
-84.17411587300839	-45.89772615007762
21.05746207298238	-55.691978563988016
-106.26138499029697	34.5408050097025
-95.74247696857041	-36.14864819252369
-70.86849077984144	-7.5426896397593275
58.931451084727385	-63.781669423698844
86.94116854306053	-28.31985702694432
-84.83918937924003	33.97620819068525
-99.08573482030414	47.24296177709529
111.66595481880205	-42.19486632498477
24.176397853012112	-73.16291320135531
-117.37056174598582	64.68739142191318
-45.62830191147373	-58.45874002924148
33.99067648136614	-50.17896730521821
63.43052380009057	-48.1646497836842
-82.04539431470626	68.65849926276002
80.54220819577434	-70.91190996629136
-83.68089922677622	27.418716528433702
28.134588282791892	-49.49727737630486
0.5207400490166434	-97.81813812556483
-81.0761681225989	50.796878458183585
53.787628641669265	-62.91178856666903
-74.48009677117832	-29.237563809312874
-33.33023131369168	-20.81380379412446
107.53116098058904	-32.49261579769761
59.56409189405905	-100.14964354079297
35.598502652720214	-48.42087227652504
52.56532936786798	-68.45706794843488
-139.45810566472713	2.5935002749880027
34.13540481332065	-95.35496139881384
-58.140650252404726	-0.455329298987121
-73.83828771627465	-34.50765568087342
68.58459100924867	-25.996352697801157
38.23662696999426	-92.88545896937316
38.19479104908052	-84.20629954354283
-80.33693060801049	-5.79320214555195
32.66102076920265	-101.46940353939347
-14.209188195763794	29.840755547886864
80.937248478352	-64.17660074956163
-32.580151932764416	-5.190341655887622
-135.04502572802215	11.165508031092426
-105.2187255178653	6.9764664819732
-16.87246082427495	42.371511556169324
-87.08964726669441	59.640961139973264
-96.7517514548533	-0.5894305996645933
-103.53329280266789	57.92558581645003
-66.68419979297572	58.93320093046039
110.50747191811632	-31.85284216409466
47.85442751537593	-71.32328555219252
29.808372173846756	-55.7625751795722
-89.17070778838492	68.5997329042943
-115.94018825684148	14.196110747902694
-78.83244945756415	53.03598933824757
-0.8550634542128613	-85.55724984996692
-30.959948062348687	95.02532576387541
46.52076921553577	-123.09818246509082
-2.8073731609434076	-107.61580298263009
69.99601615900158	-67.78066203362303
-100.72028254480873	7.69790492744894
-125.30502963939892	-39.44765672874599
-78.06061120002266	44.187791202544076
-122.50121710279905	9.35378088824353
-99.96166840904739	-24.372536201828254
-84.31339228103757	20.962394304636167
38.27602225222014	-27.78775211241598
-83.13116928954375	5.807209934676022
42.102630102596535	-51.71636699944916
-86.56667704092946	-3.1126838704411046
-85.98976136718441	13.346713354109749
98.80804620407909	-37.236492221932984
-48.339736739026094	-56.71191721117902
52.72513431877175	-77.25010934912696
-113.06323462731196	36.322208879032566
55.79635226589919	-69.97568934317475
26.527648269391705	-71.01765511140654
-86.83431305555057	-4.588092675399652
-90.76273642789398	46.115831228741634
25.293750368573626	-95.0291180880881
57.65296735241423	-104.98277871745161
-84.30829759559198	-32.92573424190986
113.41287281697112	22.21872999468524
-91.49167532063427	-7.143140600514343
-67.39995545202139	64.05648931322295
37.51307973447375	-96.87964890220022
-93.47581650682537	0.19773278405820713
-92.74070061756595	-89.48035058253488
-40.68155706916295	-36.38112565200688
-73.28858384785669	22.327125239948355
20.75648613503183	-115.47735082972522
-7.316318637909164	-116.87202571950243
92.27066816345346	-73.27624289439761
-105.44338397960105	-52.83646525470547
-64.65974224129951	116.51292245173471
69.13804379324547	-57.60627226168405
-68.88653923729596	51.040198654247476
24.51232402465625	94.80600400147821
-104.57195073228648	-35.824142855775726
-120.07092095998061	8.514490962937945
91.68087526526125	-87.4084307219828
48.91550388552309	-38.23744274583978
44.78303095635208	-16.316779561594913
-99.48837705498731	50.898199417913155
45.11129251302718	-66.53656086838238
116.57468529928985	-15.296380038774739
116.07531440901866	-63.10277067553661
-74.76068105117298	-32.57094382199607
74.39389694540722	-57.214857095913445
19.551090358865387	-93.14701541220445
-34.15921084293915	35.634106067125146
86.1222281585296	-59.343558045717145
-104.00391526986779	-52.55982417607553
70.48200733554664	-55.8188637827689
4.584222963160652	-59.93266867964313
-48.40730006140339	32.398376118834825
27.531611846798157	-12.945169983030263
-110.94841792687977	-62.038586717718594
-97.07438311241951	22.386129365632982
33.516014894685924	-13.742980571712978
-84.55521027625467	31.62367682846299
-90.06734352486292	-41.90503598096314
-114.50195766027515	41.49988878543189
96.43885267556725	21.819247911978557
0.7537705371801626	-87.97948934937975
-96.71713319133806	20.826785704130312
-44.862851913620986	-21.082525875658884
52.09198020234824	-54.36772903625273
100.36217539759166	-57.992888341732964
27.40771357676106	-23.119102485788996
67.98880580028505	-70.09415511753159
68.9888037596436	-56.7455597517425
28.393868157075147	-101.3739868172831
-96.85101235735783	-42.257249789904705
56.9644039464466	-92.72490976917203
-99.97774293948572	45.19777926006595
70.73525015721782	-94.79766053183178
-101.80048684412893	-37.20112881354574
58.99784173905259	-40.309521922606166
40.421452419022565	-108.49348140835309
61.566053714671455	73.1650889733601
86.84875552828171	-73.0130697366289
-50.121128183455724	77.23688600477223
-109.46504353006571	-21.33348399451258
-112.10554046063378	-73.87994581496812
67.63478938191726	-74.1280557265043
-68.76639570691187	53.31234503908395
-47.297627341575826	-9.148399554769375
11.558523385536299	-105.51918754271769
-106.45031242844809	53.64433386248966
-110.54018635837468	65.14380138612675
-53.925969996994915	0.2806311558156479
-111.32012709408643	13.949858360423118
74.65293596796627	-99.41121446794308
-98.7869886843423	-37.56350593480401
-25.537226971145923	-118.48882708604816
-87.54339395881567	-36.41224164983411
-85.23725893858966	1.2209795445751128
101.07981197570645	52.24284236911087
-96.20429090070756	24.84097648683879
49.14186097115379	-77.566339250248
-13.70334313391911	-60.33240921887461
58.81994579424524	-53.99268413091173
56.13192429244117	-53.717253276631816
64.77492489201913	-81.58162298073871
102.55002133295672	-55.61096956475928
-114.18736154741937	-44.85993039648412
-77.96723250745015	62.43141151932863
27.177195060826868	-37.070866640442645
-104.57718175106568	62.846466289103894
59.58444207902298	-64.7202854375121
41.75853766279877	-64.36488012843137
65.2222432629816	-22.205201371673162
