-42.65334314025916	76.56685218891036
37.87712946308179	-89.41587240353199
46.431301545390696	35.43586296383047
-62.31586874175563	-100.97996983830805
24.206310031586224	-130.87082340826495
-126.57324356983493	-34.98732311014152
15.798723540147098	-148.7035271541539
-11.381163190212654	-68.15348850098405
-141.91873750181026	20.670657976879546
85.21928866685022	-96.0291247915663
-68.69131365716349	105.82970862700515
-110.65988557025831	56.02637143702999
-106.6261192114939	-27.277705483377524
62.888938665477184	67.5618174951013
-145.01474738914476	-14.000027695917614
-26.180911700976512	52.096211413204365
-2.634599548626552	62.87015304025459
-17.176425712479787	-9.002761666066766
-61.85504766546863	113.18178588740541
87.28330414761356	-111.7868007387131
-54.62294053445557	34.67471450845029
-23.777057719742377	14.46034826225851
73.63379975482113	-8.390603406495774
-76.69323596982005	118.32448057518486
12.932095799747012	14.03153794756725
34.06834144989662	-33.397173200906224
20.55951674677703	-11.81298168624504
21.47661512818919	144.08202920674123
40.740666596767674	-37.269544958055164
-142.25232361838476	4.866985777761302
99.39114736896065	27.81670076424242
-89.85487323304974	-28.46769839068298
56.9678490601337	-79.69433721349212
-77.30244078440715	58.68892651309779
-83.22307344478219	-27.620144358183552
85.69235496943413	104.40212969643252
58.52618349630279	-89.46837068149205
116.89227908289836	92.91534466319388
89.48761315139112	60.34754905951635
124.05002032245477	-55.0205832933924
90.67245583763174	-92.42935861838951
-84.67862296320077	-43.06205291145731
104.66004849949753	82.40491570422822
-56.60116356979331	-16.825150733889117
59.38430352704627	-32.383618646928106
-89.80028114791068	-76.55520112845758
40.43008881037158	119.89827685661302
99.89787295541485	-67.13094652576814
71.03196798197163	-80.1058361735521
-53.27631316611291	-16.05612725691834
54.86896294233746	-73.32462987449566
109.42291602639173	40.45583747296773
-69.20932947320914	17.223435734723736
52.30479111889338	107.77531479359571
37.95134658318939	-61.89517730209531
46.156872373801036	-8.44734953758647
77.4548826412039	-36.03266229513604
-78.32139618214921	-1.6480426793157312
-134.71491461925322	-9.323302871272807
87.44729765580759	-56.87074167766939
-6.703316486309332	-37.36324566233401
120.85071473485092	61.19936161926158
53.813568909113656	56.12116803456778
107.87548587616502	-33.76459843865637
-73.45884295417417	82.3899330127627
56.70168241566221	136.5490411736117
-6.8740275498288295	-75.42407668967344
41.58722530545489	-39.20654316985031
20.55755590407293	73.42966859899738
-1.0275842783435547	113.88295405772023
56.585411752785326	-41.14381778973016
87.22523934403642	7.235085227369516
101.89034671542164	-66.51760347448415
49.64387577066371	12.50138409763714
120.41354052128514	82.27955215059478
70.96047166669666	-83.32189712869446
1.0357093613621744	104.3065371592713
14.309586875315311	89.23977557295208
41.45181488414643	-61.71874937613241
-100.64699141192182	-27.32580073293565
-61.81091114524024	84.38329367845098
-7.918952357256126	-34.641518392283814
50.625603717652105	-128.46501284131185
88.43033113130188	-103.18543404977035
73.45123484364721	68.41465121798888
-75.59873363524409	-43.14909199809885
-46.18242831906562	-95.3580294696078
52.51207368689473	47.16732854168348
-3.352276179197852	-2.7777056879342874
87.49314533667062	17.797229331089763
-10.952063610776223	16.886972256732378
14.24189506391149	26.701580954511982
-23.869469376475184	-9.660535591400459
50.901878963322524	131.18814895385228
13.840034172701968	-55.1326860329174
54.77065218673763	52.18034793477073
5.16438580611647	-104.90142327366068
88.72628925697471	63.53847694045508
-49.01188186167412	18.557370621273297
-45.45676284467732	-135.63825523055175
38.07339155187896	61.23529359866
2.1447617048929764	-145.61472161199674
72.79035736741882	-21.937849828991624
-5.347465076753057	5.455989038190181
147.87444876914554	0.1675234351192456
-103.22096377111939	15.134385134282903
115.0121790925843	-80.89550049845145
-65.42839925690082	-110.64285287206056
-18.36169535293985	-60.751704121989945
36.362417275826495	-133.02752033248638
28.416539768762103	-18.48683970995282
75.65774684312534	75.47161418970789
-63.79000638587411	-40.60027305063904
69.40192302422935	-57.61130800710814
21.13617689341186	-128.78819594478995
0.8244240283534522	123.99777750562815
70.18866537704783	-70.53673199658954
-8.79355955921872	30.91660993508173
-25.392178990390157	15.91669414419269
49.45561177477972	115.55840313733982
109.73758923710241	-96.46930478361315
115.154810585617	76.17664667625597
52.39633777626204	-1.9403342805487584
-24.780004523205623	45.973427869774675
-28.570316181132423	-113.66893400142175
83.97523847409298	88.00248548618319
-117.43294503386825	8.97269336860462
136.6795343810701	35.21420422478009
52.055638063715705	-49.878005294714605
-58.76869394693729	20.563732700964177
-6.527236509962816	-143.26955398319546
100.48156724218626	-78.43354652042338
114.97323603568276	52.86791424507544
-86.64349911367054	-6.239294554527514
44.07283543877406	110.38434998449034
116.03787014658074	53.72158030715077
-83.69479634452657	-80.6311567156654
97.02448777424067	84.5648696761647
-115.07420533475577	5.83616285599299
48.66266981282349	140.4551992918607
33.94229353323553	99.58913201290986
-16.57518084500475	-2.4115398059731064
-56.989023124806586	-20.675068817338005
147.25215418164427	3.219619028369945
-102.78114764863946	-0.49678740933968935
-25.15855874551244	-45.59363594943583
-25.710724969821786	-53.33771933355294
14.985815725997098	-20.658910192540585
56.47007776608264	-43.632210176914505
-106.76148691805747	-103.930277633177
-85.45381064121219	9.797384693219515
21.339033730039397	71.93967701740895
85.70017629854333	87.61823438488177
-95.34233706974887	-77.96979690870711
139.33404888385365	-48.60327001045898
-22.59510255974901	126.11665319806256
40.34218920580961	29.09913451643427
-132.19807564978075	68.55380719247562
129.92375903990364	0.3939503797997496
-72.083843605175	-25.224797255166237
72.98606094455178	23.45088856455185
133.3588888409542	-61.76847528387123
45.047335818132616	-48.011031808905
53.70658316087773	47.289776764416956
54.22965085791897	71.65960412679591
118.39345202213647	-35.65245176195742
38.22930975970702	-90.59420896795983
78.19539503770926	-29.814827349355603
-39.2914743865021	66.91579982674446
40.674183106996786	34.062730497619356
-82.98160054833632	-73.517379384449
76.72321751695284	-16.28861569850462
59.133155541779985	62.94155866584345
5.555864803163259	-12.022827937055474
-69.48401184068912	84.40892361473139
93.63250004908014	83.08116172039679
-139.70438605946546	36.77223571772038
-66.43167816101935	4.7105850851402575
143.5909092816893	8.204054021626927
-88.9821607225441	14.408775356978028
-80.69000428281167	-107.43817285665895
13.067354992297926	-141.44712742498098
119.76384268306629	85.36582518359444
61.09002624037267	-59.92074314434172
37.82556973097393	66.55399146405158
-54.18833564300667	-83.38957391902709
-105.65947785843798	-36.27362853820277
90.87632893811157	-85.32931559810736
121.10866560760095	29.998921636726834
18.390812485700113	47.8162529709308
84.53003325211957	81.36687722596056
-28.77534438641196	54.30493027730434
-67.01494156477372	107.30695307293323
125.84507242902073	78.33314255680894
-131.1682461421719	-11.83795981746687
93.13483545844734	83.41128659613439
37.280239797425544	18.80393243526354
63.058497845143286	13.336756889237014
80.68792711541845	-38.501583362001156
-115.47676265402066	87.56919486716579
