-85.24708406994006	13.034047346583488
41.762341906856925	-64.458219323196
-81.57103386702896	73.35848943679665
31.206175759828632	-92.55525719159345
-16.83571937506584	-1.242069367145026
-107.83271346784446	64.58586714038195
-129.48433155443044	-59.10886679844335
-133.60028839890523	-23.253284677106247
46.82513874292253	-110.40166519610298
61.28202551764264	-53.353626614982765
-120.50466381612536	-19.915879303546678
-74.25559064812975	48.61533381231093
-31.37920709335987	-103.09146852328483
61.556929594221316	-57.41856367573102
-103.44201967084678	-59.02061401406767
-34.899739648886175	-104.88158168702212
-0.4114363885452525	-71.05652212286027
-3.13803864952878	-120.68156948393374
-91.79362916413353	-33.468496807366506
112.28809421242919	-25.44617597016935
2.546262085894682	-52.95402235713317
-89.74845088506176	45.093045254387604
-136.06306021613838	0.6982310902385477
-105.61252966678056	-2.3952307816708
18.703604337274548	-126.43857085280267
-110.78365575620215	40.1528908168196
49.259558332144955	-90.42640404484561
69.52867054716518	-88.35216071293372
-48.6147332931115	72.03943756743901
57.29810158184691	-66.03715522639718
-93.59706755861016	-31.806277739959967
-95.55336635260099	-2.4150473365140206
-108.82493507213773	-64.01482241580845
-82.17579612218478	23.576426152081446
68.20034428032628	-84.82640848097714
6.863678133335251	-78.08784702567218
52.890539830256465	-86.9395488776529
-108.91633331959801	48.42955588998757
-135.80670542059678	-10.435449944372188
95.9412157179975	-32.18873495044458
-74.9828438110624	-65.98429806511604
-91.51007753168517	-5.724403662413495
-69.77138736323526	73.89408896595664
41.548231329329774	-36.30824217026773
-13.149215701745161	-89.21917284561418
99.31937077278972	-41.78539026522915
-91.56884445441487	24.63889088199325
107.04718854825833	-70.62398928777759
40.15544478992999	-36.76584186877312
-23.676615007485672	54.233995558394064
-98.39079295614233	-18.45096321676411
-102.8755038694244	13.319323050769464
-122.82635504560136	2.6138417820731914
-38.332089890036485	67.20949539048247
-25.94392418103799	-50.71284112037869
-80.91516389897266	10.565942022225817
-71.49370477563274	-41.780735271823
-4.937904513115244	-105.76901310199737
-102.68278526225842	40.762868832613805
31.99589725286554	-46.03795474598746
-78.66986613913487	12.95084199552014
-101.21774852678416	49.72926576223683
-118.39702702943484	42.440723420912356
-98.51328840451416	-49.018252823933906
-108.73304096888441	-74.99085221367343
-104.536297713065	-27.421550141296475
-49.87788079648297	-43.467120794426755
-35.32811147010684	-105.50314969699937
23.22212042939375	-72.94651404245398
-66.47471939855292	75.10802396310208
-83.55485368456773	64.69962103012318
19.100076569769936	-95.5252353348173
70.79919414632093	-67.76760266085984
-101.55869033745057	59.81253804972185
-98.47147654669739	48.705275369204074
13.77038948817365	-112.71551831405897
91.94494130005035	-73.94030537342901
89.18572812283988	-44.0038021821213
-139.5450087664868	-4.548965004319622
-136.00966275042535	8.07444313976248
-103.4519449264667	45.99871552715816
76.78943208799805	-54.66900341253255
-70.81757227269036	-67.37265160722336
32.19881662720472	-55.488968514855834
104.36574553723294	-39.02640236913278
51.99490472826709	-56.238442380725395
-112.14521853839481	24.07164424391409
64.98579185822517	-54.26938184617424
-104.63844345514693	68.2842056811214
21.025324696153643	-92.26896965966435
88.74056912095948	-33.500630178441476
-59.278811483449864	90.09101776161955
46.97474465267039	-55.99138103420679
-20.89105747848562	-86.67440817044854
73.91199564249499	-23.38460740267297
-69.70990822340215	15.975229574400784
55.49540717173647	-61.60634674999974
-105.47842292169973	-67.54026418364326
-94.33493506429637	88.94200780263957
83.14699679129068	-27.724383597508332
76.08022276871482	-52.92469778816027
71.87189855950545	-100.41064389035007
-110.48269832268072	35.0702690235644
33.62743466679201	-113.67494438099415
13.785432777730675	-119.11308984976648
-97.87990862263051	68.10977876137976
-48.37601938486483	-18.152764247142454
72.707583250622	-73.30987066688671
-98.39940912765059	66.65829551329234
39.16922061936466	-67.65446567616387
-20.281334357551657	17.13878334451794
-61.54323420777448	-99.62897565341306
98.58207158548167	-49.16629193275599
21.57398017959131	-42.544870463324834
23.103255217698486	-61.2555435870074
72.22148507741657	-93.75266560589473
-21.7315746026265	-74.37900165839676
-122.13874149316368	28.75537171448049
-88.38244846385923	40.91688403235354
-80.1412627544388	77.59091590656757
1.2453325039901444	-117.9488047066236
-94.8468089925906	69.27565500155713
-10.694358355914213	-119.35573355059846
-92.24428168885466	57.25342095857643
-119.11843881915057	48.90468307799544
75.29015090900101	-9.219317893759165
86.48705945767266	-57.26064814457758
-44.40127282168544	-99.40403862243063
4.371747198394447	-93.6308289466859
50.02148629936928	-98.84968628533866
98.28124010193591	-24.035607765678023
85.44873708946177	-75.31252468995356
-52.48124740912427	22.08034219957644
85.98460570705966	-52.85616422014507
-5.070063399498602	-71.79969969561823
61.07478846804853	-82.03399991134009
-117.20242862277473	38.34842018667996
-115.77133540061445	-33.94949340483651
-106.98857135858675	19.713209315343686
60.42671680836401	-131.2118854942018
-90.06384714401909	-43.283944982774294
45.30412661460511	28.02269976899521
45.319485303420954	-91.60032209413308
-95.12996109226467	2.78705619811926
-41.71437139992564	72.71562597758253
-40.06858669639779	-97.23597180992999
69.48579107866965	-46.9111699049339
92.70303441810935	-58.52194241830956
-114.81928333158848	25.354021765980267
-99.58306001708758	14.600521166053511
74.65520227701771	-37.448501165022144
59.03857451644949	-84.60968666461363
-82.77870483655782	-43.44383865963373
-109.08324262050176	54.627415231814574
-108.7445798215166	15.463396050862698
74.49676020650946	-43.96050566872875
-44.33674537369028	46.93301946520486
-20.68186171678038	-85.98803009033566
94.25576652667007	-91.87319819679418
89.0200920192625	51.56715835536661
77.11947901596598	-71.08051532243383
74.6373768784698	-52.166173567280985
82.38893766905026	-101.52611313396376
-116.70596864634518	-22.52912287294267
-83.04075015999739	89.74926440242291
24.266203834288277	-115.51402695955058
4.255985671012804	-104.10798798209086
-121.14734202454692	26.689223738155526
77.18129291678156	11.649771820411734
54.85869207775031	-88.23671396340826
43.85002768097087	-43.570795451078084
-37.68667511098466	36.21882770376625
111.86489604305866	3.7061066691003655
69.05667080536256	-75.98592922929632
67.31798727412314	-67.38490072061992
-53.79112456767671	11.41364834117588
51.34299918911988	-31.477165616800352
54.32487218614419	-8.121093592651395
-111.87282931643016	12.721930115167382
30.18634784535038	-104.60527586793505
-83.32840622587743	56.99742561167199
36.72513411201203	92.09927919726356
67.58039652269689	-46.23007730970172
-96.010919126489	-25.801911051181335
124.7844167321193	-35.50601280456583
30.739344997286754	-51.416453186614085
101.59404977941377	-37.397761936059176
-88.98373154962816	-72.90045355651476
-134.93495754391108	34.20180369761281
24.70248065194825	-103.24517335063827
-120.0685681525028	61.04824874533512
80.26343885985067	-61.26585521877451
19.567515040192163	-100.09528942756573
58.23969785833083	-95.5721808792712
78.90092992704199	-46.90074055091742
-88.22250467442949	44.57720590357737
-77.61670088481898	79.39005922486437
-84.68172162873664	-33.929288889082336
-45.3741426495437	28.644123136784373
98.36905812406087	-17.457135598862756
