100.04978825811	-98.38165936502487
-57.008143107698146	121.114345826826
-35.00847383778653	84.44945165664267
-136.45311233670867	29.89740432724536
-26.13650330691404	-95.85588959645857
-18.31757338790003	63.87457130508728
23.982946571415184	-137.34926095311653
2.9060324699523927	105.34908746340203
70.8552108010965	68.8532059134528
-23.89799318785111	-68.66210179252454
115.55972039122129	-62.045114059134654
93.81450445436546	-59.823574405183216
63.10168896248747	26.138733016269597
-59.35361690474895	48.080320042747985
-21.570835727722994	90.22275354222235
-105.23383384767278	30.79198039971003
127.892889348277	41.95114060279526
-57.81659442174124	36.33537262593396
125.04909445988146	-31.31883406823102
-131.06271449444358	-58.631780143011675
19.252484741436422	92.36966287488671
32.98993252304755	-84.51512505240925
-82.84691059612172	62.328586268523786
124.84818351149653	52.893657386395944
-27.373987871664824	36.508645007861126
36.56667242029399	-85.8852728778548
4.659773177273359	25.258253469672955
-49.93556267779132	95.69703939995962
-19.675566882255257	144.41490514182306
48.148421664856656	-35.88036357923784
-20.786044538879672	72.90037110161337
7.61475429749935	125.16924951440379
111.82337046823628	-55.06440826652011
115.8716625764479	-0.16349767295834233
-61.363900056896654	-40.903835486179425
35.497667326872794	-15.416124396692483
8.019342209247647	-70.262909546381
45.80761482728502	110.81650442646394
-32.929543757649945	-74.7063910023824
34.31299358726696	-133.2719491097567
-5.178502763970256	-117.63845434852925
-32.94484581900869	-6.274492759684149
-44.34304492444485	-4.249110535185681
34.6598175094498	-71.49861464015474
-42.479738491976796	-105.36102572911719
38.677021197965374	-139.94208772437008
12.734518587249095	46.48568374716783
133.68203679136153	-28.620106427839403
-12.225810837306389	-112.86719650841971
-79.93350260952165	42.412250761724096
-97.64231222144703	-70.23315677948133
-84.84954946254014	-102.29050217316323
28.4273927324081	-85.22397065232528
-43.77329301994169	-137.02880562649435
62.249310017655084	-92.31023878850267
-46.89347706343612	36.48876572959573
-97.62464473856575	52.6490883669582
49.39499609685623	121.58651909607039
-114.32338925633917	-11.320159861885644
-93.40209521390285	66.47420134916533
-12.739742833442282	-21.49428423527175
-81.4873363096253	-61.521185409302966
56.6910627490241	-70.79329963307455
15.415761371309094	27.34202627448673
106.73591210830477	-62.72001648174752
11.819696025621026	63.091224455151725
-16.242076302117937	-87.23160587321861
-113.99237200821827	1.2590138520712761
-29.167509245493175	-95.1613216170431
-122.4094766290069	-28.385535555002786
-79.33279750582645	-112.7540276041848
0.78462985882744	-61.70429603710024
27.69554306546503	74.1709173034091
-35.449082007044424	54.076338450358826
71.19417684744724	-78.50649993635577
21.749395023164876	-36.19706348189931
-54.17791284547146	-117.23197847858772
-18.276024381213606	50.444695506778054
39.60518559315429	140.47683854161878
131.1629922724782	41.28684530338529
135.1831384204654	-59.451769760372414
-19.863053802817763	-22.771251349076074
-58.06686756566651	35.27503805862224
-54.026384332121495	-136.76322658522122
-143.68608864645748	38.84232551427254
-46.985498924702526	64.09487378020984
-116.06572329812329	-0.8396754633355452
-5.744804220275334	-68.0857956497152
74.29533224232074	-120.88463219877622
44.97720259933174	32.501260408822
114.2502690137997	49.31592399892728
-43.41813821973489	68.14102218751988
88.95320902805605	22.311251625674046
-110.97622731381882	3.6120234144349133
43.94370366836739	-87.6744825379952
-62.506357818745116	88.71148962717292
-122.23717084848433	18.71160866467024
-72.89575288162986	-36.76302758841433
110.42449636700263	-66.55626906252826
86.77158164654259	-43.0982615294991
-14.970169585174133	-16.319081955999806
137.73742231084856	8.829686411524454
29.482498110904547	73.93575665499218
41.59140566783857	132.7611351507973
-105.21215707094528	-75.38805801525334
-25.187696632265574	-92.28517552800126
102.547013733051	64.15259073912748
-36.849060748018154	144.7792272192264
-83.09520655889315	-3.7339053021176616
13.475441107650731	-99.76582351798783
-32.32479050712949	47.92458923178298
-139.99881715928123	2.4781669022031254
-111.50131322414093	2.699088305182663
42.9071520427881	-21.267927946306774
65.31210966200705	-95.80979910046457
64.34914094721715	-79.92431244057894
41.60844731236737	72.00576194046141
16.65314375815721	-11.967593145573158
-54.78824876839116	43.19922643178033
-65.40316482958359	-18.888416408697783
-95.52553921123175	-83.49148470837538
-69.14017746841154	32.44131256403199
-82.0436622102796	123.64155852072297
0.8017853841016704	64.3457237617866
-141.24007944850868	-12.056272239715316
47.432440469333436	-77.25838651876612
14.321871395441027	-149.2699291457766
-134.22038474439873	-8.360840301229299
-64.19338733692315	97.31428997958737
136.27192464113037	10.915774753193158
37.30754110508626	137.05962024254742
57.92994996859441	138.1659829290015
-52.590415291317115	-32.614985384939004
100.7781093475521	-54.77716375325703
-37.71012428128517	85.33265598849157
24.93747976181352	-89.72681396403023
-57.2879778049243	104.61975699725018
103.81759582187297	-23.780311921905966
45.87202746750811	127.0146750642302
-71.6503317860637	47.46070625506026
64.54205845379859	88.08672846509225
21.938867966298645	145.75347633687358
35.49088821224435	27.87479146258346
60.04060627873244	49.361512591544326
-33.06605339961501	-34.55208110363173
7.930918014296379	-36.71905360943821
16.902805352008333	9.435125447310893
16.25859250736557	89.21506246228267
-59.68523126026856	124.61888479529594
67.9973032033626	-28.53259728241045
-69.7322935890733	-49.36479589175356
108.45369883494136	86.63292169548387
-39.70035482177767	42.413538739579025
-15.843826377995603	-71.25939035443089
125.37992296065539	-17.253821864291684
-9.42751632512425	-128.7808748925536
37.645537557275745	81.56809083760542
6.472595191943415	-13.93969463512082
92.63144893926243	1.9414351629328406
-126.10283812630486	14.009196184255943
-71.32970371738979	104.85724101016335
91.71367705850295	-32.15832325272493
84.92406375721245	25.205633301611332
-4.396267696553854	125.60722963692399
-9.049169756983163	145.84075607134457
-118.37839836311068	61.84161967594434
63.65260306542466	-33.27054242759206
-84.53291672677823	-120.47264143251842
84.6555569241009	80.94379199654409
22.79626570613958	-44.83428920369177
-59.6604389468738	-63.39990099569696
126.98242848668468	12.933165041038778
121.98032389206097	-68.49342704955434
104.33701911871282	32.0524982285111
-42.90590318322435	-35.46954996553261
-42.49161189816566	-31.21506217287073
-66.39616925625434	-54.08769889876032
16.8190204839347	-23.68497091886243
69.20438922023482	68.03146773957798
-129.10714836458496	-28.579485476177847
-91.1489196981757	-45.440431451258654
-109.39104981646692	81.95278763755628
-119.72360123424261	-21.339596419323016
-65.94992143105496	-0.39118755927983223
3.9153587387469453	-69.34586534160461
53.97079383725419	70.38928706272839
108.13141055181687	20.338387603176894
112.2667881180338	-51.54921283986918
-24.29558517482931	57.48084987153674
15.222816759736453	-56.71805248263662
-7.0812440747718775	15.112946413929313
50.374932717154735	1.248559366333307
27.899155129916526	127.03507900828238
27.83149038449912	21.711820372727555
51.52010559578615	-104.76478663917953
55.50861608321415	102.16918478716589
149.32241261422197	-5.9292822720702745
-93.79217300184894	-80.31144701422085
-55.479663909458	112.49587579703118
-44.88803637452371	-1.3452500264771452
