48.790992094991466	-33.19458881952169
76.4174732033265	-77.10398381175193
19.06427509484575	-117.96380936620139
88.9987874190237	-63.04438525894485
3.664969375578735	-97.11471540974264
-121.85324905923899	29.403722068743598
94.05885752562446	-46.6833509304657
-123.88832106321776	-39.39657868048178
-75.34840221673754	72.06052975752243
49.73877312199791	-84.76291850689806
17.59735143694082	-48.61702983086468
122.43681406219562	-35.924651426005006
59.44449188929538	-90.1571460496768
48.19499027679405	-32.898790569613716
96.44634896084786	-55.00000865077333
-58.69445550797331	112.87965936658688
11.32968981674004	-78.00495007191084
-108.548169097202	30.798147190777094
-71.79397923199878	98.07500168636598
76.78697965500213	-46.692258121041476
-103.91497702428332	-57.202226256698104
-92.17063050793855	88.59092212543668
67.42732943532023	-101.85430591214084
76.3013192210401	-27.12077615258959
-78.83719472668359	14.998046906690291
72.58725311390229	-52.21508277374863
69.47980035856143	-2.2049322380995497
64.2631311876492	-62.62507186387038
1.406374923371126	-77.69894689256975
-83.39176125516605	56.97272870128944
-64.4560022399968	-25.906952215334112
-62.021504461483595	-85.66264208657887
21.082822495176593	-117.63769867819859
-77.01580360757399	-1.8625445419313662
-85.85784697994566	76.22435864157107
-113.82293360677545	43.29734472247119
80.0754000071788	-63.98609227258192
-23.662604496999545	-59.77727977105704
-85.30896774321648	38.949056485668876
29.987838913877376	-109.26407204028673
-95.76862632069455	81.5045748818424
50.377921632139945	-78.37855024565611
69.76811370626591	-72.47862244669268
-99.413491153613	-4.2698701974479825
24.21701862241486	-68.19761257853516
57.96281490305393	-56.76883283876219
52.48091526344628	-60.73997901543464
-81.73148638343542	100.63411522675446
27.09786048936358	-68.98783719541248
-120.73019681736834	-29.03916252275815
41.00269179941722	-79.97020638487842
56.795115904352	-98.99666598390114
-135.47851317773126	12.708188150217076
73.99271577211098	-29.68957379694045
-1.579345548865653	-85.83514081212293
50.442236688638374	-33.33538884870617
-6.450418656682745	-60.75116444716708
-14.706595531291564	-49.30664985139035
-113.81008001071561	39.62330454675286
-59.58084203034782	-89.71346713175267
79.33824768194688	5.546240978592622
107.25376100766367	-62.28257355498235
39.65791427596092	-102.29670545491555
-132.76985381415963	22.0870097514852
-64.05635098329243	-69.97183530340067
35.833963589184336	-35.89699094985359
97.0158855545381	-35.36767635729869
8.568516461001257	-81.44178556691558
28.538620285180066	-90.96285520016721
49.43298810799169	-71.98176192934294
-111.20107567995437	-6.368160242827645
73.15477273224242	-73.937766341981
-106.19298838443142	33.58841732054206
59.29422999022836	-69.63615403742747
-94.7614170066434	35.84859306546416
5.307254901935022	-59.007973675220306
86.00246290059843	-44.998942880294
38.48835991041797	-114.23848851810402
-76.81558541909058	8.791036265872897
89.70551220727152	-24.361201974075716
129.24960323450108	-43.73782759870553
-86.49588089063238	-27.912080615627158
40.58625773755038	-69.40357185859052
-32.06033615807545	-75.64889275487425
27.61201926030976	-49.358649389979114
11.741490951164884	-105.92052210196445
-4.798442945838146	-53.261784872164256
-101.83353063456858	1.7984485703113902
-32.3164102819606	3.8429998212474823
68.54535476242515	-15.768361082256886
-115.42293556919384	33.72101223257268
-100.38767163615906	-19.34759006250371
70.42806107705849	-76.0370468849868
100.3056877302399	-53.822699851649155
17.194048785992763	-104.31959132622349
77.48582930260038	-52.83840848979236
-78.77388597236259	-6.242061277284116
19.510524490967846	-68.6835428425668
33.956855380290136	-55.76039920817609
57.266175313002414	-111.86713998548599
-95.18956807066813	-85.4161680016686
65.22563296296242	-83.12623363020856
45.272293181829596	-74.22733496884771
44.56417313361938	-73.73902508804318
-96.08073168238033	36.617516956403655
-114.37035862074876	-65.80931544471457
29.384376902990855	-88.29477586843626
62.79282657037008	-50.01457013227495
59.324451243709696	-72.92804234430827
-101.43943109669651	-2.479975550671071
73.37752598594528	-62.73065424394979
77.81049628910915	-51.74773257517543
-120.52624739515596	3.8826013156607875
-119.16313299740824	34.46554171663852
-67.02651253762765	-64.11478006846046
22.580442417577054	-45.05865713109841
67.61348966678423	-70.62748917781575
57.0132734321065	7.349124013186846
-85.88165644516306	15.45206136585983
59.3857851081401	-111.00062518069032
72.93351983181232	-71.29725394111536
-69.97204598281897	57.71682390742653
-108.47405157238168	-31.307637194948686
-82.40226033091014	113.4531033157299
96.05241147338839	-63.7741382615188
-101.24298630369985	3.0356273979982515
74.93990089344506	-31.805283571199347
83.32447558084357	-3.5879363905779718
-7.786091190414069	-48.55309689499669
-91.05332077618438	5.762700757763299
-54.241182551951525	33.50906626183505
-99.64588691535138	-33.33079681199364
-82.925089382711	33.95615489566014
77.48205538212189	-71.92764385963562
69.11639397062058	-33.744749101327045
109.50736097864711	-76.55095127904544
96.78921153389028	10.572638865233394
-29.35730355729593	66.30505960474467
85.23445076177238	-75.93599984754741
-77.82946700288464	16.677897498013255
118.35163990121208	-15.491760975919057
0.9861922035530465	-86.90243026420853
30.028685418446308	-114.90158779246865
-95.77525773030126	89.48889129336808
-75.20676448041253	6.46443736303111
90.22757814524877	26.491050366569507
-87.9728033823903	37.98509001096746
57.25993242401074	-68.98029584998525
73.00187829513301	-49.11040618885216
-90.64692289279643	24.031647324875845
60.595776301499384	-61.37325821055139
-84.17365796583549	52.37705355149124
20.42083914701235	-87.24204155581097
93.09799214942554	-36.95878813142558
76.55936824667653	-92.6869500786622
53.28606792767201	-84.04957279646294
-86.84215235382965	5.406294106955063
-21.82016200132358	11.077911453483074
-121.66517481617079	-8.101127642480824
-94.574624981156	-41.38298351589789
12.676420144151704	-95.00407031431351
-98.82909211568297	-8.702335340228121
-116.52991742317396	-38.39454321959423
32.82755884446532	-75.58659963406346
-45.92329860200324	78.70548515538937
-46.14329828850796	-107.73388895017366
36.47337134705362	-100.55246982746785
-89.16037973165797	-18.310741769807873
-93.90847019477295	16.075595591090053
14.548641067712879	-94.74745513003084
46.1419580568075	-51.7427837890868
60.02474487025274	-59.102557248672895
-28.28405637222632	-95.71393548590818
71.90562715851227	-86.63626224291895
-128.83832376241068	14.751825736377684
61.22930565664033	-21.84477612538153
-128.4837969146762	-25.869330036824675
-127.40095611599476	5.7291134158143695
-114.45785967404841	35.60354416219208
-92.33677229046395	6.078959435109379
-56.11641835886142	-78.7276589689277
105.48933619427565	-16.11497434073356
-90.77349973665699	44.70762368458261
-95.88432144559818	46.832203326072566
59.482333334158206	-87.7542039794243
-86.63239049347368	62.92535774275635
-98.12878922034083	-17.713697846556297
80.58408868757456	-34.258568673463934
-41.84162498911416	-64.2427146825613
-91.33052184772845	-10.123307215676665
55.44792214346779	-38.51456287750174
-50.569559138872926	88.38164830267277
-59.473519658547545	113.27902005342126
93.22961339921324	-85.86472306891663
-86.02972408145766	-12.854557350345775
68.7507756010297	-51.803799619087954
-32.035644056758	15.206220338884751
74.314187859264	13.081770701341071
-62.1471086605509	-35.7420433540191
-115.1842157911886	65.43563990223772
