38.1191966178114	-99.71557402413956
-91.87434414133529	-15.503548032201001
-0.5875585899200101	34.54941218035602
11.401411341163966	-74.15450743853108
-107.48754320224124	-18.49865999596294
68.35235422428462	-31.29483989099352
25.07253790474706	-43.904264890357396
-86.66831713780496	-34.29900931275127
51.62439286686546	-75.97505275694799
-72.92490124715414	17.01447329445043
34.2859583548518	-104.18423693419291
7.987968447362575	-82.26648722159763
84.5657073886196	-15.101177527680449
-75.96338053963736	-92.39228508958786
-93.46668927298646	6.253890913492223
64.1490472341074	-120.99566875786873
-95.85728708841526	63.7020270202842
69.69519644269982	-61.28413244785939
92.68977446710879	-95.77378541206805
-105.25107599683068	17.863813459049826
117.03812914912295	-29.420730950786098
-101.77301095051695	56.89123156114241
-90.50584500422164	1.4800697667211213
28.015846557747253	-69.33902684880414
51.34295640001746	-22.60413984296841
87.13944750452659	-35.186370327527904
-50.484037407668254	57.43634250148807
40.68559636407501	-102.2457969468059
-41.125415700453814	-4.6771311540658616
22.937421193820132	-119.8649083379856
73.60691270840687	-64.28397298103094
97.85395674289826	-57.293918015847474
62.466330352878465	-72.78544703504807
81.68666095173073	-60.03614585292014
-109.79812967085786	3.9608345797993776
-113.93365881159242	-20.990263687106378
53.270403097976654	-86.94092900893887
84.68633256837816	-44.14581163773787
2.488361608262151	-76.71977182095218
-58.692728391732935	-2.2884996613419246
-101.57121775062426	22.042443788629683
-109.34008954039815	15.846707354269478
-95.83714258306019	55.915771245185475
-27.17127627239507	-117.97512871927161
-40.40997382382761	71.65407926611574
62.61955245361707	-45.19992836136748
113.72881254564604	-17.421970409725883
11.301194711832395	-106.86273480522071
-67.75124843989389	-62.51453752555243
-109.76048593067699	45.787641456391576
63.45691944043988	-93.153012194849
0.10242386318627728	-64.60562673728334
24.855231144541985	-45.01620763328158
29.6567009908314	-75.48106579712457
-61.22523367156197	118.6259635323111
-10.615756733041064	-70.95657628851819
-108.04645675975429	-27.59177595308471
-115.20490739986369	-38.378618892379905
47.330894387037944	-37.86261515559503
39.43721707614245	-27.106369737475564
80.55034075339832	-16.161795703769293
-114.06302883265379	29.174972183354942
-110.43896448350716	-55.40178621350948
-61.34731300322054	-108.02122448629545
99.7315800816165	-20.000760960711602
-101.16928456105774	-28.320226821221336
-120.71261830757965	2.1307666690302622
-92.80536190513436	-37.31663454203644
67.2628138419934	-90.04186888912324
-82.50754566115857	-19.77247186726473
-37.27867675443025	-71.8454564583529
-98.37586527025415	-60.55807693569284
74.14239471931302	-66.39611896943448
106.99136452788117	-55.84475238384578
-113.63990769771814	-45.53774740531271
106.8448880306395	-15.746794244786328
64.90053448045143	-75.68965565564847
55.99653602335414	-124.83804876292251
-119.89626537221844	13.657437783104688
-127.26021520930684	1.4302305115211618
-106.49637047927841	-18.529266667858742
33.47715731156759	-96.40978255802415
-83.00265787573456	35.90378897114056
-30.006879390776334	45.39928113685744
-132.53402879535963	7.158890976093775
114.22815366928913	-34.65319128488339
-79.1195046768984	25.35959255189171
16.99835872198417	-82.263224629272
-130.22210339400755	-11.40301215181082
28.71101945574931	-121.84894014470866
48.08197697700272	-85.88344861925722
-127.09992645619167	-23.507095322142973
-111.77614154284495	65.82327980146451
-129.17075273305198	37.21904612158381
-44.58488899127104	115.60896892003723
56.60739371090507	-92.34051832856703
-9.063487961421501	-104.23196110201367
-58.069051225879655	-99.29047042588317
-126.32263767798524	27.164909318610654
15.198924944303144	-89.23409463257141
82.75958390211562	-10.326972799770283
31.714754815635946	-90.93660640103334
27.030485152634032	-47.92072356569651
-86.72662383366239	70.31799546484072
14.567063522354234	-120.8392636486881
-91.75105071568659	34.15612203841064
-123.33925838731801	-22.396815748747507
81.04109774819203	-61.03754617360567
-74.44929253544151	68.66691868663129
-73.01922966494527	45.70759316481612
-71.64272804194715	59.59684594015278
-89.0341622190157	49.82737184979694
-50.27670669761049	-79.70923398654122
-109.48683905265398	46.12531082706221
-126.89650112717317	26.630006029221004
-77.35083061992628	29.411746050647572
95.41881347177927	-38.80980486714004
-122.38419692801799	-15.828871010509605
-65.41482617463248	92.45432701727125
78.43581052094348	-22.447055885305783
48.417777735547986	-91.27890362100592
26.042824785127213	-104.8048432607942
41.29494779860542	-3.630686541980785
46.000904756841784	-51.34047721510028
95.97932660817908	-19.881382061062148
67.23722246042857	18.40038928301032
68.0632738047146	-87.30614428533947
36.88444852507717	-93.47444053444954
-97.68612378584479	-59.06998191290392
40.919630462958665	-43.130775819761276
-82.22386084862717	36.872612692135455
58.926005781738965	-88.96752293810755
-35.02906476192481	101.19585793705183
20.996541768571795	99.92004112099993
17.47644755038511	-93.11363679604372
48.18504693533616	-47.931479936673746
-82.07483809877769	20.547338169972072
-113.03525205640979	78.43224699673036
26.551771800583918	-55.12186289543423
-81.49354322043227	-27.646553223284258
101.56002842478479	-19.45831725957267
-101.90382543539023	-27.10029614660858
48.15745957075643	-107.17224592696502
100.34235280670227	-51.39331212045617
77.97070091439035	-91.6009897564265
-98.79716324215005	28.058588398558108
-75.971559859353	-37.39616301569014
27.14042027980364	-95.17161081608441
108.54528208425914	-70.13037263762025
-106.54706011490853	23.33981434380558
32.592649151976346	-104.61509182729432
55.32699218405545	-15.17015323986165
43.81698216889793	-49.2489625885954
-79.22374943859627	55.073256060568944
51.399892718648786	-68.62198591024513
-85.76366691655225	8.042716434410366
105.54862743197567	-21.4231916961542
-60.689972063365296	86.12798782085042
-87.47276031875933	73.17895894485665
-107.7688101771905	-12.397585478046043
-96.65466717954891	34.04354377435869
9.37925822124924	-100.54834794491724
51.91974865939915	-76.01482764986353
-143.08272189101444	32.616644147942324
-91.69526584781234	17.606137368978075
89.34494249493382	-65.68320772165463
-86.80471029452482	49.64868495281616
71.4415733605771	-101.38718396517854
31.550004445495702	-63.424196670096244
54.59949166517173	-100.88596741392878
-59.262443059720574	82.74504729093023
56.148963712041166	-48.92020117811638
53.43846770975307	-118.24975213854003
-78.12509240076177	-101.60628787843856
4.333013772896858	-109.37304712886858
3.4564919153564837	47.040765934656214
85.91743004442226	-74.54611578613618
-13.55669184594102	-118.1415508909162
67.10905846807147	-63.960189933943354
29.29335627537108	-80.03548552040209
-56.55542949801063	15.383713541042749
17.37368885148857	-19.058487886703972
58.76960104224133	-18.37355409896847
-77.11870542045779	82.20855597913679
5.2788737070167455	-111.13016419046588
73.90613474852422	-16.188542591642292
-100.17042825959192	-31.72140460362125
-2.23070930779335	-122.04750216540519
-72.9439288773551	15.96237707940302
10.250044658665088	-56.56362777038134
74.7617025033044	-55.75049115525699
23.578187234773942	70.13122579460838
29.27725261251186	-102.56057547962307
-65.70066090266275	17.894572671071607
88.96294797138974	-58.21520390467671
120.15018197878915	-45.98766348163286
75.92063946050588	-70.03148499356507
-13.417481768870804	-89.0015660656987
52.47723467451524	-88.30853780530603
-101.45966491608326	4.690360920332728
