-118.60931945950367	63.23399999441271
-80.84600115760118	-119.44808661823463
-67.82433872352827	21.17728837243971
-5.271385143357397	-33.140189160595035
30.12034531244566	-80.50501589193064
-59.07484169071829	125.38161359028005
-69.46463989641205	-107.47396242126632
-26.246349105634085	-7.3531796522082
47.0445470976885	35.592761743553986
-35.705579962691274	140.15531160022954
75.88800827296613	73.51916745941614
39.67996076654969	-113.25982818788674
-14.29569868210609	-43.777603312276796
37.258366829340666	-107.65524868728637
-86.95789337935145	-107.12820587810435
-141.52499294525228	-16.598187189257096
-99.49276140416266	15.459424909241212
-59.150367217513086	98.51837654797811
91.02932887788224	-90.18929013030828
-92.59740524834628	20.07005715057688
18.01123559015992	79.05967671455551
-0.8390683012366214	-44.745208323740194
-34.64072686573533	56.542998740880364
24.673421640419257	146.63389011617392
35.71438584299285	-135.37228610891796
-83.52274739724729	28.61262506429211
39.765939633350484	130.76630787172758
-61.46207576411318	-115.88814356949682
60.248974209623796	-134.68187433004385
-24.089011441408736	17.508421425574987
12.262695143602453	113.47800332971194
124.09349259646532	19.19418087296323
92.38682551828194	-100.63146331869135
-127.2311126290635	43.27206014890913
60.17906779870253	-51.02137735241046
-35.423439373707126	-120.72799768004468
-134.8908799267296	4.749720574887365
-34.08670657622927	-102.20347209574923
-39.78704482983463	98.44001438044417
32.395259688843424	94.2175219615632
39.96103060946104	55.48602823689098
118.81935058689452	-68.08442030739296
-3.8200329356262896	-106.2358265729647
50.66876746667843	-21.501236483545227
12.400124804004133	-142.8859128154042
-104.12004352176291	90.37373816064876
90.20937564689154	-37.08282797313408
-112.8512475263157	-69.67693316649924
56.14335122587662	-24.236591109219862
35.182428914411595	143.629339080379
-30.4895890490462	31.424222849018477
-99.63657984446442	99.55632720679256
149.74587125391312	5.372413026591875
-28.833876157922653	-75.44120766962887
108.3276628820618	-80.81945707096172
124.81954647715305	-70.59013560422888
42.630350996709346	-140.05343554564936
-3.481761559878682	127.29638644462284
-88.62472221704017	78.08391125627642
-23.63596244693907	42.354715930180824
-97.58752325915182	32.15540825521176
-90.59423802451593	25.774908061041245
17.168377559074628	-14.109932561165891
63.426728010743034	49.00574257218402
5.983948366820366	-129.18308808382696
-73.87100358216871	-37.25847070039949
-10.46835330325303	-25.403199340239876
103.23787251126893	-81.7019897695986
125.75733480193125	-48.71973423399232
24.676071597687944	1.6230265699835942
83.27054467198843	-108.97590441182962
55.799555423557386	121.72290248144286
66.17836403359269	97.94022338676116
26.591973886325384	-17.151803678983374
135.88248481749008	-52.6860276923717
-37.69023055408193	28.903712797899342
117.9385250123878	47.71519423518754
51.25261676946753	-120.66426581168778
82.96512578377137	-120.10966390356508
36.65318135283578	141.33870575823892
78.74051997155706	-8.579451617053655
15.902260899986175	-70.47814482190932
-90.86843624146243	31.468963187423675
-138.83969052857756	42.071992782046536
-68.09526179262052	107.94764233147055
-6.271837441788392	-143.10956312222137
-51.33407239653023	-47.556048206146684
7.415595333463845	-38.40895067673268
-22.97989490578747	-5.415856676772965
37.90316848349415	12.909171661284486
97.76121674156391	-96.78490390584072
-133.88776984667783	41.1955769034967
-19.8017539815502	-142.27960192705223
-0.8714824649490439	95.87002434430751
-4.664334853648624	102.27972917049537
-43.442906927254995	48.97963512186484
-55.3847226703786	82.8126293113344
-10.85848867652275	58.29650114763886
-50.68648080962629	106.44865997330835
12.213358713946747	14.702402814608305
97.84251231883778	7.96087586627877
147.20819048170063	-22.05283795565812
133.49105206300698	67.48966240402187
-80.21700421657197	104.73249983076659
41.89805027567447	-70.49181603299112
66.85920472098097	1.7101735334278538
5.335861812106865	-28.102790970611203
-84.97499044533251	46.831152116397014
23.045628434857928	99.16209734836589
24.840902178649962	34.52119915082127
71.0718960459648	-120.31352926973581
-28.104043015193756	117.65753247875347
-91.29863091734317	14.608498105091934
-87.0305594983576	108.00320561667293
64.85326411669921	-71.15862832253652
85.69208306040655	108.34575163214551
105.0530832955397	-10.764747356473345
118.70690830061632	14.304509669539852
15.537914284101952	47.02472352732968
-75.13083422791912	12.743852967800423
55.35095739118986	107.74731227099875
0.7996386859178994	96.12249002621523
54.54064707143387	-4.379364421215147
-44.8375720665935	-38.187458409189716
121.13849914280354	35.39754706768512
-122.74010804871331	18.537166778882373
-111.01787470087264	-62.42010700542384
-60.947105935432276	111.88851949261758
111.95056356521036	-95.35779023656457
54.36726414574945	-137.41490102298064
-81.31450024091366	56.13702122418394
6.032386570764601	-132.0949161735722
-126.68240575078391	-23.344825134991353
24.166664613142693	-57.56961552467208
-132.24082914713395	9.829224265250044
105.30740266877142	88.81481763901259
-10.76709077752603	27.06692783803584
-77.34164212212586	-76.24925335995634
72.33348309119795	-19.289807595700783
106.77290106697978	-97.98439033187702
23.18592791085216	-36.82280682003154
-116.56947466824978	-35.13204079005938
46.62866911586483	111.4698226259171
51.79168830386033	5.889149699960504
-78.3274682653291	105.27116907265356
8.685392593159493	-77.61752730256921
-0.3009912583943334	124.80868993174631
-19.43620577387418	72.41512646206823
68.44637746575532	64.34146541296417
-21.8734592867712	-83.2902259843556
-26.568223403647316	113.50047869325907
-81.7893280120009	-85.49302587159714
-107.07311997172539	-16.366601039733297
57.869467249398625	-2.6724661634480222
113.7102199380142	-39.88481942563429
-57.72049974992349	45.24845803350428
31.592774119739765	-92.87518088055245
-124.07826639841645	82.25455278238108
-17.086374184821462	136.86209309640407
78.36280401327126	7.201907382046208
-13.666315890521814	-68.77420683573415
-21.336980298500244	111.00274892831072
-43.9703294918386	5.328235658741626
52.686214861981775	89.56986197767698
92.83153727873693	40.27582072004111
-2.3990906010219426	-149.536128748968
-7.145114352835539	25.724219383284943
-4.407750539157639	140.331504242423
-8.390099832521154	144.74153953636437
95.7210797258525	73.541519898068
108.07040688760964	21.875583534258265
22.225427368927217	52.37025965523704
38.576929081484835	-117.81194411605446
128.49045334713756	-15.51021892705399
-124.05669138811095	-11.514700537620854
14.482192075607655	-39.814950969454024
-4.296948479192531	132.94737608165397
-28.8738161884296	-65.62580446826084
59.529889121763325	-48.59589083559245
-69.58358989759287	-62.98666061039685
-36.7967528699152	-116.36479576233593
91.14638195718689	66.44475569278997
-78.55317288091624	98.34060534941672
119.43780844958317	23.53484294951014
63.079098556659225	108.59636829773925
-24.116302620275416	78.20943380664556
118.81991080304587	-35.918464222306014
129.53360287760478	33.73447795938137
-33.65469676337085	10.530726900866394
19.54073612727787	-144.2163495592772
-32.866107923406545	-1.4734408920416124
-111.63130305765642	-67.21591576879077
110.12353736339428	-48.89502876820327
-49.169996607083895	-68.80271751785747
4.901393329160263	-103.59107026226661
139.3148199787835	35.29762850581366
39.207571500469456	-132.9246355193168
-80.04200130276483	42.66395219751921
92.74537264937025	11.612731101752512
40.740236778352106	-56.39149352787732
