61.28409300979659	-96.07637728017781
-85.53434215792937	6.915889057601098
-33.035806207737295	-82.56374160941046
-144.25248195352796	-8.599860656122674
49.48775247339894	-76.95717095522046
-101.62513580394571	-38.36883362109107
-25.50690037071291	-115.49445804726828
20.27769975897026	-103.8156085477722
103.14180375064319	-17.173469548972317
-104.49936043840141	77.87225023628916
-119.29487456081532	28.746259983305286
88.91210007506858	-17.512819941342755
-31.852794180247926	-87.25767748132446
107.72724885999706	-2.7174027214511414
-45.94482609291242	67.81457116436744
-107.78417776424448	53.40555017914451
-63.497345399687575	-21.242388769302803
54.57397830303207	-31.575563619700723
-59.50464300472866	-81.83565909038285
-109.11815636088895	48.3735838304882
89.66157050712705	24.863231733345952
51.5361515698411	-100.41432676138444
-7.525669801893743	-99.73277445430183
97.78048779778676	-34.23988581030093
27.062061551858346	-101.35338514399535
-117.15213686141836	-8.216001605680754
50.9246160219589	-48.92315931642865
-0.572725530838457	-112.52514637528193
-41.09984971318406	28.679232595535364
40.75904399381593	-74.14524811858091
16.302922299624797	-73.69942506709592
-128.45308314474968	-24.354761197518236
-118.65318981436818	-18.72085471705434
50.24838515503566	-55.369362940573275
15.521801107470935	-116.30152350913981
22.086305424053123	-61.89753500927225
-98.54932813407649	-5.798299470914469
40.10924410058409	-71.58566282736962
-77.81797442663421	-67.18462673234255
83.72737617771595	-47.90171047608829
-44.19371778096978	-92.4449767668382
-105.2841581074686	-9.57944355999509
67.835472171039	-43.4014013999807
25.371661109854955	-105.95455876514868
-105.4724867079232	-88.55866657666124
-111.65264653323757	-14.254643990215595
-87.01557830020275	-19.528329986879015
-99.44501488774843	53.97694080947648
-90.70135110655201	-90.59497296325837
89.80906559363207	-83.56410192195094
-109.07670122736641	-14.976362271925632
-107.58179816280062	10.770302737964975
24.588598309868473	-91.22201824520728
83.43141391945971	-30.36983707500915
70.8070200632263	-93.56991842925196
12.668138554335526	-93.03461483334709
-71.76668183395815	17.03917948180693
-119.9344603144568	4.568529799515508
-44.70795193488096	-29.197240626800177
-119.1510420514276	2.3932083950753333
74.26755411452034	-55.93996608602329
-109.7675033291966	50.46501204751192
-128.24543081352533	6.560033634486727
-79.44182970391513	31.731237804025366
75.19725637896013	-93.7378173370486
-108.16780498952436	-29.61380956564779
-108.03338848355966	12.39072407552902
-48.25052614003828	60.46533752876508
-108.79549978608487	12.140945822725545
-81.66445071612026	-25.257530520901707
74.28299437907798	-61.13915732458666
103.18493805884601	-15.03829451037589
87.90505454046797	-67.02216470662626
-110.50348814942839	-2.3863105785142658
67.35325255566	-80.98897055865162
51.566934198302995	-60.0949769145253
42.49245277908494	-63.45835574615951
59.75773360044274	-93.41701199676558
-97.64085363803949	37.74945015023077
47.97297889006293	-31.99486910338133
131.66573557297863	-50.82325055203424
96.65834354044759	-33.41637691283933
-69.84650387955881	-24.51895526052329
47.146699220881466	-31.08476307081926
94.7175572223117	-41.87400182844717
111.38872886455127	-54.65340982433635
-119.3335803032853	-0.9331748686491269
50.81581550553174	-70.42913035196987
33.60568795327346	-105.90298934297765
-94.19197341681998	-46.27780639636041
-109.1622492376265	-6.378569745483728
35.56651420730927	-37.73904490183891
-63.319749182345596	-93.38692243271032
-76.52385969122233	67.04154901530698
-83.3111031220439	30.215750112248664
-69.34686597678306	57.237666800164426
67.5204357253731	-22.256986613706623
-34.96966938374034	69.53028579380148
-120.23305616710819	-27.155966968923035
-71.83839597710897	0.6135736341322932
19.750959329365866	-99.0658590256568
-105.00650636642968	64.5425303021053
61.55003782171912	-70.6104371097306
52.1172210456052	-92.8827144559792
-126.1870569586941	20.331228685130643
63.41927013790294	-50.88685681723626
46.28635471941832	-91.9215443875789
16.092689976464918	-83.90237015445605
25.699993076697112	-74.11639136716558
75.79219391458209	-70.72182593159114
2.6064620062307333	-94.99053038431401
-29.529582250856922	-107.55987771033004
122.211645750326	-57.58685175210207
14.333917773554415	-109.76859347543297
-75.32082644243616	22.40036384505157
65.51736185389767	-87.26992048634095
-76.01887474688593	87.22370788819474
-54.33055842529933	-2.1818565594864485
-38.32625036683973	42.50939728665616
43.099322037728875	-89.83128549115942
68.56309992965447	-6.528689584028656
45.478634686632184	-90.86438034536711
-92.57364164232294	17.63516694101569
58.64289731926003	-99.86908258531356
-129.90226900203913	50.51955880068367
-57.58755894614409	41.845883162499
-89.101841869227	-81.47838977937344
-105.08365169441187	71.17830369998337
-110.14488114598133	-5.2710350820486
4.495329266682845	-112.71213589500275
-96.29234597262906	5.90307547530549
46.55979019556757	-44.320817654801054
8.710704770675417	-71.58705366836706
-103.77593576401792	-21.442867836923476
-86.05545096356364	93.1972532966038
-106.16019342429146	31.89512371255739
-64.29913064678139	6.469757492016383
61.46207314143581	-39.79968676017952
-116.55170915981654	15.490949374852516
-86.96606423726988	51.09422335673988
1.0640771264845912	-72.20400093283611
-43.531515042975975	91.20712241112413
23.430197521711726	-100.92547928077185
14.788885194294867	-55.05980707944152
-78.11491868387247	40.361346475356406
-124.96221837873851	-42.98580763428032
-25.589701295799948	-129.23656646878462
-89.87762472361162	15.064411935766804
23.073183523906458	-68.58169209285039
87.50666553639935	-33.87839354090782
35.39531392633213	-73.32029856876711
-47.84671418557876	9.77099681742467
-100.47365251212977	-3.142553529464126
-119.04292654974365	41.5271928638924
31.22868667266581	-83.4342723317386
67.55466290729814	-67.55115129566896
76.93382889084795	-56.67997378482808
-41.42513411499591	17.448960888406088
-86.46704932448807	108.65949143272549
-82.52483604163986	17.071468528499178
57.55970634363054	-69.26094352714406
-86.09388481751624	77.92563512890494
-95.65288205629967	35.81974228299728
53.27335321898473	-54.81047412101967
-122.18194207776673	54.95066823090296
49.31336908968323	-108.25561022362842
86.53988190701668	-105.77633677762753
65.77875242737426	-64.9970475564793
-114.35797634815546	-58.517279077279674
-34.31539431501456	80.75285837183101
-20.034080966443323	-112.94228052072722
-77.21202448331556	77.85243660652318
60.54197190071652	-50.657896599205266
-52.48951716301407	31.676113606203124
-88.84781285688025	75.75668194452261
73.19836527137672	-103.28204022109443
45.57384849430185	-28.273041971970482
-88.60603555503383	-11.186260630942906
35.06489935179668	49.534855938288764
59.81370703326881	-70.58689359714185
48.33579804929557	-49.74931594519257
-116.5553050702164	-12.667592455739673
13.426186894041916	-76.08062323909948
-105.6686170164733	27.478178709047327
-92.69946533750755	-27.039075445325718
-114.99381013297679	-15.273031907144357
82.79373769769849	-89.32088384424216
58.254923380604964	-121.43317940043652
-79.159700099245	-6.5788576470496745
-16.729745900214517	-94.99524702959681
-107.63062985874897	79.16932972574541
41.88666957567898	-64.60422560620975
49.39998755464734	-89.08561589379421
54.22519649068011	-102.51863222033418
-94.32066144848139	39.38649246279292
-65.51892155100461	-77.41694948433336
56.35231486679529	-96.89347996758556
-43.6419225456788	-32.88486451577551
84.01873592542684	-31.97255270973212
-98.15579317733466	-22.763236324498394
