-39.47838629559878	124.89576402541275
-1.44518497127143	-34.542370142822044
17.723226631530903	-65.71630108054342
40.09260390624078	-82.19339827424352
-59.765086507704396	9.793007898414674
74.37677423951648	-44.79299121922065
37.09310042245627	-58.39720356040077
-68.24824200527324	48.81085898008342
-109.11067320229023	61.496368033788954
15.176510575333012	-46.57103661540188
7.483271243075735	-90.04364976916875
-120.72534303206251	48.731173626781384
-93.93908630921723	-44.2842898917583
56.402487544687055	-52.71065892676471
-109.33873965705331	13.688600431076395
80.59581867397803	-78.64307786986284
59.964233193965974	-83.35798541578467
31.99090772210698	-108.26760050008698
12.67818656514662	-66.4805754167109
-17.838824836514593	-100.21215297441643
29.772833135982058	-104.18334368187564
80.81087428595849	-106.10057434737432
69.50791847016386	-66.03228925067357
-96.65820158063852	-15.779809978469984
49.24356885649543	-89.42264928488223
-100.74751727129033	14.368822598532796
88.4037255468296	-38.61763855289252
-63.89965880219526	-14.210469117949593
-132.43238105624926	-39.57044873696115
-123.30225596189948	-70.38048919806815
-17.45710823418787	-88.44326448974444
89.97363616358305	-61.35032421941457
-94.01655418261956	-61.58414363875548
-84.06387422762946	68.10425823301424
-59.26332795854711	73.71298493412581
-110.08173442582462	-22.567302458746298
-125.93506577102268	0.4326069966514923
-113.33146192777838	48.8656819158571
32.19790161909468	-57.47721052197922
-1.9678631556106294	49.41514355466724
41.79152554638008	-116.229452711399
-79.86724474427955	54.20737171748774
-100.5289337968918	-95.9059266597992
67.67717220715784	-73.26151282395594
-86.8741241989813	6.670062644779911
-54.81236805742348	28.695773357454662
39.59608923186413	-106.8233884176621
-101.8598568972743	76.83842541493502
62.72685912936392	-88.2455558288314
-115.95642125226817	7.025838901894789
97.97589522334171	-63.88846173445864
-121.06424776247786	-22.088016828500674
84.18370588123939	-37.09931346087695
59.452063692298275	-89.71804535834589
108.52129803170878	-85.27507622570981
-87.18153551717137	96.17056483200612
-61.27264647580735	106.5011438092404
101.62252849420925	-37.91559056099732
38.660275294128745	-87.73976089875197
34.769100111746646	-84.36394306746224
84.95157432320013	-52.7230291585581
20.161187164963206	-60.60756737807217
-32.275277330986974	33.235403791966974
-18.399839435951453	-100.2871700862946
49.855857548892686	-64.86333463871134
-110.18963805038076	8.359293080028845
102.57462938690513	-61.20580225158585
-47.880274444701314	-42.72929987979503
35.366186216230446	-100.25597634914584
-96.22211511482064	-27.663085607087506
-79.26916250855784	-90.21327265724629
-50.3230478931611	55.66761830432158
90.50279247452	-51.267710502712056
19.556318848621576	-51.0897952101505
127.54792529347323	-22.14648512203015
103.62994499263958	-37.9340630907021
94.40155268525983	-16.462415965314563
65.5270968831828	-58.505945631508126
83.36332273921558	-73.04331857045372
78.67450408111333	-3.3895710644159167
-110.74799048281481	43.45477568963382
43.34527172626942	-38.11657690879522
90.0206092003341	-25.739036664158537
-57.02441301041864	79.57972726737081
-83.51495716788494	-2.0082979438686968
39.40476437363489	-22.087633224124062
117.76687216179334	-24.589918666559402
41.57517130994942	-100.39660920302117
98.09230982651036	-45.19737469316774
94.04942271309748	-49.20803342191032
-13.422434798357566	-64.85895160199493
22.917858529330804	-73.0792264463152
122.67893189054587	-50.544218470781665
-119.42691966447295	83.48537730248523
120.1872086891383	-50.16056994403868
-41.180525827123176	-64.98342221229457
83.15582274243349	-58.15753449218818
53.65443622386216	-52.14607541422133
79.9468087405161	84.46350618353601
108.7833199521946	-2.689782646037044
-105.3609587151534	-2.1016855173011844
91.10592818550491	-72.92327644018978
-106.13916951309878	58.32254779987784
104.72049641884163	-70.20114114229789
86.48572048343868	-38.62665993648478
44.36091630132964	-58.996491340880624
-32.861809716261334	-86.90789763910088
33.76536443730963	-19.635939866449455
-74.88090363574854	14.623838429316075
12.343345799078175	-114.30595010706627
134.83571305907716	-20.47579758345293
-6.600433244499081	74.3934001250542
27.64377106923808	-57.283777330083645
-59.74845394799678	-88.60154797427258
-116.66916323136138	30.735986115002408
-87.82312152495366	9.630634100619723
-132.91262933255206	19.644659282637154
45.23568984449393	-113.18911894725757
110.36772493879023	-54.6350403406839
102.91434302667383	-3.872158576805242
25.75923001647172	-107.26047071756514
-38.9960059583382	-88.05319707477697
62.112284482561414	-14.837843997960931
-89.47237671049938	-41.5389224059934
-81.48971703654398	-21.472654248439483
-70.23835619497376	60.580187114284755
9.807085834691481	-98.27990657201927
-72.17921048658594	66.13416301834526
-88.0329908277096	10.580113794375933
-131.32626668880025	-57.9240640927024
81.3404035586004	-95.49005261586548
-68.57747614168298	31.502185770869264
82.32859285323859	-31.904993255742088
-131.4045574857329	0.7463677196016089
-122.73423064341254	-19.33475156895752
-117.58543450988425	-0.9484750747914223
47.769623419100014	-56.18938537478009
-64.10113666588086	88.96905498972306
12.489891594066638	-46.933811856044954
30.021345094123987	-82.76765519979892
-46.10284086992343	-115.06748951495896
2.3626395326431306	-87.51125707508221
-113.3225587303572	37.38834673440676
-124.92402523612418	19.930744610839735
-71.29905838489714	-71.3108590780546
90.02700706469193	-44.53558310333587
-65.66910058089759	-65.49047996428948
-71.22443155910345	64.21550761923254
14.675738572710042	-103.8505426517296
-86.98160002055891	-14.058047524201946
-27.96610508786431	70.20932053821171
-96.716779628388	-12.051856493131877
-72.60382125004722	-32.835834816432204
63.55246057605057	-1.8807728224426816
-8.526283510861827	62.53876366935876
-123.05786342546361	-42.4916489157119
-75.6675180539632	15.176176893473222
61.526343152023365	-78.29655073110865
52.915802952481805	-121.64324131226032
-54.00458395163463	102.49730666417771
-101.91770167064192	-58.43007837792285
59.83787629356735	-35.64394467567086
98.66808874989171	-27.254113426776826
54.222144787681515	-47.81488223205855
-81.2391853161188	41.872716177974155
76.52615812404919	-96.86695266345158
-88.58354367182096	47.274989354935556
-11.405349333643311	-111.83425563680376
44.00455076972414	-97.25350364499663
67.12368355719656	-7.9879670268439575
112.47991614657397	-25.041878383578513
61.380141201453235	-23.83633454165327
-79.914785749163	37.15287116906333
77.1551770008935	-39.43480787975143
24.422583734903633	-73.7337881967715
6.89941380853198	-81.26492220532351
-82.45009955839225	69.62449140856432
24.086963605094102	-79.80151179287374
73.34735251419741	-66.68549804960821
109.42012243987062	12.94332518523212
-97.85092249090428	50.290963442417876
16.468059270201834	-113.55525907618589
-83.98143947688318	-16.176657526815
21.504981010698966	-11.227968903021589
-56.4584494638144	-8.152724996705892
-111.76124168940419	-32.907546369786324
-33.861558668122264	-79.51955620909169
51.37195994119788	-83.53345021611307
-44.72013181679843	24.168398302540943
-88.67772795134101	75.4750209792834
-81.05230903778592	19.36062350933854
85.3806992645792	-60.831986430255704
-35.55393868070543	-87.02691714038016
42.9572569291	-88.46582997807526
-119.28590066408982	-72.0499049876165
13.618422433048645	-96.2014386728835
-71.91125001343872	0.5327212062386728
-108.30717037560152	-7.127270475546758
70.38586270920558	-24.758546113947673
-76.8655295909862	-90.06970691765119
