-45.96130830170874	-125.88577862531142
-17.589106782720414	25.496690365648604
-58.72821519021036	70.71905586022127
117.3058823151637	-44.73548221751582
125.15677674837711	-69.75374671642899
97.99669928225086	-70.66450087123211
-93.9353779635435	55.66313374230649
-0.2977329991401918	-101.8645111112074
96.43187565922558	-38.41576105930295
100.75661453028003	-21.277770867667062
6.684974347209203	145.21631635939593
29.82451166493819	131.67469944163133
-85.42178934306334	1.1150729333653957
25.213821843300412	-26.9889322509103
-122.08066785170033	-21.98089212714104
33.29594818061244	-123.66759077453341
-130.11113759030314	21.056517828881788
0.539816030249475	-72.3886354077008
-12.057801607956977	119.08129544793155
53.91863148117117	-107.12422747204985
14.581636054350648	-47.78734157635502
20.75150459151912	130.3044075596708
80.34279857690417	-82.86522323427224
78.07673485106504	71.41663792766673
3.4970612120306566	-29.68969071689541
59.75652481728981	-82.11505991571475
65.76946798932536	-121.71667795138293
3.3197966439399464	91.43834802301035
129.5713648441002	72.46935457843874
130.8384957722472	24.222215595034076
134.59063124465328	20.44609687445757
-114.76087756159177	-7.93854282580663
24.455679077220015	75.63644724694915
65.59259407884787	-68.94467392987396
60.62199834450533	101.1346449035833
-67.28977034558615	-124.04676452157335
111.2707679866188	-62.99531507851618
87.82944913823839	-19.739683359912213
48.144587161153964	-59.01799855755999
33.72938035963659	114.53967193924272
-41.9250697021523	-7.82979599341714
36.68981324541448	84.15665521687372
-61.286879751840694	-43.39923359516943
9.542174114209141	139.6031968016922
-58.610091018154804	106.44867685113596
-49.378309973832444	-16.83610699170472
77.16937256193582	74.47037957649957
-81.26306063923892	105.61479661909698
-26.63601968490176	41.95920118264813
-97.5124409741651	-57.97471974269879
-117.32027324887025	-57.35436953732426
-52.82711920338675	43.7016423554828
95.98004131683493	-108.08634770972512
-69.49389850258973	-87.16816676483514
40.066673695455286	-112.31004418266814
-80.47502110211595	-38.3187236978703
-96.87912493992287	89.60772391523169
-84.57302249725971	79.47997898196896
38.19262749623845	138.52106984815563
52.269312530120516	-90.4206232456216
64.37151828533379	-97.5635294809451
88.04336530509173	72.03580077882675
55.75341261984504	-99.47046549063704
54.53294069184077	-114.44927378655079
-38.81744255189608	-29.221727128065744
-2.6842442780849454	-116.48003122782127
85.34789468997559	-46.14075683389697
-100.27089851752599	9.073176970836558
16.6477200350153	-97.41467818129819
48.259557287199804	-12.735863147342977
-13.371195599851935	12.284763528114022
-46.33575212424839	16.072069423382843
-55.91421780607844	-81.67762179952692
-92.16844421544214	0.8208088983871484
-3.7496061980269837	56.33072658318264
-98.92888783829436	-80.59548404995981
7.92244878004465	-126.55982813082711
143.10261804565062	5.151800751081434
42.12090871895096	131.57371537782086
136.38999054187198	-5.18880719167183
85.04951795978147	-103.97147737002075
140.78996535050015	-4.1550367922120515
-68.68069383582655	-82.79698793941355
-41.919086301639325	-1.597003482414369
110.62398938915793	22.623429062802092
-77.30137066395956	114.32764930429653
-39.68582507603413	23.70344403966217
91.5905813305875	100.34390019674811
-43.95430244008745	34.10667336513867
3.7097378658194224	23.868760598864803
-117.51036667746828	44.61902028289561
-100.98921900080636	-65.68620863024096
-70.264635959723	-121.74002299645552
-118.23498851017574	-30.535909844339457
75.00815083810204	17.379798881485325
125.05394256606102	-71.35796049746303
65.48082520563457	-126.58619693941344
-116.44342330895257	-87.46953091203979
78.2442776824696	-102.44343508263871
95.42405367607518	-102.27486356746752
10.252154492316588	72.9235675362243
-11.712438201666652	114.16133798202678
70.09495111938932	33.314880646768856
-81.13251848085497	-27.99389304954562
-28.706979898976687	-133.39244894088026
96.63869615941448	81.53047301528697
-141.68688511250187	27.659156274947907
52.66325141813018	-121.77795357783789
-41.37212349897871	-69.46207903285918
-129.97870349786527	-54.39790252010031
-40.7484067388762	-7.345116139140301
-29.41145945558365	31.16519853238218
-72.25407852059942	30.430457666359437
-34.3055139808461	130.14065860322634
-66.39452854746156	-128.29426461266084
-74.7224633945488	-94.56696476834819
43.15640633241937	137.92452864699803
-13.09416515050613	115.4754593785024
144.29494411858397	-12.408682097678847
77.40494551509718	59.64777672986564
-51.40816558574998	-138.68194173587852
-68.46888277978117	-7.089216039188133
63.69445185725202	34.05680864782361
69.08141597507526	27.067541215571886
19.601033809149623	-58.269453385544296
-79.07158651391654	-71.90276893738812
106.19783756453452	30.612656875509842
-31.307361513034223	128.60433797145737
-4.547721868270353	82.7353793630334
-132.71049139555853	-53.743145721404304
7.459482547292763	136.71385326616308
35.99377244354067	-124.79747482680477
11.101731282171805	148.18744567418133
-23.147507699384438	7.373548461115359
-131.58614791541336	70.14048724785455
65.41102181993313	31.546121810197103
-23.54060992581374	19.576711257937724
-84.1871943094895	54.84544184757136
75.79453427436793	98.47439536630277
61.12456094683242	-53.875708335842226
-70.27227417937763	71.67656943058275
42.22455235163421	-59.547817346268396
-4.669355828223676	-2.6528068189945135
141.56465817537259	8.665305281057414
-37.13872907645116	-82.28401184334575
-47.331779736318374	32.49612063279588
-10.568759036082875	-92.50414050268427
-6.593682888090937	-16.472336035621215
-2.9649157382630023	-42.42614057240791
-40.01263424652959	-104.59855190538649
70.6187249824011	9.15404962102379
118.50275836885659	-26.461662589839023
-98.2446392696915	22.896245869402748
31.108015488751573	-25.329311332325915
55.645200143132364	93.88638813723442
-74.44095224708008	93.33490059522165
110.50876882055738	-18.29911668439304
53.60050561181267	-53.52710441848071
7.374232201133587	-23.95025037590079
-24.269205853953228	93.99424839630079
-33.80960951034967	-117.02217047286403
2.2054904500551222	39.59511019961838
-68.13255015542691	-126.46374838169066
85.9012479664637	-17.985341668503587
-51.80842085868521	71.410352064241
-86.3621622874464	6.332234510069263
-114.9018112058889	83.9209873512249
118.12359404318379	85.49743166312923
134.92387183789234	-42.899910292468434
-100.99970385886512	86.84179832159597
74.21563391375415	-18.711155045381865
-24.05797401545373	-126.82919608535525
14.564506914533107	79.69110869531684
-71.85737108991464	-57.53975404741219
47.821286663633295	30.754465983193825
36.49412593063689	102.65524426090997
105.73244448136894	83.48686789732083
113.43195986475986	48.94548063157793
-67.79072217481155	-62.607143613252454
-15.036551753614807	121.81651096154052
5.313790832273129	-119.29602790669966
-56.590151066684484	94.67061690364748
53.33389950454062	-56.41374539673962
-23.757428375649855	9.134839991142329
-17.41498961763748	23.548113009584995
141.5790050893492	37.002740643186414
-17.176313949324452	-138.65684790858253
72.24057675010482	-10.793976397708896
-4.36939089886322	65.99001634837668
-46.66451599705671	-68.14271724632133
-51.79007615213572	-100.96535674792443
-18.35519794513612	7.190121096064057
-78.20728488004366	118.14063726085774
124.98038880354322	42.5254551525035
103.59275475820355	-34.010784758154564
-139.28398765652986	-8.753858361960082
-38.28727972377901	104.28514521022485
32.85774368607309	-30.25676277582872
72.51721664079517	85.43190549338848
-31.980446880016906	-98.95319867086917
