-52.7651976526936	-34.90915460439863
-0.6056752029556538	103.97064073327189
-5.3731261199156375	-79.84959635105193
-72.98618078677983	-87.19464280033222
3.0356461661940406	-99.18054028930962
32.02661035919649	-90.34254949019474
-96.71319725536884	-76.50312539033035
5.928863665483255	-87.56876711058972
29.777938273822514	-120.09316288660575
-83.01556220265151	27.60724568840066
60.51324276448356	-5.084749434597134
105.84561353797109	-71.60103909189363
-117.29892959497035	45.644073213112335
-131.1446466478303	-23.030022302693013
3.699190677722286	-79.67938020335227
85.27661012919891	0.15857703401425996
-57.430997461737334	66.45065496608215
-108.84894431623692	-22.564899721702307
20.213505282796532	-87.4953411393027
92.65938589543441	-27.969414580648635
-109.39362743928886	-36.42113129506057
-95.45952770726144	3.3863437286892633
12.071456437574387	-120.65569410212706
-104.27151409049807	-6.277982622490255
-94.49407787380125	34.362433283356424
-55.51188961431535	17.682659116371138
55.55926859958026	-70.74222837736505
39.708616208129996	-63.94712503129785
22.736362073857553	-77.81298970521499
-80.19011234809021	-21.020786362643367
-76.95824522517383	105.6479008970021
-103.7537627802932	39.71885931173559
19.09849480382511	-66.62114591717759
9.509526321746208	-104.8074734428951
-117.2624480404039	-14.759729984058866
-120.29406166739072	-29.704010017862256
-67.46921438795324	40.1161370006319
-38.07242398490529	95.61570817051549
-100.90912402642765	-15.614165965568727
-44.13220146677021	58.670199093136304
-107.13782551340267	-70.26303843047918
-119.49547792712468	-39.18676980056074
-102.91997538725283	40.21938530863592
-6.168685548280779	-80.35735318740787
55.782911444321165	-101.26847186307721
58.591440682449694	-59.90733460445872
86.22991579147632	-67.49587810893061
97.33735593738972	-31.10608442812056
70.40542426203535	-4.9808169128171915
37.09003912860125	-72.38634576164155
48.19940433713798	-85.7280697618096
-67.35684329620867	-118.17787119582265
39.40342602025727	-27.27072124268799
81.11866391783227	-70.55158082758538
91.37666265946133	-97.42727001777357
-80.58823687616841	51.787604980451505
-58.97154136805258	26.36267887011397
-123.75043281075247	19.658115003055826
15.215325709826223	-77.99325177247255
-88.45820102380738	52.909108701020656
65.97095543247579	-45.754163715344404
44.558943141962686	-61.8561805683768
-111.68367241071792	-6.399264976041789
-91.75167471794798	79.72662663248839
42.213461307705685	-72.16237065455041
-78.31623629143958	-8.90748818746211
-127.45513632909885	-26.61023113581864
-84.2034661358948	83.61081157676108
-27.26460195405176	-111.22575122863884
19.69856786030887	-106.58427030354711
-71.13004132252722	55.349969730983396
96.32260434273901	-46.94717166580714
-144.84252265504912	-24.18438687153243
77.45871072180448	-62.95382100027183
87.38630536365218	-23.739628229444808
-35.511168589266674	-96.83666323675355
67.51471718773527	-62.36064455494763
56.84340007340349	8.210538315153457
-102.41786253956074	-48.86621447899436
-69.13271170847878	36.81118267672898
-106.63597411410794	-19.54237593203296
-112.65745072833417	1.5157568290780048
-76.37591885355447	81.78852843525809
19.437947919511924	-87.48714412315772
-57.846960643433086	26.34394718787459
82.02975244552663	-84.22681444785891
73.14297113260393	-111.44699295361355
22.830586402889267	-55.63804524918719
-116.95876402155658	11.885024769073592
43.742461779516674	-65.72058784800012
-100.68051707096947	35.86445351616503
80.58355095162901	-81.1298419231404
-45.71661841959853	15.961234116480185
-11.407335983194713	-98.8844774665451
84.53404718710189	-57.0129848156033
61.5440660110234	-12.168590086795078
12.486548891329146	-96.72644725112184
49.04218761745013	-117.07012493312854
-97.83915153412018	21.199026622837042
-89.97892846719884	23.304738672368302
-105.74846119104761	-14.105825820538886
-55.59382377885642	74.2270279232749
102.10261359886782	45.72587436342845
74.3205593386411	-17.392359269847866
-94.70567017094791	77.73696081198563
13.902771879667732	-101.04644812166642
38.267511951226325	-89.15223762185249
-41.35877779843115	79.49875198266304
-103.70758606674434	-43.23383902128096
-129.4122092308916	-10.91481349002293
-95.06927365309845	15.592178880567616
72.39854217144583	-72.09245788599945
80.4636371554687	-33.95507247559428
-136.0517278632687	31.616476683428512
-27.070001654015293	-127.0233124510693
34.09877835553956	-21.24172838526565
-74.61218137103775	22.073928778543213
9.195765675964132	-56.7550094546788
16.822294666597845	-77.58894954398528
-113.92399363798243	-39.71863583342847
-127.33383567999509	43.54677695929264
57.958788620152745	-73.12628429692454
-110.98060749622329	75.45297059994196
45.01779765131388	-63.51024016907867
88.7781578773579	-32.58651069289117
-8.416191419690971	20.554903140335895
-123.32244943616816	22.75790770925254
45.563365831400496	-34.540845000303456
57.891206687187506	-78.87444600264507
98.24271417107458	-55.921180047105835
30.342342268000717	-114.9100055297595
75.64516502546486	-93.12876668688469
-128.8529523384945	-22.02643434098221
69.73522724660315	-57.17735577233494
21.102040890659307	-99.47991665099086
-102.15674784251334	34.185093362485716
-124.52086155165968	-34.58610213189977
74.26645508790023	-69.40447841408155
128.30216504833814	0.8801281006352895
-92.85461727462732	72.03690598328764
69.06686485747886	-98.58856619431144
-84.6823065649038	-21.681594449382597
-88.09139513415315	-69.86059014077769
-83.74788154579781	16.645768938738005
-92.25192995871936	82.6535557648376
23.2201998701194	-52.49696416824314
77.02752037400354	3.925974445984014
-90.06873427981316	32.90560333084634
-21.147411338822437	-54.29447332016939
-76.20979185394461	31.75409376500093
-4.647571016100202	98.49841049889334
72.56200794825615	-40.6141289121531
-63.44394555189017	46.114456989970925
-59.60105575339876	43.48759686163874
68.64287814911951	-82.27585293623201
34.64599456931672	-130.6635137322254
59.41465386255861	-67.16829874654388
51.83728401413496	-81.71813152274513
-84.65984678701406	35.84745962893644
42.332247029002666	-61.16307882056701
-42.54552232984555	-16.53313443011618
25.4559816267535	98.86694752378908
37.39302521414992	-69.6782918752122
28.474589281359695	-94.46502479768444
82.99236665697136	-45.4116504237306
53.86276653179595	-35.46770128011018
-103.47941885235825	-11.32271692113371
-126.0053362828164	40.42389412969031
-85.38243935037457	-3.165298326422319
7.26957565148098	-81.73475554567402
62.94930010486334	-81.594231504291
6.4015914646143965	-76.2567660241357
26.970689071169176	-58.65354050983498
-76.9235407136231	106.67507818758469
47.35701206390141	-72.26427417706488
-97.59147705347839	40.56582427576715
-70.65201274108273	86.34530635800877
71.08070729861892	-28.79256437915925
-113.07047710993268	-22.049430845565677
-45.48911854659141	-90.4789784364635
11.588187508096434	-71.26222443522795
42.13634968859621	-84.648191293476
38.105443329461735	-94.19807675009177
-102.45605527133348	5.265900365115576
74.55974723769779	-83.37047004344319
-30.99263136186546	-67.98898824210853
19.004564800990725	-43.198487532165245
37.683533089313734	-59.54795444853218
-97.0249383239285	-33.235160582797796
92.66066732825814	-74.44043484098636
104.22902191235369	-8.927239570706078
107.76609020359524	-79.66010263129365
-96.43055535979393	52.050667044223964
77.49868528038145	-46.00338055516628
-5.658636848780786	-84.93026185663702
-109.950910842623	11.92014476268795
43.306869901336434	-54.96231364794384
-118.92606910415657	75.7380492549635
30.90523912343311	-69.27721434616065
52.18510294690931	-94.99708979521743
