56.562890212274276	-53.05001843549876
-120.37600602159449	-40.798728740969786
-123.1590116078017	53.396117369811016
132.27567432996867	-53.333893280838005
-4.911788813160146	-125.23140839633928
106.44580614524376	-44.232958568440274
40.34721548815005	-58.93703561440613
52.69730181952032	-37.25811636319362
74.8281594610722	-14.594838347707936
47.49843774948521	-58.93100632003637
87.40635637447261	-54.668052455767956
-53.19543636113073	-49.32373195328073
73.09061265282811	-17.395036118668415
29.09795320609901	-10.350353669374297
79.7243681043632	17.188417583078888
-111.97844378565888	47.5968193837741
116.46480437553154	30.72912339079867
-100.18279454215826	30.210512306207516
85.72202732388355	-37.71921136248099
81.71819240675522	23.42396944151716
87.49249634839931	-40.55156705841674
-102.83541180976927	-27.489349389293665
109.08963800112235	-6.327357555538445
103.62010556885822	-40.34855342998623
40.760703362094034	-48.04964030515195
72.83845784147051	-39.91124988293217
-16.685049963328076	-118.37163666866965
-86.21262978236325	20.076832437629218
76.30793208370253	-73.58414226502762
-87.59040522189513	9.59175574881951
-106.08015107947776	16.30204270578168
-107.11649477214253	-21.123334471559275
49.30309464888194	-77.5151913540627
-124.02580241915413	22.687109615585413
-77.25000286467143	117.3332987976613
-100.03784233519617	-41.50071740244615
-53.12597853371155	-41.798025448829755
-114.16206860512499	51.93307430195833
38.07521741037622	-54.88928832161499
-80.03464235269198	110.33709743810867
-80.6079482912189	39.52050413085462
-132.19667367346233	1.6504204294651486
19.031545091897165	-99.75011741819021
9.298228976578821	-78.22645499258552
53.40213687459894	-24.121673153789935
25.00191710009923	-62.67632577195564
86.25687041173316	-36.517556611306
62.033013417281566	-56.156408272994824
99.09448641631307	-6.751024159786185
-82.50183463606142	-1.3894172929130175
64.56974181288712	-43.26350983233979
-120.16578839205152	21.787853863893066
-123.64924412956404	56.66044236416076
81.92479545149104	-67.2104914826821
56.56499084944673	-22.56780838279584
33.34198220507858	-50.83356577844279
45.46817828767186	-97.00063589876896
-28.695309507044843	-110.49579789563715
-80.8247106807585	-38.35314504440991
59.64333940528759	-62.68886341398271
109.10547313473133	30.126838226242608
91.28231927360225	-11.824351408737323
94.90406332178021	-71.92869389643677
79.12635981075837	-111.47752181405309
97.73843978179522	-44.534389087870814
-78.54686081059049	1.7058463747604515
64.73302577435643	-73.2137034956289
68.29860493354074	-48.27533525096101
-104.15537656290573	35.83107345240096
46.84282148246107	-65.60664520252888
71.07253751390486	71.55429953978106
37.97911215505383	-31.267515107019438
56.06550314059324	69.41591125681964
-102.88183209982603	10.664073084612202
85.31763772748121	-63.93270448511843
-91.80317680307557	12.334235868913286
56.17496653785325	-24.181101468263606
-127.23686323786559	-13.54175569374273
-122.35631039174362	19.336151597469737
-35.38397840113307	85.43955973672335
-96.69591264990073	4.171198474699583
15.16787658937142	-69.68125842850202
-29.109807399737278	-97.5862031061949
-13.158530324156803	137.1815141541059
-135.33910226020564	-35.158884733110305
-125.41393244282258	31.815950925714372
-127.73305664439101	-19.464710106070964
46.64419089742112	-82.27539790891971
79.68471876835238	-71.15447093979462
27.628742591999426	-84.71412863363415
-92.07595496334733	63.78715440702146
-55.644920810582974	-89.23228828222148
88.6520769302316	-49.961308086449314
-92.41451412366143	16.091934263109955
51.559490209354806	-111.28202926592773
30.29096155607643	-69.61033308664258
-93.34999834403006	-20.967832479438254
-126.66781598720152	3.059145104596632
-88.81720137007213	-36.633739545453764
-64.9710880767205	6.640952397039059
55.78090734828735	-58.99419031509034
59.97062455689893	-97.6832933008588
-113.68545809067705	-49.93121336748725
-116.51483909216785	-12.29401618672966
-43.909242460815435	21.26598876980077
24.895299634330666	-105.62597636714457
98.48658714683553	-40.87952385451365
32.977974755940586	-105.27974156031267
-87.65370624007052	-34.31288634787652
-95.70439398518056	-72.48483428014713
75.48906561105139	-90.93964063814111
104.3157764613513	-56.76515388537448
121.93406422787118	1.6601638579027898
52.859781059738815	-74.1221344326469
-121.69689427872767	1.7736321052851887
-133.91299006368038	-0.9369417011355522
9.412141865130218	-101.99285742660757
89.56436839472333	-32.0032387061902
-43.693207418711175	107.79737919666663
64.55851300427253	-36.64797799863728
-111.27939194337297	22.43310748800012
-89.546544654133	-53.42478582362678
-36.28884025389255	-129.45902951415306
-132.8784879735601	11.932685901092478
23.706043300875237	-76.24826819431036
-89.84840086692671	91.85703201631118
34.20061564870707	-112.0571395925063
75.07701900986649	-44.70414958039649
-110.35980130127363	18.176625934700716
-51.39421806918327	-53.17222871664775
71.68025528665781	-66.64209163801833
-98.17738296813322	-5.927067263965034
-107.62427082250151	-0.9116154294448983
69.64731075335939	-68.38837487079286
95.99133721301108	-64.52631570599237
-84.99871323363374	13.720903814151969
6.1110809196182485	-56.96481936838544
73.84085954821047	-76.72399457049752
-124.75516625203846	-5.584675921345195
48.77429978920421	-101.14713201899907
16.453979717235445	-64.76063486460268
-92.53943327325166	-14.947361737021717
-33.87990247000058	7.460380180034938
-66.1870766430118	9.831435523241792
-122.46256534657752	-1.5681531882135467
50.71239986222906	-75.89911237748547
-34.096591796377	-34.99901928406388
92.78188445004167	-57.90983957848815
24.263225607459088	-69.21821089261893
36.77754753495264	-85.46389032108488
-58.218663700457554	34.127064824279834
32.912177943710255	-101.2686823812863
-111.63070254074341	-12.357515345771672
-103.75730183176782	63.41493364234766
-111.17266889013469	-23.053320224978638
24.28216074609178	-98.70883164322754
-59.20637521402895	-70.73454015309993
32.45663090432219	-102.41827046425972
95.38553023788569	-28.34471058119356
32.448406141579646	-109.63884117394593
-102.66487712853855	-48.40585588264671
96.5230208571824	16.935004236845426
-117.05574123706069	-7.5965764623256895
12.475000905130674	-104.30429508712956
34.31106117613849	-87.27690005539102
-84.74520993461147	66.47967379595426
-24.15347376530284	-120.13388158177946
-8.177823571502948	-64.0809583386328
82.25097766930618	-72.49389734029322
33.06642189031387	-72.6305133470891
-94.59835269756637	-46.292774607790065
26.706737045077638	-99.35560717021293
-48.44334159354691	-26.307308269051116
-84.029689786418	-15.078439556639662
-8.214273711462967	61.05502720746243
75.99854088296395	-96.67683960853748
20.204299308364515	-84.71967199985427
-112.7304053380487	-42.89080272648688
64.23981477951921	-59.02310696764709
-74.10576900434972	2.728941730734628
-106.55207798559432	-37.239183276105656
-109.01783363074145	-32.75128115987304
5.039311137301768	-47.392245676212276
33.24732029582461	-81.04554240504446
-0.8107906195467673	-100.83800402233243
24.259324105242374	-63.99648206169374
41.8664355996162	-119.94401506362647
-85.09254429356795	44.16396344297879
46.86589209256143	-66.79519633717452
42.876734015715044	-72.37617264291875
-119.38860279155088	17.753293451339562
63.926043885614085	-88.1001611249554
-80.79061796975562	6.595757182793455
-82.86779298430861	16.967337294060997
91.7574013496191	26.43898760999779
-73.54808880416107	-23.849558103776893
70.50755969571912	-53.23903173401217
101.50438212172587	-74.03556374019854
-123.83032292042228	-40.81362505671459
-59.98209129976819	-25.35855403523325
