41.0408851964434	18.487616406181292
60.353826159838	13.632999322890473
-4.831974301138206	-124.13708011694348
-129.55210761524927	24.612564056966463
-8.43418396931889	-93.1702306423515
-118.9767716924194	-31.667356535501312
-92.65861272959285	9.380426713015893
70.8210672417205	-36.770676601832356
-113.21203933908966	-78.00847624445395
66.22067299765317	-51.64497002192617
68.77957043062752	-80.30627747794776
-101.21218503632689	-21.639153504105487
-96.55991255775342	8.815035630156512
-80.27463211080571	-47.49626935071716
44.9668405616366	-102.23300076609242
-111.73961667914213	-27.57290249566515
-119.0655165261891	-3.781631727688947
-7.893673490746805	-126.79932012584511
-43.207178871853046	32.91966444727347
-70.29576797639542	-50.30129670864836
110.09888188865659	-23.445475754885383
30.921129716106208	-65.63219497149358
-51.764597720657	87.16630446839648
-59.198878871698525	-5.901712456470974
-50.22932953682216	57.34430146364781
63.772782101440086	-22.05141013901519
54.61904364849901	-48.89357689248655
46.668766498806974	-76.31436324718108
-105.90555172978726	17.795185631965225
-21.346736538683686	9.024159829681425
-97.04965167153644	35.080583115595935
-86.59973302412045	-46.53160135592999
13.281504050174071	-67.19475015297971
-90.94808656820408	31.408929058614248
123.8074521730222	10.364819361557636
-62.55603497274691	5.041193867769052
-75.42047662102337	38.523912626871606
35.96414507865243	-99.48774830702628
-80.53147635344644	15.323729692712584
23.71877901436966	-46.29424388825334
32.97554281302753	-62.025690289275445
-113.44708508568954	31.736245963689935
70.21824013349836	-22.400089880644863
-100.23092896894894	31.919491282378914
-65.14801102153889	24.216749860979167
88.2453311572323	-5.311703877786056
37.19219397849533	-86.9871635480499
-118.0574792858434	20.123774809663917
-90.45769427081177	-9.871208740324912
-112.03159210853927	25.977197534361522
56.70051369229435	-104.51243762795484
-97.71970248016322	-62.72070789313202
-89.91922388897194	5.4494751987730075
-58.7134066636822	76.1790965174904
-84.68881440165137	-29.6798897277618
-62.09528053249067	44.89558690225649
70.86939689811788	-58.693745782871204
14.0842150573752	-74.68751360929255
-83.89305827548142	-2.1363295710088654
-82.98867051053723	-26.133354201490487
-92.50099086501949	45.50152812725528
-80.80591634592166	54.419318534218064
-102.21779272842647	26.30139388604156
110.75205518659148	-74.71902107797155
38.92147334370626	-86.77618104687664
-111.95332855480412	15.070031424193676
33.19893079375711	-26.79792735431815
41.03411238881274	73.72878845415751
-140.9797413500762	-14.31191266475728
-61.28057001446659	76.64522667157709
91.8366293796051	77.84917630431144
48.24119456432117	-66.33473469015848
-63.90960035818263	-56.032321889600475
46.02211891274602	-98.71416116766449
-62.841345900419775	-27.560678976517725
-97.05291367823737	55.561817617651585
-78.78313441847982	-34.57847151466855
-108.26428977854972	92.24349804023535
71.2493509759118	-41.854644476165774
-66.60517189532624	23.08610372015038
-22.50021192972611	-93.85601173338915
-84.62156815664436	6.654080140883078
-99.05326374378524	-59.036799531853866
65.62294511423119	-69.40006767284255
91.66163843758882	-44.38090672763919
24.77363186225263	-68.65010687123068
-118.09751008094048	-28.341212062668614
-92.0972302523496	36.66452550520997
86.67310464027938	13.817727742933302
-71.53531383397612	-18.170959308132872
98.54784074647873	-34.38129920849154
101.39874437120096	-65.12452412579857
-94.61947603192169	34.88051612296582
17.072215449706615	-130.54002451281403
21.64023474795882	-95.19475512633208
-128.05388250061904	10.39252714270692
97.07500081075924	-29.292817891687765
-114.80267317975819	53.83346378149699
-124.62699095226294	-12.342459637742964
98.34177725156542	-23.13308243710815
106.08730820110988	-73.68568123326338
20.757742783746767	-62.84439921764118
-94.29049883818202	65.66902913097702
80.40959808814395	-75.68237719091566
92.92154636827534	-66.6916013318286
87.69335007753824	-59.60745927346586
74.32623151605212	6.134291603471353
95.34417299076802	-34.679082330309036
-115.18591136533253	15.883133821375878
-94.85574199009334	-48.81774058592507
74.88633681964998	-23.806441418524386
-43.605369595163644	114.86647538954689
110.84078201929462	-37.17448814686689
35.567680065148565	-78.63353776320372
51.600638800192755	-74.4011641844686
21.693215198844555	-67.64375396150409
106.6512390448371	-37.58223692363334
-128.65158294585416	-14.090491382623075
-133.03311237180344	16.523718415929427
64.53161443685397	-67.03023559679139
-5.844177613183417	-63.326065786807796
-119.00419661084005	66.31934239904537
-102.9121627192603	12.764091185041037
43.32132266015478	-77.63869153001663
46.40173703689319	-97.94770989470761
-61.79716678385556	52.518716143279214
71.21343066536191	-60.1933774630096
31.81669641271689	-99.59370020472737
-65.89572437701398	-74.89819814543345
14.205631284526252	-63.18726150115439
77.68920372544117	-48.74081062685309
-125.90122900164242	-48.362714045621495
-56.90454298710465	-21.35266000635007
50.181875892471346	-82.54826473050551
47.23009945859139	-61.192421039516766
14.583697449355446	-104.49708483530434
82.90840550981567	-80.07712773895881
-105.48595770320897	39.11196519176861
-71.81069710349088	57.78286977404184
59.05737613623502	-42.63068594982835
80.56809525829712	-66.59719447175723
77.33939612380586	-87.46885301216894
86.44574582857437	-30.527356036863782
-79.96123072460938	-8.54386758571376
-105.72664571364434	23.62089139378109
93.66820554372909	-79.85370909598458
49.70042159864368	-36.06160329254213
-84.45496196284428	-8.86135187111047
-30.76866358729111	-107.20983543698142
-76.6524643054817	-30.881269456710992
-17.78920115661007	-103.15225153405177
54.93480174531535	-91.58124562210052
-94.58236478306097	-11.986208711959529
-138.65754414935088	-1.5466040066237576
-89.6626957171741	-51.07284420860284
-107.77607766851668	22.118281512181674
-115.76679059146278	60.443922485738526
-86.99039218882113	-14.886958242620624
-80.18211052571343	-22.345526475400693
-34.30044170024412	80.44742105603184
7.5627273835358295	-42.790239894434606
-75.50911090812538	-23.59621904188617
-70.8994089713155	-41.12343916364161
-52.570274807352	25.77024969177091
-117.90207989101724	-48.46862796039722
-35.44748310981652	85.82780130153557
-102.4988759526472	39.95271300943311
-103.51778659017289	84.37059675789286
-78.85174290028517	65.4929891996721
80.93144425058576	-25.3632459697146
82.59159605336438	-96.26387165353985
-129.85321750929677	-48.87615108486825
41.76434462618055	-85.41941794635997
-100.97615321792692	-19.063133810898606
-100.45626100297278	19.737354615555827
-114.34686783778109	79.49135632119024
75.18430110663273	-85.39411434546142
81.59048147838628	-6.110155195885864
-78.5023717830106	12.43287230385531
-115.67381925773718	-24.535272840154104
-92.64724600533748	33.05484706506013
-98.25935862223965	47.4654097939918
42.56860502712566	-56.97679912436735
112.09809206755321	-53.52803230803492
59.902944193954625	-22.605768104203317
-121.32809310244917	14.085947169867824
-90.59879371579366	2.5859896311391832
-13.078337878857234	-83.5605722458123
-72.18535348110292	5.131228323490992
57.7933620674388	-36.134379038611264
-124.65735924522085	-10.895919512518546
66.89190941798088	8.40831178506445
74.80125156913932	-82.04521523543224
43.320834551744994	-79.57385179709816
71.6524899178468	-82.3370728717619
68.74295753152343	-43.335457945777556
-111.71611000978493	47.91690739881939
-113.5040919321025	-85.95096958688639
-49.931396420904484	72.39892268847649
-90.71838508083452	-7.427799406230745
