7.092547105510318	-83.56129826320011
17.5865922716788	-54.14041879146906
86.86332971776228	64.17194768377348
72.80927675855341	-85.6914515459736
-78.9354482953852	-27.123734918793502
-97.33210165623056	-36.10687198603849
68.13729774501272	-58.971446536512225
-39.42314290661979	53.10376268290794
-133.1188848091588	27.123417465447798
65.6145843130327	-24.894346626252855
62.939581395777395	-74.79545528283103
73.67264090121333	-88.30128809140332
74.65085209973918	-59.49070512147224
42.71938491884943	-71.3453596252626
-113.23243936961788	67.46853627017607
19.335843941114327	-124.22604156695589
-63.054913342728256	79.25294630700535
65.9794778095588	-91.23947758841842
54.96852007366474	-102.54129426219873
99.90174160432488	32.92528446004483
-97.50598665246237	36.05138427915762
-72.2101931871333	-3.000083424226837
48.621053990335795	-88.71466399553547
-2.8781937414848184	-18.994091441951163
55.43802957528293	-135.18944203637506
-119.34173960234241	30.251595655401996
106.54689620822722	-27.533411669074255
-129.50621507185798	-16.413874323681668
62.50050341944147	-51.28753504791539
-132.23710813890682	7.720519026075841
47.26755013424079	-115.10285286525774
-100.84228069668738	68.50763526411414
-72.6252336530255	14.86385530867305
37.30907461592181	-84.80798779875953
-52.896759681283385	50.142514415581225
-91.8037453856361	78.42581648661836
22.564160061319132	-89.17418461129972
45.124811810473254	-58.79719690503568
116.0379335612767	-12.439133846923523
-122.79881638297742	16.073756859070876
24.026025352084545	-122.23877624495573
36.16910511691554	-80.39604535792576
-97.62382787884093	-73.06613597207334
71.4587427412647	-66.23548983958453
-100.03155531160641	68.41382061958068
69.04686900009789	-107.51434480238576
48.453553892604454	-92.64776433005154
98.16374955947113	-85.35454056611907
-84.38565954901074	36.40932884660749
-72.27814739074853	53.4561279123542
26.474926191517508	-41.99296892058674
-130.08471746117752	27.69229566022392
48.99917050834891	-55.06702425689873
41.049993746919505	-73.88819499049394
58.27992238948663	-68.98636440717702
-119.0924427718933	-2.7665741762547835
-54.834756756015665	-107.31787166624017
-72.97005529529626	55.27204934833569
67.52705250400335	-14.941899918720672
12.397026779801616	-103.27168107309363
3.1751074445552137	-66.99578262815378
26.86249687781108	-76.90278995160574
-58.88962249481984	-28.352306588542124
-66.00213094179125	9.032490020280399
64.8911761350878	-27.804413933525762
57.52464285594021	-60.66102752423419
-102.1268774764779	-10.717566908989316
-133.84833650455306	-1.9116804893937789
49.858070039432974	-89.90902936170636
19.904102770718527	-53.73468221935617
51.548343702063285	-55.75517532870114
128.3503252138724	-46.44595796134603
-58.139488074873434	61.42250344250719
-103.30625219213461	21.058225104882546
-119.13596651153212	27.097226284147286
-70.731495668045	-57.22363949047816
61.36781147678784	-35.965949103688885
-19.42317817977106	-55.61977959411867
72.18011262714194	-40.96019963598625
-107.72851199750889	45.079574068711125
28.135035119626565	-68.21289771453924
-60.173665720716514	-15.151666473404308
-98.72678440229991	-10.825564425333354
67.70558439387203	-57.44821100791543
9.467733063390138	-85.58689278637519
11.482093310186775	-123.29913240409148
-80.43313317685306	41.360124061385285
55.49519314869307	-70.66639097241996
9.056617651078808	-95.04538051604877
-91.86839384977603	-14.607048687037796
-43.49986997822553	54.748240445468994
-66.84757652798463	60.42771349241922
123.88154280969735	-26.415798431157253
69.30861908942853	26.120612846814808
109.47414865648689	-57.94675081902163
60.36969387062354	-22.46159201673402
-125.12887730579527	49.829431540794566
78.79876806053484	-72.72229523947553
-79.5689319211976	-23.250212503555684
17.953329408739886	-51.52135985232004
4.297562814822472	-92.42667887036032
70.9207462649769	-30.993843938564158
-85.88090581074796	17.841730480098256
30.575574261350752	-52.88939162879307
87.45775687577398	-97.00822656093645
-131.60271498211324	-18.92337230108038
42.83613600514168	-35.89788080432777
75.17345896838927	-64.91643795816074
56.89941858824633	-20.342870947824824
64.88638505955336	-113.75001738725089
-114.13407160930602	-26.293824813126186
-71.5378321455258	68.07739710894072
-126.04999229826558	-16.248152129114516
-74.78002766186975	15.634159821943605
-74.39503946366614	42.77925136945236
-141.88417601574793	26.44042378355347
98.46906638427608	-80.34615961456794
16.678512418030067	-52.81528779060479
109.66499720488657	-19.708062368499206
-106.21338767430187	-1.4023683267337133
-95.67942946401816	54.94917905536383
-10.2630124438601	-104.96136699373075
-123.08474995843902	10.93066873419126
61.11042259744536	-94.04232481833607
-113.99379857587103	-9.824033974234766
63.86858417178913	-80.0133482027388
-82.39273829742339	-74.19663472554538
-101.33219911065245	-2.4869352621811944
43.77208339007913	-80.47755891834412
-103.13890123889406	-0.13728224363106747
-78.0693894091836	81.51700975882135
81.24579950960299	-55.634381847449035
-81.03173774865589	-73.55443812817757
4.394169763830781	-119.06474337326905
-114.46793118639481	45.9391073196452
42.446184118576134	-65.10767061683583
30.34464306429633	-80.6496086294668
54.79281716581123	-58.315323081434876
61.89836597987994	-25.856769147142384
-95.42480348549302	-17.530643957107543
-68.17332912236316	41.07129473867171
24.36061175827667	-70.90734246761633
-57.015418972236496	-55.45256185612732
-80.96833923976526	99.85460497332731
51.33849498534258	-37.26708861761472
-99.23980818790012	8.299706782742739
84.90425358866351	-71.35711708170122
-109.34353669352627	5.9325585232597
27.997335704098468	-64.39548791190361
-93.44463865111082	11.748843886290624
95.40772801589033	-28.321610784433936
4.673788596875075	-113.64975989529496
4.534937708019729	-97.01754366600643
56.04565991299288	-56.94110204377514
-116.03010729430864	-86.39100572034546
22.56487382426191	-85.60903074394204
-94.00353060936183	41.17844887069839
-32.58639882498753	49.3162946915189
64.67064809359943	-74.64041377374538
-128.72432110795913	8.287116578421253
-80.53660962639978	-15.76791251627519
27.876154709604734	-87.68029377830085
40.9241455521813	-114.0618141469291
14.90427215553912	-78.82259702310446
57.38504017735992	-93.63437846640143
102.94133145853289	-52.002129000272696
11.607432867624837	-104.40530840210944
-128.6973111519845	20.210959086775745
36.56506531022512	-93.15122721553297
-68.83904122052365	69.59137314724455
-64.00399481616562	-29.681296823912604
-49.8871296085246	84.70619997283761
115.69899472850237	-51.24920581762267
68.05675748397722	-110.4503540001306
107.42773511823712	-60.54274912324022
-13.51337402930318	-104.59922635334415
-91.5824286029323	11.758653346997201
35.69588853099295	-82.19617777890313
28.649978198618324	-107.1644920863884
38.1379781037604	-84.9838280954131
-90.84628776603896	-14.516840696929485
93.39525893694251	-64.2774616549437
52.33928167721587	-41.676022010012844
101.62371711089271	-28.312305430094504
83.37495282005396	-54.78881043592863
49.879875656259806	-65.86852754793988
71.32384375720673	-41.999071457339895
30.2493846990286	-85.48293703882801
20.001412454193023	-35.66751932116184
-103.08813451039316	-41.34753270586811
-64.1270954728003	-73.0129471923677
81.40540285470259	-34.159992915582905
-54.80172797438983	77.15865288986359
-104.01598371937118	-19.05852666114
46.992488380255544	-65.61169402334787
-97.26469774112888	67.64322543072552
-96.12074079797507	-3.737634470098501
69.13707092237973	-107.72177106715044
43.87544537880178	-75.8103806142429
23.259848831264502	-42.89854089955405
