-30.557427273388107	-8.24074649644655
-50.93831391111001	-3.4477415789403407
-32.301701401275494	10.860439892505202
89.95137350746771	94.21716576248274
107.92129403804361	102.09727621384441
-20.954993427374912	-36.95657207729096
-77.34500750154328	20.489923482115543
-132.7943636350853	-39.69568783184152
127.44739754828043	-62.85347187142186
14.347626121549144	-68.26820585305238
-104.5336072313064	98.73580623174936
19.91344075355243	-112.2770304502181
147.58859772166463	-24.616001400688432
11.642597399616635	19.24190683561603
105.99373912572229	-80.30686932039879
-21.486747220218792	27.968801558658015
-11.439347643097964	-128.03827043473825
-62.50279289178168	-131.654325582554
-22.829827384023414	-82.64950959454426
67.94734217060648	-54.84528693410582
-50.069689709850124	-53.641094831264795
35.85973264265445	91.75086824174296
-50.297212754851444	-90.04650167183338
-59.89461741532338	96.33071714718055
119.37334341489196	-35.205399073754194
-45.649774820918076	108.70474407824827
2.641693250770658	47.105373948970254
118.69089705865815	11.649652809163872
42.63014295915323	-50.185591185210924
94.7856287048324	-55.20377991756796
104.74949749785789	47.405684160473804
-85.15858373840746	50.63609828165074
-84.54028891451188	47.45612727091227
30.391012366804983	-92.98252244817782
-40.37221819494301	60.46310737567113
-74.43144605082117	111.94396273888162
-51.351532021957425	91.0588083694357
-96.23906295413607	45.8730084912013
-40.24649401239018	-50.34096834572906
101.42475299005146	-20.30231855131865
-97.6360957436216	-17.471758211159
-74.16869300906049	61.76212737647539
99.5790910834274	11.047750766189965
39.785717036092905	62.87694840573984
126.6830342590183	-42.858609607378256
-4.050743861817802	66.15538470917333
32.88356619470119	105.13335997405166
39.98921398736046	75.2057521247865
-108.19837019143036	-66.8612131846884
-98.51379398252077	76.46452268540025
-108.3198260436847	-63.078806382672546
139.26103652728708	-22.94297197822546
118.25495823587131	59.85872166168508
57.067025836665564	64.49973007706166
-84.22317950219278	-41.984120031246924
71.898686304372	119.7781109118704
-70.4852563540894	-116.47166348743488
56.50779682917324	-132.41958432003716
-19.145484741677283	-136.02472023607004
-22.15905231799346	49.18336900841994
45.352096104711606	-73.3061537102754
-80.96137367983947	-5.253796370378336
19.068632016237835	-90.35215216050874
78.78722041601303	-19.240641754478116
-129.72156526451695	28.8343452635548
-122.5574378422528	27.345633688934925
0.33541032202033966	66.88443403719698
45.55242704797849	44.39718141034088
-6.55922630525828	-69.72640632279708
-0.94412703382712	-84.05694026110079
-123.85654636588635	4.434058533061486
3.881862288377749	-91.02302056952868
3.8751725666482417	97.6206506201253
30.754036827843294	0.6703801686026898
101.75724055016785	21.17026205217346
-93.04309940576022	-35.75858896896363
117.68716302777686	39.1244632740696
32.25199099138493	-59.13287791510887
-28.815419005703365	-124.2119605458644
90.20693366471649	-89.51542926767397
-44.474786649657716	-109.66349203495847
83.04944586167282	34.04962934394886
-15.470616131146556	32.88078383989923
-45.43079272929094	57.11465328520168
-126.5859172058176	-70.03176973918868
136.82480776391085	-32.58519293895734
8.296966216486817	-66.09001192306829
-1.1364178820950348	85.01655694908285
12.202583826552123	8.57445229147558
66.70351129718891	-50.36719609499494
-118.11794338637868	-63.72968473304214
69.3362926464234	89.68812209413899
72.23717651892952	-119.71573821254495
-99.00434542677125	-108.7734268737099
54.25028988247519	-45.10093044797215
7.957986536689203	-111.43551031312842
-129.20402892067585	-17.240737530837077
-108.89052510878886	-46.15202702447048
-75.70564208826151	-11.159072389638318
139.61634490509383	49.93385570524875
112.95925840729919	-49.12749557322169
15.070851514633105	-1.1744012645224193
-36.12445383485056	101.53972834447417
25.815822737051132	-55.38037958568412
127.5398611055816	-1.9655443079154604
37.98017426295507	4.655205927051301
-38.42596053565432	78.66591522675283
-76.001771287459	-35.742193393723845
-111.58882791314738	87.21338537179325
137.34430770835743	-28.155086063407797
48.67030242043881	127.10760202611905
-101.39478475073152	80.68524191904436
-15.621137977321961	-145.7118987451437
19.077046660607373	-62.749618655810266
109.38196120107112	80.52580808915553
22.469664347150136	121.0277570756518
84.77893695369725	92.70667937214915
-98.00230906209069	-0.012901102605003713
-118.61989526531573	-24.58406356278128
-5.85828249941558	-72.85216981157616
76.54454192545376	-77.91570657376693
96.00645400172951	112.35381827206949
-121.90460423421789	-23.368581826618808
-122.36315691567812	14.996677006608461
57.63799170374593	-44.41451187206184
-135.42328421794053	-24.05951017945874
17.66569301550074	143.05195143633688
44.13827389058116	-22.128328251824573
91.55983948330244	-42.387092202797795
86.15180181926765	86.94522680454972
84.97540260392638	-112.50868151652605
57.17755996229162	-93.86698606561983
-82.26569650236395	-51.808249959982305
-29.28619567871105	5.040096182032371
44.368551665488184	102.16764365981182
21.32896169295511	83.39391315345432
-12.172397982524942	148.9875538158241
101.41937188474843	56.315523382412316
-16.45487747735187	-67.50993831480113
142.21461003975932	45.921307628993695
94.96144516102366	65.42606372817993
66.85562136916379	113.309924785621
-55.28302274291513	-136.91768069545662
96.93831714774917	86.5402894750974
64.0627821098145	130.85065017812664
83.23894661916923	-34.885991710111
-7.193635318277736	33.28745376773049
-50.716486950116575	-138.26370528225837
101.29172751863014	-45.431203791255314
127.28907693123209	33.9416007749971
-108.93262681865244	23.245501156556234
-127.67698882194362	-28.672484621507156
2.475580118309952	-36.54795281984382
37.79465005364429	-8.665604047667335
139.15084011539528	36.50494327895285
-72.33795668018615	67.61616760751205
-74.64412697553989	34.61199195283448
140.3391910182379	-29.811657669361285
9.532300538521277	-149.6093172073194
107.97824598081544	-46.48178621660863
74.00961291761787	84.38875984121775
141.951287721019	22.22370775524425
62.30226635505711	-11.465509280579822
-58.10238514287076	104.23722048135407
-74.28197732868018	-112.35520380691845
71.08079276245974	107.6357759272832
-122.53540122423396	-42.702477340940696
125.473990996938	-48.669204087362615
-20.229281209040792	-66.09801376953536
-106.68951718729863	33.38285400302055
43.904316471035	-23.309230032969662
31.762508337732765	32.146129902926816
-133.13139316473493	26.005006619566498
-121.25387875077956	-59.71598670584075
63.82420227530595	5.488193313043222
112.08388622196	12.74285802926397
-21.81594073677963	-20.03183193192003
-51.59252870865875	-75.37225125676738
57.17891559657971	-6.584164333010772
-33.93988044730656	85.01653209333496
-62.909884812240676	95.34910562310755
-111.53845849251279	-75.26227077272745
-5.403740247981091	-107.32787955111247
-143.62406867482898	-18.18418479595698
-35.21253839823136	-32.16816969516553
29.86093557105607	105.9843125731717
-30.280460699695382	-139.61867215883285
-59.46509119988231	41.67452747780422
-116.44468616647255	-61.5293964680662
-40.9279537301044	-63.766576110628186
148.15932997338214	6.8446177301720885
-115.80190538628172	-60.176245300658074
113.44250179982267	-42.776678563975345
113.77737810433656	81.84693813023159
89.23275702438414	72.5287517084645
25.357240039862365	77.0236205686642
68.47807665477951	49.66563946480405
69.75025481259397	-91.55665800973757
80.03696533787351	-73.99691042181303
-141.0153774743091	23.342132812680013
