-51.07325673617141	-100.1286166589739
67.15913392839684	-65.53984324463975
34.49636759007407	-92.558162539331
66.3523349382059	-88.15317012133366
81.99079914142675	-32.118186845523816
-75.31121833135312	28.35597251676225
-87.61063307096597	-51.14895575933711
57.62055143818611	-102.30460456449474
-9.454031249541545	41.94486207193761
77.18374449111073	-40.71168573433741
8.757089666263646	-59.44660517889705
-38.62908935674104	67.14727311987824
16.327314752303025	-69.60359803731524
10.006439693380747	-97.59042841064449
1.354039904901943	-125.91033103383202
40.052964074532454	-93.34914548489188
-108.72399762338267	51.33680792224308
-41.88954304480518	3.296325339831817
-77.5811651254462	62.79900504282351
62.71529167522715	-24.456436888319793
-46.842367757554264	48.943152202198846
-121.4749771539735	-44.7589924617713
86.70195664928085	-56.77088785954334
41.09157057595917	-66.36292357974891
-140.54449258528308	18.587279543718818
-67.72986727266411	-4.7157480867315735
-100.59432298286966	-20.308286060511282
-71.33045699552183	49.23703223119709
73.81085185054137	-59.59202474651837
76.09592564119333	-54.11316655894646
-4.457349351458775	-91.88202321129828
101.81400516985174	-45.473205593253894
87.52787715505269	11.637335464401694
39.90374112466774	-47.07316032967886
46.24211662012117	-74.56092244166787
-90.80799005334536	-23.915357147378504
69.60591820209429	-69.50747848510588
46.095567157678666	-82.07269812806186
-56.04889975932408	-38.33821588117984
-116.16118478966644	12.962965723966809
-100.47276400245576	9.442399518209934
55.150450741170125	-69.6660665135601
29.816373712908756	-50.13407217877149
87.60379527723319	-43.478816131032865
47.69614410135458	-75.5653334524858
65.50845273630867	-82.1601984068336
67.0708627637849	-99.72150753176594
64.53983893499321	-46.63625197789687
-63.55777222711521	26.148511217496168
-56.379822519858735	21.95000414817678
45.791934244196575	-99.06128073969953
-107.55287136088972	5.943226535244124
39.56219673613525	-111.45244066601201
66.66710029443439	-74.15865511344018
63.37675605588137	-56.820214813403695
43.417740773743205	-37.641653904158176
104.3695295905408	-73.10297454139607
41.768025707263156	-62.50689812343874
28.942688225892805	-51.90119755478579
91.15714777486858	-44.00507780653028
-109.75903924935565	17.313766536045357
-6.668695151437457	-106.09609300968536
72.90378886657993	-75.51899279522945
-39.83040380035888	-94.32759390479443
-118.49446630701183	12.287272262857508
59.450545078139065	-111.31733140480908
-23.267864467475516	-99.22653467624126
-82.99048604768467	-11.490066862311101
19.75437408497581	-93.72850485677883
-114.02309470736454	80.14323861401483
-74.03437212694362	10.398108729502049
-79.13733836603954	72.02427237637455
74.73617824079017	-74.41581914874038
49.4350310648045	-70.0817734456749
46.26069936563137	-122.9942843840172
1.5032382818976116	73.43806513352685
81.80380000728468	-28.570612276931474
40.73131968131302	-86.9090036927099
34.30906359708105	-53.32237608554106
10.243097380702453	-129.61265492984757
-97.03783841125406	2.2346319131544643
-116.18003368286894	8.330349141374708
58.528567218198255	-98.36766787785365
-74.91938376642359	-19.05795691072737
34.23574633877772	-42.12521531945387
-0.28305027167586516	-83.35570586026851
-37.894643324015135	-47.173384583715155
-103.10849369209674	-0.7018919450598589
-75.39098564959028	11.070330914928501
-132.80298929153585	44.349837798154205
82.01516844255012	-46.26982465430173
-123.93852485759923	-16.948023558661724
-27.549480872676803	-63.1466539706791
-92.17231356319456	42.32915023075905
-107.40754665171526	17.822737367615588
21.877404930218795	-80.14401540807178
-107.54216698270456	9.282511001200623
46.17559038965479	-40.630636033225414
-121.10037846057817	-60.374549860432644
-16.564188668541522	-94.95299400914578
16.435943973409508	-106.28682351312987
-69.63662917356409	-75.20395200307014
38.84984177711691	-60.35299173660021
-5.746496106080635	-110.59201297036623
-9.241790603206143	65.94496708359038
70.66684520182038	52.32086736159358
-128.43647759318443	-10.541647625456344
-27.836631315794506	56.47945393078959
-38.29230368991557	-112.40923036851397
-72.25710322695096	37.62616869638886
-107.92347151700798	3.1773969716151247
54.54913826766422	-85.24628037321773
70.5069983221714	-65.59863396004631
-70.57986507844716	1.26413308102733
-1.4841742389422667	-95.84056746680317
74.2183039940672	-45.051995778444876
86.80707309542076	-73.34645454853283
86.31504243561726	-70.440721817449
-92.26794671862474	34.13988373802329
-1.2790933096082762	-37.22217312400808
-5.834976944711889	-57.53259893336494
35.80394296005624	-62.365476083067875
-94.31327864546842	44.14470302507623
-131.08380286763443	18.31188142056867
-7.746450423134436	-59.406124485934974
-73.29407994555072	-3.413823438203104
31.543596254022727	-72.65652004113687
-109.08122731178211	29.225708002235937
-94.85113573769914	-10.150761091724785
78.20014944115265	53.05015184869962
27.700709612690073	-88.12206599398782
68.21977996099578	-44.465703976886914
-89.57222382732948	37.56391323110475
-99.7162157102614	-29.30671353353069
-18.95699674504182	-131.36382462411618
-67.82276209793724	-50.68920833987136
-107.20937200351412	36.57167061922476
76.61891958103492	-61.780688237344215
-84.67219005048051	51.50664550866251
34.16057078526891	-61.40955948329577
59.936216796591125	-27.342570213022192
43.59623647602095	-56.64052730721194
139.38522697312263	-24.333390593492723
-137.90302164905003	-11.99922066718982
-20.109916543166566	-85.66837244991777
-73.24344344622534	-8.956914326714045
-49.924895630209924	33.985149306429065
31.46192676335808	-95.92673291207785
-124.94676906555695	35.803641463927086
-68.0013198095024	-33.31418737964132
17.418667674330795	-108.95409390300243
-127.58475792923174	-29.36523857402028
61.93402669415152	-94.32801486941052
-17.965936131061746	16.021970943377738
-83.49021699348444	10.797708551726165
-31.187992646620494	43.79736114836677
82.00437967125329	-70.82799981036896
-76.19217198658386	90.6365401992988
-99.03116166330425	11.885634750544872
87.32781709312268	-13.144059611780142
20.639992942035	-57.67899724884637
56.71132313165325	-9.870367316529288
97.99757973168748	-56.92474004389173
-79.7031398285166	34.47014827712496
39.93636221103855	-113.86129078979626
44.151436663145965	-79.45316028829274
-71.49900049752111	23.68877572847306
130.43837977773805	-4.799661016640097
-72.06024376474427	21.46003876884239
-123.27297692410282	-57.45230550829758
25.569732951001086	-84.38038047621328
-107.57012823388004	47.66042235662708
69.7269101494882	-31.076871146779787
58.61017721629018	-49.215019257046194
-71.88260361663806	20.358583725698292
-88.17664133351126	9.332340323241809
-106.01708020245245	3.5989537602404846
76.17148233866043	-62.59829234762835
-84.2906854121794	21.95992187716716
86.89407045328632	-76.77342051408188
33.63605926319384	-63.043813802939965
129.42712027217	19.35913310990919
-2.322756689649626	-53.09231052164224
-104.07815676073558	30.951096601350883
-52.35386556898886	57.71854674556058
-112.11611244477997	65.3114666372226
-3.355896625325808	-113.65843895980703
26.85125791081166	-26.736225613968827
64.25963509301873	-36.058070008763686
5.291344971336067	-131.45926982352438
-123.75086493856435	3.5506741262295702
-101.13248665024213	22.881417503604244
34.73573006514738	-59.265385979310466
102.42807845749755	28.36790094149892
60.53996191608189	-45.887690732096054
-50.25785240655413	102.41427825703904
-74.14197767386298	18.155254013273193
-67.92793244312745	-76.04167807829768
-95.56441585535373	8.804186354194583
-100.07862125024953	71.78974037502098
