-94.22315743394147	71.22287179860744
36.93306689866655	115.61728631494319
-103.76615951369402	48.58364744216726
-31.113686171062312	56.649271239779615
77.87318405274173	22.449045970259895
43.41769479225057	-22.97660561825476
98.78850747066845	6.59934969939984
62.41279594502909	16.53083414947921
-19.559524668205697	59.66127208074308
8.535616726017679	-50.23762714381002
-97.34458286778117	6.820298101373297
-45.528736003215414	-3.2259381159283604
-94.98911033661834	-85.97362327998462
137.80356850204734	35.5339535652765
81.15906375877698	-21.49057446239488
-130.8346571760755	-42.06186793655165
51.40318749139667	-103.00094155922712
-86.2307941461921	41.189209598967885
-124.34601298519488	53.04022928143994
65.33623921921645	116.00381077371941
-92.74529696626182	112.05235208186781
57.85076447288182	133.48255078745092
106.88177288363636	-65.29843662516666
-67.80993569851182	126.23102487534625
-28.35365190224247	20.731816305972846
43.465047199892275	48.7901935564457
82.90169880525566	-4.067850742784898
-120.32774722094214	-57.9569266448791
-27.766102473913037	-14.038787252084898
79.69997811299295	103.44606298210364
-52.81985914802648	-110.88997744049384
-58.955650765499655	-127.57964944338546
26.85902416325187	-18.457394435584536
-24.830414422170644	115.61144367422463
32.39964623572027	-34.60182886499751
-33.412641062287506	12.344644618343576
22.688263277893963	144.2418206797437
-37.62542571949179	-59.90035881324448
63.86592871396571	13.283018670228632
88.07851338221522	-109.19454176075088
76.87821382639676	33.48736334291773
-111.04083843964725	82.05580929746473
76.27606400038569	96.2345437794745
-64.19671069998562	12.014343613256367
104.28132846794642	-28.559775117193862
76.15909504058504	95.23590596955417
99.5221393424908	79.74294656565426
33.47964369077403	98.60546325735598
82.78766975987182	-33.699321658593604
-28.42726293894372	143.323420957115
-75.8178870390647	-60.36515989535119
-29.962183839772546	121.13579174247334
-26.05377992347662	-134.7406832005792
-41.8630247464365	-45.23645240717167
100.90281550158248	-26.162871816837157
-52.98642892719154	98.05625621444183
-43.384019010038806	104.61501399460029
10.554192044942777	-56.93668181308663
13.16716364011513	20.2349666332947
-16.769632539194795	-121.17268287711887
16.373110124870294	-117.10545347466694
79.02189198799933	-97.51885662878013
-26.14845924387854	-65.83795111846501
43.41282597381859	75.59137990416667
-58.25047324920593	97.16531348245428
33.830725057628	12.387071837843159
1.1921127756341368	-68.15258549363888
-50.8802647476454	-131.25966785359577
-58.64440713657529	-5.493872681903733
60.23573931491958	-8.117007715410972
-54.09118902741626	115.32065916746924
108.8852751848841	-89.56665750328344
61.45290555098556	134.42488218173085
131.7438469358997	-38.21766851614912
-30.567542965777264	122.8555922443189
48.871383106217685	-132.4840109672356
80.84440699681151	68.8558751076026
-68.13915286052826	43.73843785772064
124.38507965444623	-27.05950115600143
-35.912487451110216	88.6699678734141
17.54864300590833	-90.32295015474712
-97.41185151992647	9.553369128851624
-93.55899936882304	-72.8760234890692
-116.03258227941046	-82.69285873390477
-132.3366390148227	-62.50985820833975
-120.671505965851	12.652676325657959
10.371132365549153	26.48910051996321
95.46483309999182	7.360191580080233
-23.819155035748643	-48.51530676244627
-30.607949645095175	-107.81091139425082
14.086371200938787	-93.27355904283601
116.85225717915557	-54.224386594820345
60.72884524255597	99.184353665439
49.54777828273192	-40.73699593951652
5.213103527048267	58.54253713267214
-45.808545841044236	-12.429768767167783
-7.593163637010106	129.03656179803767
55.56870449701987	66.22485230729362
94.38521804078272	31.601783061732988
-54.44180151011221	81.62622111445714
119.79596918587639	-21.81833669039871
-31.727602890962913	5.5266612334771175
86.87827454852383	20.90112256026829
-21.282048874013736	-41.54515993792385
9.851337627639023	31.529254290643646
40.01636713796116	15.38390180409583
25.7385485670894	-93.90188464815351
-117.89767327939441	41.42356288141155
101.02229669865606	-14.577568828072446
-16.2940685016993	-72.38313665182967
-29.05883896449055	117.50674840199625
66.9684182360172	-7.8688575401001275
63.524290846969045	-66.9587221755287
-59.01254464413405	133.92717484182054
-34.41436157770736	132.19816081560458
-143.35208548916222	-2.1871944379203887
-57.62109846159206	-15.480231489095654
-104.04593626645782	-56.051160209087705
16.919412449029906	81.77670105388998
127.617197671797	45.648954560828244
-97.70386363596471	-26.0842230548455
-101.02086448814667	-79.77768360509359
80.84098126294893	-21.87603111834432
-37.81634016403094	-10.646116211572398
72.23333395283275	108.1967925851924
-40.986407613739836	108.937671515307
132.25992979324576	44.78597813063706
50.767154456639055	4.924779800781442
-146.29084463663486	20.393123675223112
-75.27825916928363	-121.96719294794987
115.56421641349034	-36.42656954644459
-72.65543907162711	-80.90386092915016
39.775518036706266	86.0151511919355
38.483756704678754	-25.371356565956912
105.34001058102994	-99.00067486742924
-55.40572619921785	36.33937774213446
-88.74106709130697	-12.622990236004412
-64.64817584822134	0.25828889962324364
-71.34248096998235	28.068877797663305
-45.155846541989106	82.42049559262146
124.783210082138	-10.349665055870146
113.24703293240387	-73.6574416775819
-18.121099975783395	31.344424478591254
-102.02886399646704	-89.0775336641322
114.79830759874713	68.31069602094779
-1.6132788411290266	-55.07208467167188
43.6366166374075	-65.34735858387504
-42.56624530840253	9.005191742779019
92.73115589073633	47.94725166606247
-128.31129234613348	-73.02400380458249
132.16498794106468	47.476539727647996
56.45537102510315	-128.3676098308044
-46.051974054686085	-27.24401743754717
98.05253882751464	-103.27036697021886
-15.420190984087503	14.674573748626795
-0.12809087556124893	130.96917860938936
76.07857892342484	-30.845008269857907
86.27222555272267	-62.02495498507234
117.5931758550569	51.78921446701108
78.82558391357966	-91.37478287462656
78.0848415742444	-37.93661048482183
-129.80356106834876	39.31129141835852
94.63278171677055	-75.61258372726172
-130.29200831552663	44.80805378808227
84.98624442069642	31.94379916286593
-49.22671796963608	-14.764716012561687
84.18674837294948	-35.790724367830535
-103.06959846278352	-22.43003957507404
36.546755926428474	43.63576144373552
-104.42113019496381	41.639691633192676
95.80225660308474	75.51450226358862
-6.552182959587854	-3.890864743761386
-79.1702482532548	-78.86188415556173
-27.564795485229848	-46.031409947639666
53.54279485379575	18.478820793542063
53.257505335712914	-75.11921178724292
39.59756413525029	-22.831077920004308
-25.982798621262816	110.44077275460744
26.575726614093487	-126.01539867490395
-85.23350682018913	8.936922995617508
-142.27807074048292	-28.19688344270838
5.707376179927313	126.3356710640225
117.7185356417169	-91.62319388794829
112.86691230697025	-30.22736762602452
-57.42615787155554	-84.08845615491413
75.93293443096843	106.8829710042318
-92.0221920497433	-20.267971254491822
-1.3680473420005699	3.9988860919953457
-65.96135037072106	21.036611969063856
-31.069653133198273	-60.545294186171326
94.72161494180443	45.08446158537142
36.59867885755317	121.12893318943381
-0.08725815923218914	-111.93583416548493
46.80228825227193	11.444388111064015
-61.40862217952928	-45.72507128368523
-6.00344796071777	55.115613210761886
34.60782623722101	-24.327390629915815
29.613693977460812	-51.46561789633486
94.552003075009	-52.49584348036943
108.3723163952086	72.52470906239775
