106.56093194451883	104.05387728718999
-100.02599177539852	-26.27122756334212
119.64590313208821	-27.366543118493098
2.9455560090622552	74.71030673374788
59.92975911185198	94.19949339501304
-37.269575513931926	-29.338372052538503
85.82010722020536	-108.46738460438316
69.43140249639329	-73.70884758503476
-50.889188781129064	74.45318065751036
24.636981196013608	-104.61540733844383
-119.87116755538642	-78.56328794879035
-14.171138927476749	-131.41282452346766
-25.999581675521068	-52.538961573482524
91.38236520189507	94.49490375156415
-58.78299021872681	73.37522914517444
7.753891811288021	-93.95590739469297
8.126958061328725	-130.32520337676027
73.21757978788114	70.58326385175477
-39.24040632110049	9.529637483197307
50.65989299595474	-54.643262544215744
36.641863707100214	-137.06330010941193
-100.80764964328435	-56.184282770358394
37.652411990849785	134.0974154105313
-37.40347241853272	73.93840301269586
-70.8430965236265	-102.38520763096555
26.062936238845854	-130.3448835960362
-48.47808338743351	-42.011015031716035
-18.132705330541725	13.996176701486874
-105.89365094588021	-55.32624051548166
113.89656018953602	2.7363130498194908
-2.7010928418563123	-29.815213772459412
53.52141128699797	-79.86393540592064
107.90409941213215	32.149608650192185
-55.74645354489039	40.79266515971479
27.098983778964023	-37.9181626179326
-110.03351304799851	-76.95327338172243
-143.48201639836125	15.02899501541567
85.70118210530143	52.19108650468407
-4.409883166990922	-54.725936104249435
-36.25581023817998	-90.35857384289977
-66.98135259081266	-42.35369285471451
97.56819710103794	38.94526070303445
-8.892361315931431	-11.134823800454038
132.36941061064752	44.553570267727196
15.83663138365981	-32.50431516760834
66.99643603240847	-71.99595499971763
-119.67635500889682	-23.52049708072538
70.17832250856132	-98.61950484272546
-66.50437487686953	47.820771812725496
-26.39134523431493	102.68319216987747
-105.21032202173842	10.542920196573002
-50.68077606148444	-19.618153766017187
9.447841583862445	-91.04940900066948
-41.51273933184949	-30.99206458756764
22.117833904861314	-28.201363001779146
32.54614025447873	-13.884432664596535
-97.98644062230144	-13.629209829253258
-25.84359943812715	-125.49220999190489
-147.83405265601928	17.245214706918304
94.18872835727645	-63.09467909383949
80.56276613984078	15.646774522375466
-13.376473680494106	-66.93959243897542
-125.00139584320283	2.8741140877518916
31.64395807563886	12.78990642658585
-2.081469941764382	-76.79426582788233
-97.29638593410742	77.62562972964756
-98.6055298525191	-17.02783483847417
-24.567086960370727	-103.20479670036772
-1.9263225062748202	148.1371914207597
-22.756260039067136	92.66145223528751
-71.87485087803573	90.6888121204273
-2.2450806851223657	-149.87903172996226
123.4608777005179	-14.16732353291288
-70.11061235194956	81.60777569800103
-65.50292179606228	-54.744023108306905
-66.50272694546281	132.467499799253
58.13474960702119	-56.845805395824385
46.915269760014006	-20.1250019210679
53.45030072061537	134.07034096595513
-48.01713046363919	-69.7980739783498
95.58811155679108	-64.13191419897112
-119.06640143205303	18.86859572539948
-39.143613474139954	65.86488953826131
80.95080636926494	-54.53051970729384
-2.9236923880261236	59.074904587621546
37.567432291797935	135.981472989741
83.86421416376675	-78.22198710784204
-94.51982951423955	-105.3426349348994
30.189326101237764	69.8128737992466
-74.45953347532742	-93.38405359879856
49.89428849208298	-49.13896992525832
68.27818436262116	42.91476659848332
-3.7885501838284092	90.06392703336975
-88.18979483177753	-67.70984115458069
83.88683292574544	73.9458566795927
55.63438317866758	-37.57969707037032
-26.859338729103634	-17.752627080110365
-113.45464899880866	-67.08388346619456
102.15400503511711	37.42629028123208
-73.89992601207231	39.837148449409284
11.686784772132858	32.41158193344031
17.440384338953223	-45.26842832379938
-50.28874751415089	83.67524296348165
-85.56358318404203	59.708596126839744
-58.45027980405663	-71.25089768141802
-22.949150341096306	-110.54334390345952
33.64037246597645	-131.09038912651874
56.13168140806306	109.93002289361844
-11.004676640218316	139.23685638098476
98.42912735420336	64.55574132167474
30.143614138182517	-38.13974880504792
-23.213935663045042	53.24393223915084
65.80219297214602	66.75851252189058
-30.0524739986083	74.05721683959842
113.41294421852884	42.57947151417875
61.4182197021042	-101.53336148596321
-23.52726207456671	99.271670564487
-70.77861872220093	97.32512948566502
133.23996046721481	-52.42469876020888
39.13125628300833	97.63358529635565
25.20402959947201	84.72492729743121
-96.13356660484361	-38.38885303587291
56.27486173453013	-9.903162758470236
38.07231092002101	-27.23193469581883
-80.200519852718	-52.961494366095174
54.93427387718832	-133.26191234117334
-138.91793375483775	10.826014489365045
-113.26103742562508	49.326827645863396
-103.11049236283354	74.45426010316329
-133.50876771525765	39.21599652219101
-38.36667842363433	-138.29448115698918
52.8768374223226	-109.73276560189366
-82.76349806560464	-42.82735433269907
39.154137390338896	-42.251547369944156
-8.032023431011101	-9.549970223417846
39.27887078237116	-114.17301344402725
-35.044171155811156	-87.87921827043547
6.3038513336385265	-41.8694079910222
78.61603651660177	9.457055013280556
68.98275612695542	-76.07827225483109
100.11488911263345	-87.22277108910788
45.67915225124675	-70.68419440469178
-15.111043199705763	-120.56946128510037
7.280732223693283	-30.30658779718599
61.626477466029044	133.6253077992352
141.29026548170387	43.58839768382475
-26.94391198691024	105.64665234690074
-113.76757438286411	43.03323037572605
-17.07468305590309	130.04329139040055
101.59838138699882	-107.29090056795943
107.94046320661172	-24.552158063208655
16.98356010124549	-129.2556857788127
-65.07979262148433	9.634454630569316
35.85969174174088	46.69076171832001
87.85128139179773	-91.18008921834898
78.77998044790994	-120.75703650743405
59.16997948190482	96.2829533212777
104.56943523136913	33.03912141978515
91.27369325334736	-67.22722971497933
61.44385875581917	-126.54731078937486
122.88155928701124	-53.86232469642007
-84.22206326777895	104.61469688974623
-26.765407184920036	-40.987002481862596
85.96816684064987	-98.50747851467112
-71.44369720649667	110.37456689520266
-53.8330485519593	8.690185030222933
-100.96303385252403	-20.370635040798042
46.13620542800516	8.582528813458282
44.687295693156614	-83.28282983187661
112.68421948605996	-41.531901192015
-60.79673708837533	34.86337516328233
-41.76800471150891	-35.06576660771506
-115.76512178873097	-30.983697963241745
-78.70221688096952	111.39065417714632
51.19451028718054	29.171195366284298
-141.49769992997938	-17.99878351480675
4.765071620099412	128.68725498567838
-71.12106849396271	-100.98418587307575
-50.74987811046274	-12.090338830729264
-121.86123120359726	-77.90424298322348
-82.83372533684408	-61.57592255036406
82.65510955454981	-72.24408210566338
64.52640267622182	85.85209923357957
37.4558169999222	-102.69426108815996
130.59940104567977	-38.18785552715226
-8.452435091633054	-46.386972619617396
66.98301615014834	79.9925373946206
69.22568063306043	-94.97916661814166
13.362619754004049	-49.707560055551006
74.38928799486774	-86.8280752190274
-106.6391431500256	9.174177163240055
30.239057235688296	-64.005206399384
43.162486016705344	62.672571096334565
-39.02767237462878	-20.405335873557863
-119.38521177967596	-40.237658866787164
46.03223643668593	-34.90956032662152
86.79000246659274	-101.08930958801454
-29.960479939368867	-138.27512184794253
33.50093146583206	65.59436996248864
26.71253186101868	-71.72089488291381
