-63.687154459759	-96.11228735514715
26.59743217684502	29.63605193607389
-43.726243522967174	73.14240952784407
-75.5879620408589	-118.62371149562827
66.97830096856225	-109.61747518620345
43.97610884449986	-3.1070999028333133
23.178762613545274	75.3248543128213
22.985489056965427	-63.40584165653367
68.20621787268962	62.76305248512419
-62.04857529035413	-135.10223623554285
89.13144477722832	70.99084252602768
-55.40002269659962	-22.048139029394992
-131.6001006230549	-18.72887301020577
90.41138786523	-70.80892828789024
-135.5254352171928	-32.006864489368965
-21.935850951626524	-102.27964156729053
92.77178897509954	-106.9017455203554
87.86754720587201	107.3996377117269
27.885226954384652	25.506930240456075
98.90176253162247	93.637789302657
-23.25596410173112	45.95350093352842
-38.17828459175862	31.689296109991442
58.27948393300298	14.41215056649875
0.7212350392806021	143.89564590075153
105.43927841187103	4.544300593949157
30.769099032506908	79.2540139541729
-27.563756701501173	21.965373744388312
1.4391691022449755	-51.22727854126119
65.24261760197334	-1.1005325818986624
20.240336358101533	61.40656347914856
-12.855105818910166	-40.615309157073526
-25.53242981424062	34.04578108813214
47.95029234118434	-66.37047233078317
-55.532982335150024	96.07416545529183
-41.4722974800774	105.82217977934967
-78.57192068260747	-17.612667295005615
42.473277697021	-0.6006522508223977
-70.42418005822041	93.45755401165175
35.77000415463416	116.12354833051444
-41.831663448017274	-118.15004033843286
113.4909862454386	-89.41928307702247
13.77965048138566	-25.05966607075513
50.19701335399212	-47.05863936349321
110.90053985503364	23.841849490226284
13.148139069867412	7.265733228831165
8.86570420405305	-32.550721530937736
-80.28072649476805	49.164280036138976
-108.4626907688124	34.23270056755965
-99.11696870157158	74.41166889431322
36.596364469707986	65.21809832763971
109.65652038812567	-44.02598295307244
-10.7174334007568	-90.50678929189762
-49.43736607700679	100.33448762954117
-102.81592381089004	-67.03231533556058
-74.01182704722666	-13.069654881283006
-88.83603973259787	13.113779115447016
108.4778281511027	-26.014570957730918
-68.7236517709819	22.03804144951927
-109.9528765450355	-95.1901546954774
-8.259075729782868	127.3352160328816
-79.28630851955401	88.61540727826068
-114.6821318014818	-57.06534505617034
64.95411035193673	-32.385147894706165
11.95203458794952	-2.0823181799245347
43.872491334873324	-112.43063188819488
63.63004036848681	-132.87518760895816
88.21044756025834	83.90164571587218
51.709794909918884	-35.255976184980746
131.88294274254048	-43.87594597653894
13.19852602072421	113.36698257037578
-117.74139458298573	-5.6574505436497
-85.13958494828579	65.58105978339577
-3.32691230322523	-128.47096096881
85.02288937599855	119.80461814520623
-9.558747679697719	-91.32406211282564
65.95289439064848	-93.37710993448205
101.24519440514781	94.70554467596224
17.039013006216045	139.58765695503843
96.99008545156633	95.45729411870691
40.01690878900087	-104.96102547659561
143.77105652050196	19.87476607472889
48.689117873365845	-38.10461797155257
-65.76573144464136	-15.706778559649823
14.940585580516135	68.27471504268607
55.53339647674375	77.26858608041589
69.59785378999872	100.84887697660204
-10.595337946235333	96.72403924662312
127.83864614417274	70.91569135831742
21.898044691265966	-70.24722443647758
-19.967720178647145	133.88362485269585
132.0602603212322	12.48626967669658
25.16670088444038	-82.54475381481238
-88.2750657374614	-52.892828264742136
128.301194556418	25.974995488341584
21.413634600266306	136.9718942801122
-54.54903666700214	111.26613961503996
133.37392924236377	-54.42094447837915
-105.66356884624766	52.79559083638417
-34.63598462486076	-89.06589931187638
19.84948470155648	-116.72195886162568
-116.07366157973246	-17.22474315306947
89.80454525064503	66.06602903377228
76.06777016973585	-33.26169378398772
-116.50641651934373	37.938827318203906
64.3694865357066	117.7842042871541
16.83009119196562	-145.91217613450522
77.99840855944076	-71.4858770650108
-14.321288849233367	-129.3131460174064
-126.7308028115595	44.53367184822427
122.49148338541124	-12.724638419521243
74.69778175729361	54.289833104218935
76.59985551831839	101.21927657652952
-23.202636751333323	146.4808686553459
78.7388806940107	86.29216394221017
-121.94915657191706	41.669186404341254
-60.18288264555806	-41.33053937369331
-39.767171594215064	114.68755254347461
27.239738112291363	5.22364363916493
-126.9643722631837	-50.70074278616831
-65.44371000077302	-26.248344132895017
26.389980532390158	-27.80920667767485
50.39231673018046	38.166789086165686
-71.15048525337897	74.22910624666306
3.529309545699838	30.64935242051628
22.37282100020127	16.845968150220834
-33.98775354326931	101.6077825840246
38.239194112261124	-106.41777260261155
8.007466334954215	84.28001607931351
16.654151485605396	-10.057200465453791
-36.06599072956519	-95.07970325617262
118.57660272429722	81.30100187493348
18.500332755763196	102.74040388293483
98.67435847120632	21.542451049128
83.78488012202698	74.47813382502417
-10.966340801998284	-59.87321289525459
75.98464781002363	110.87907567615919
-7.21652921464658	26.374243991722093
-14.284099572513059	-32.59652019952366
-22.877040538928185	-27.209126887574676
106.53109126168314	-80.52692937721956
-45.88210179030434	78.6192773652195
-80.67955525038373	89.24120055352685
34.92039849742131	23.87681096049727
-27.3693955507462	128.106144635292
49.052218063269684	-71.59976325372503
44.84887126975285	53.2726864775854
-87.45581530755805	91.83516637642309
21.06738672239501	-31.73076839027266
19.396940051810173	102.77645120719033
51.132977112025536	77.49691191569097
129.02377279123024	5.582320780137602
104.33796363932024	-59.082611120662925
96.9503288681825	-103.25541029563959
48.14432429454705	118.46509211802856
22.540977718952536	-94.04420734259823
63.64438686168402	-10.790823746780578
-34.255723963375196	94.6248731038576
-30.108662272789896	-53.39432800632967
13.967412797553378	48.53203464307157
-28.27803910026303	-17.272340692300403
-51.7008764794503	97.59874918419995
-84.2011588474911	-75.16553666161312
-59.8246928401996	-105.66711065534571
-28.242257248700714	-138.4019237496488
117.60966321450853	-81.9121773022628
67.59976089329784	55.65447374139508
-18.98937718037777	118.12624556241111
49.10046395467263	89.37024820441208
-119.81799043009951	50.78724955585393
-115.32156420802426	53.115310643327135
-33.72235090022806	57.09063219382901
62.37726386444288	-4.851380807305529
3.4836569844420358	-50.56465940570166
44.064969644477536	28.680803558134564
-60.77103623368978	42.907574266105144
56.96804568731032	-67.98826997095374
59.12724162467025	102.3502466679083
-126.29760155843046	28.880689985688804
8.15628302066476	-55.37763855991939
64.66660318087405	38.74110973131856
47.43378510695313	-105.18078370516591
100.28470187340419	83.67636265301952
-132.3132590740185	30.939386064441685
89.50952663708053	-24.811791601935543
-100.0101873948534	-5.737028059482405
100.33107241894928	-72.01612270334073
68.90219786453054	-38.867186437009906
-38.904953790591975	18.5254662899343
91.45620094844853	-40.100374865230634
125.90856468209029	79.52240689013975
-52.22518004731694	75.34708277079856
61.28847664748812	-54.36952301538336
-133.394892763889	-26.700851148980757
-30.371111219493773	-140.4831335618745
127.80517944224115	35.09951060487177
-55.13616111144069	-93.50393760998276
83.00242327071591	-114.45018800861001
-49.232015693086346	-104.15563313787437
77.99513384091071	-23.66655326879097
-49.73938103825945	-136.40439276304025
