-140.39217798860363	-52.39523117189727
23.665268584135283	89.64349127712941
8.216282883028434	63.58368310199621
73.870896055353	112.74577506312333
106.16682015259487	14.246129865803784
-31.17845868475857	-82.39695804347001
15.364349939073744	-72.84386765054388
58.08535027150617	-122.92136428409817
100.77858482527856	50.335198351292554
110.81602568423669	-42.060637784427605
-75.01321545845232	-69.09434683403944
59.03542898202797	36.61108693430103
75.04729898612268	44.31155746507617
-53.711346607733866	-3.311755542043925
3.1405372404146537	87.56082536437843
9.81210140657499	142.96666777988438
113.41887807434108	8.401089699647203
-32.04379935901548	3.5695416766376766
112.18981149214856	67.87357863547369
116.4319451592297	60.958700316266224
70.98102083786794	109.77373621860666
117.51550532830368	7.881472521607388
21.192527624314167	16.121069149875495
-76.95703461605997	-51.83645243637989
-3.6010260881433473	85.47366913537205
19.800203918211324	9.138856678220117
28.93333950323484	33.02011866577386
93.70873162357583	26.042877159877733
23.730647807467946	-138.75890424262752
-136.26040019941564	-55.42809848981047
-127.62888616685912	20.92713424040768
49.83104810525342	-50.926746701455244
126.34713712471877	69.10232415997552
144.31248048597308	34.328779073799744
-87.40970624678712	45.16740033198486
-9.532909694942042	107.94355313490382
-87.21661545866554	13.35456504831844
113.74383568302397	-78.95189894070258
-77.21900355348211	27.112677366440277
23.498670932613166	43.51712989241471
29.98615457700082	-96.75152912862387
-47.28781680786538	39.72822913802588
3.121326527752538	-98.42110642033688
72.38108372711348	89.06811444451682
-69.9670697811583	114.73080461433621
123.52213552548506	17.662733751718914
11.78226686759528	128.3693141343472
-69.48992371067436	-91.96626727266126
-11.457513303827554	41.22471084387717
90.23274534006343	107.97545835948469
117.5889288956375	43.372061155776976
-106.48039726932974	-80.21497118504713
128.7643748413106	67.75419796101379
44.54825077650377	-140.70702078171612
-91.82858312776875	115.09139781988122
-26.356182964369946	73.28757870710416
-98.00657351062966	-97.75590219067605
-137.67126964334443	-51.15231767225612
125.68105919063241	-9.821240475252655
120.3979157332314	40.157147596552605
83.88491995620096	-113.39222867162634
-65.22997547062319	-47.06259957026265
48.62968575303966	-44.182876205545334
-34.2241616491584	-93.06086193656046
11.332502810187831	-145.7526904592646
8.43020410628392	-35.90907635968177
99.330268761053	9.486968349152182
65.66751452381772	-105.97521998124998
-51.97238026719365	-109.32750096365015
127.68157095956018	-43.81973743441605
52.16679618167112	57.83389271059367
63.921552398455624	-34.321737729450284
83.27416204141583	-108.08753437084293
20.19449441486628	134.79885947813895
53.21676845082066	52.59852006184976
-68.76296669430246	-71.95649440514953
-45.22603991738335	-90.09578278943124
-26.12448876150711	-104.24054956786946
77.50450793911816	-113.19223683396358
-109.19894263121347	-40.642263594958386
-22.86535664545101	105.5316527645779
50.288532228204524	-63.12269218174393
-27.549733235580483	12.25377087499678
-131.7664708448421	57.40307452860639
-126.80198038999497	5.9933759433591325
20.95045409956664	-35.14505145438733
80.44632555403348	-14.938630783012666
57.39582412000454	106.13256676678176
49.3661060885868	47.62562380459412
-11.444323352472818	47.259642221551346
91.7361627200038	-62.98164121614189
-84.7035323242974	-15.125092482708395
136.3840744861022	4.851056501564782
-127.30683223851268	-72.0003244135407
-109.59090585868081	-34.817003167966796
111.04897732716888	60.89565366935384
88.21580909221336	119.77111014626072
59.46321560504204	39.3454980776782
-141.4277685855807	-18.91019750190729
-110.0648455054892	-21.700364501159687
-62.94899499968654	16.10363166255893
-76.86524286507893	24.454625132697956
-108.86605520428775	-60.24961587063951
-75.52043744492822	-122.64208439531716
50.404332594570576	-11.672384581807899
-115.14008883398087	-33.55582416915871
-9.062721303285526	91.63974633948209
83.99631416855881	-13.519841457576579
50.10359635848894	39.25041183672922
-54.23042962510458	130.54749185040194
74.04271775505889	-52.09052107120777
93.72198636141133	-34.49836773556908
-41.864523367036085	-53.97580043018482
116.45331315593178	10.72865760346087
-93.11228105624454	35.13653039651364
60.10296979458901	-27.02183397975716
64.2999458005984	-53.39811058656031
73.68378360093133	-58.06856273744362
-11.322451926252164	40.0479988446699
15.472767632302965	-30.454356514065477
-70.08102804617467	-131.98329626771311
113.43477846404868	-89.47677355848654
-74.79859375524467	-88.04075391556671
-52.52588724065028	52.425601677843794
-48.02556646476091	-54.06322946829704
-62.41373940868856	77.56502265603865
93.20066717561812	1.4618682876858042
52.31080210460099	-117.2891619804029
55.94733588110976	-77.6521436472189
-1.7707043685377315	-146.60415790353133
10.630810629676422	74.68240233974001
16.08871375242399	18.456621451084523
56.1697616041798	102.07514987591806
-149.08941766574316	-0.9219273389543994
-12.383844101448421	137.85306414086875
7.816291002758932	-7.497150306633939
-109.37092814416357	-31.30676605923672
-96.13254713101412	31.126508750278866
90.96095946447281	-94.94387360123731
65.83310424055104	36.772567317742606
51.02642773567371	-53.670669256187686
27.158489575990394	-79.92709341523694
-28.659304285292404	-68.68262486043999
17.029496996080535	14.268722665008987
112.50373779631116	38.43441598859504
59.06366547515351	101.48113550937286
-17.60864439251183	137.31378984614034
-93.3412360200599	-83.58659280710104
105.10532666047428	58.072431644942355
29.51379064366807	65.9624167075877
39.555754491416366	122.83436194033015
-66.29642608696463	-121.86384243246314
-56.78144906561746	82.242203741752
-17.426393313772387	108.89299768308061
130.63122036394594	24.146600015307236
84.88890642317584	57.18699059782388
-116.53128127658577	-37.64341741665172
-46.51606108750856	-51.67015810207236
-5.578337325954713	-114.51886139178225
-28.918683235367798	0.45674491214322704
-8.176364912121159	68.08092054089617
-37.934808278200855	138.85457097618865
-67.53350109382711	-93.97672140363342
-90.60261268282261	45.16751005161315
58.99795695178305	90.90445146372751
0.8123920039463324	0.019837091073932844
-6.382525523710645	101.49015049589573
1.98784848169827	-56.88281245599799
-70.93522466750383	-119.48299758813879
78.88843101908255	55.505949636730094
-67.85075511779806	24.828912182774022
65.98155441651413	84.63476853332415
-89.40360214478248	15.350882714146039
78.11325284856262	65.18679536185235
-54.81177917758604	-115.43425137214147
-92.48594349397294	-53.88879618114133
-8.123228833015778	143.24970150408728
75.9308444213282	-3.6175085746938143
-72.70880087896433	-45.27564220463402
-15.537616257810312	131.3520553810542
-83.16892922721112	103.48506934601888
128.139849392581	-74.52195854045705
34.46746493936505	113.80171467679716
32.54474078605407	108.86733746135634
-103.97548340191236	-49.37789342288336
-44.494875112479754	78.42176417770644
-31.07752244449585	87.72548174210775
-67.08161862480797	42.3882325196321
56.540821235973425	-101.15815342176325
74.41105638275081	-115.62191347935243
-60.21215058077124	-103.09176686290625
-91.19275639054796	-48.134933413821635
37.65486954835889	3.7098006216522834
-68.4887928299212	-29.69161499171152
132.18971329529978	-39.22661043940445
49.24574730139665	-80.55802748761964
86.92333085175275	111.21852274119767
72.91201123382024	-12.029907161332162
23.68570342512222	111.32259559626374
104.89742433811334	103.34718023951348
