-33.75581673530963	63.29854687826024
119.03756551444691	-47.041005082006976
111.62583907053657	-17.10791147562109
-110.62913965276134	62.6467656358526
74.46849457432222	-38.74730153125706
43.4090548697222	-38.03231236302241
-89.52662871282212	2.885754876232016
24.903728241642604	-57.767232928192946
-75.84130368496338	-21.87920271148421
-19.10742783872588	-84.19597828330585
-76.29593565966243	91.53211746649556
3.813938000876351	-67.40688358167448
26.723232639701976	-73.60092562680309
108.2492459620667	-67.12310309799467
-96.93725199616924	42.3000018120164
117.8260914004293	-33.89281809541265
59.72592520919262	-85.99427299536462
-105.35753284410006	64.04674452205246
-135.6960102504044	41.64597600556177
-85.78870555522828	-6.418784576802847
82.9409882027099	-39.353283266338366
18.03212037871597	-100.56988098237433
68.39046784880539	-58.082776338212035
19.105806930055117	-106.82325453290167
-67.59410060946976	28.27121474588558
22.113758850070816	-114.72368251832485
-103.62004549307193	-0.017907956028104896
97.41378524881796	-44.51140576219568
31.47168119963926	-116.65260618952954
-115.98054592605207	-19.987918997767586
85.50044988201573	-27.980660378995722
26.26445061404609	-100.72587755498812
48.289680225293296	-90.9347815601274
-129.55330932907157	-40.078528090160745
0.48318746494698495	-62.25340870602189
-113.69396553787237	-41.47242520732653
67.5782385484263	-77.15144886085469
70.48746047537809	-66.87513989185285
-96.0205576555647	9.10267948495444
-65.72935006029051	24.575515195137985
-86.17697017136724	51.543020779146474
65.41636832781087	-66.09852861188672
35.121826779719676	-51.993540144434384
-119.45324115774567	43.112203033550465
-114.38332996890585	65.04041664458923
92.48338974984868	-60.018514572444296
40.59171866750602	-18.952653997952616
69.2675101777784	-74.48645711479236
0.805136570213713	-101.01736068655244
-67.60367222512234	83.25905704880802
26.361895160086412	-108.14975370378825
105.13335973053908	19.891355236864012
10.661612755330847	-106.19882746767945
53.89405339710893	-85.69450404122347
-63.43340091806454	61.1315056467926
-103.842218590289	21.934153902217236
-83.15333535306576	61.93962605459672
-97.67832055563183	74.52735087341962
-100.65864209915013	77.82191386642911
57.779093788542184	-78.60466317973803
-110.999625147228	66.51005145011366
-43.150565392042715	103.23697795232762
57.01661657172799	-89.18637960130458
-116.81351901061466	46.33422121460638
-135.60157447194615	34.91548181700318
-122.37720397210136	-5.947521941090552
114.56596792132699	-31.09110269657547
-83.32451281423141	11.058306707422604
53.83834784927544	20.867786215762802
44.57204964402216	-99.37043846858217
-104.59689230493434	39.37805781118782
-3.8102476921274846	-125.44343973556926
54.59780519705735	-45.57517301756481
97.21492525643578	-4.881238013729814
-115.02028457030923	40.038233626856076
108.94712221420299	-28.916320884120253
35.255251505806044	-40.8154606991178
-83.9851922996509	-5.661560250064837
-104.43631544811701	89.3651783543724
48.77976644185772	-76.15871501780177
-50.219678626718895	77.46053847634712
-71.30298525064438	-81.38896067827821
57.85547503574353	-97.14346101790785
-99.12765760944548	4.60743335198962
-65.58863503353977	-37.69920011900101
10.316320208309943	-88.77404188070898
123.14012933060873	-15.015430252524123
59.09945472252187	-32.599620406032194
59.29762803844474	-57.09004789013937
-116.97161313950376	50.536469744649686
-78.12122604606493	-9.730995625570005
-105.94464989878804	68.66572178855434
54.790225730396486	-121.1554018862925
-37.25155511264761	93.9248959327682
108.60125374735641	-67.33050082338667
16.865321201391705	-94.80342078182072
-0.4525062515079949	-79.81007953066658
-52.82255794303347	-6.516840625425484
-71.9602831257578	63.21935128921986
-47.1090711257729	67.28210874561327
65.56431702436667	-66.42183173486097
-123.38050618299485	-7.41608663299426
89.667525143247	-68.54535950184447
79.37198072429808	-104.95056479258245
-106.23365934017303	-59.850603559446576
-27.55399346213502	-79.03725395004156
133.08114262112673	-18.202775959394682
-84.92961277803366	56.765129072995215
-93.37989700965115	48.29829715558429
-83.25063531239198	1.966040886323813
-92.1875408542787	-57.68385597901241
134.95864992887513	-29.595175501271793
76.91580387883344	-27.52680956992984
-89.82754993592616	58.1963293602624
9.083576999755461	-79.50837971359665
66.73489427766827	-84.50792000631559
34.47246558153669	-101.77621468823594
61.11583330432995	-40.89968913319764
49.09555534835997	-97.29005748947544
-93.54303465417219	-68.4778201197745
23.655108812750353	-66.06708623336357
-68.56819296805111	17.48720044078312
-77.52328333788009	-60.05687657961896
-128.92109543687084	-3.4111889733708938
-52.55936196442155	35.21038616209063
-95.4403625887219	-56.47014386329774
-94.16717600562185	40.94961555822301
-114.64806434973106	-16.98118598608482
-39.59741704211964	80.60293646671289
-105.80010258134689	52.404651662324184
44.3888399269649	-80.06249031621428
-46.138567750247546	-7.016202867309095
97.58822679673068	-19.813931396854077
75.69037990931136	-85.60856376610184
102.40249003319173	-16.808194940078298
-101.01579036636245	16.483944862880335
-12.520692124886763	-31.88352006157726
14.891378850840406	-86.20586865022888
-70.1929227004037	61.330199377564085
-118.34205225189488	-8.16486281832187
-82.92646791755918	-51.94073719151645
-102.52356138818192	64.98549342966068
-63.351219084807695	-60.957982715996394
88.52499832739235	-65.65180343029866
0.7523922023696917	62.18300514228199
92.32072342282153	-90.99385644316118
-47.344244406731086	34.90287746062681
32.52278110671535	-69.16327377800212
40.37999712593215	-107.14465037742599
39.638576009986906	-91.99181865416531
15.075415628091747	-21.022041532030542
100.52327218929253	-51.380989729666915
57.264475968835995	-95.1523724242604
-89.92181186851359	64.81566897684525
53.37554372007355	-91.30877973280775
-96.9431255668731	-6.121191807731096
62.462822929005846	-71.22946411198504
38.162164108638194	-88.38608714669427
-113.293073512924	-63.53254237204486
-102.57112492500755	-66.83892825683844
86.35916752306697	-61.81083527407422
8.177240717398043	-113.75302152868909
14.160168544442632	-114.49622697294915
-123.97973049711602	6.660833389543763
79.13957942831784	-70.96984451945828
71.38326183247767	-90.83677427878392
-102.10962261513816	40.24917191858763
36.06161769703844	-63.78887560293981
-89.2397902635863	62.36714154557363
98.0577567089349	-22.467528442376775
-117.0144375797628	9.512411640851955
-79.94928698332136	23.031200960474063
-120.48694122993392	-11.634936089660467
33.07641525807159	-92.78500288857431
-103.29922908788902	-1.8141000683799782
-103.00404124162013	-0.9651826020399265
34.6700850707026	-94.57278864312383
42.2425225371765	-99.56890658549354
86.27562018016214	-50.64157678312724
-94.71451215329891	0.6550727200144655
-84.65000209190148	-28.58815853963632
27.0460119594205	-82.46253083492037
46.788692952903894	-81.3293066607574
-124.51227456779323	-14.626874100978323
-105.15363512935427	69.5653756541345
-101.98274506157885	14.94911137520967
42.04905859414059	-59.010295066156715
-101.12166574136214	-2.6262150747611543
63.07451486685969	-47.785492369825704
-108.57997959264434	48.65580809406486
-101.24050436978197	-3.4198570097138106
-90.40883752564284	19.4128153172559
-127.99493206378683	30.90587040691549
-93.85787546118152	-31.745193311435116
15.162632371478866	-66.28935243213051
81.37510100117804	-12.379577667744647
52.220242971512356	-49.69084180114417
-101.96888124742965	3.533525524373504
39.44134803930168	-31.490563472465343
47.81367911168495	-65.30790377854179
