22.348898348520006	-122.37856417441783
-23.459535810826523	-23.308742806548373
-64.9460879216843	61.17002995971727
60.87563284986038	91.03989963243087
46.81940141027427	-93.27072907054085
-119.92732594476541	-8.553615428843761
55.0010669149805	-10.04844990931042
-1.6105383592201672	95.16420812388354
53.862445913154154	106.55872541575545
82.27980762797274	4.143105090391671
101.95820026237699	58.260890986885194
-110.39123794326821	96.82867760331321
46.22853175405723	137.10067564154295
124.16319765138024	30.1256473526814
9.745341868924157	62.46344938592345
-17.679590133352864	-131.6545166859102
-8.999166464813664	-99.84921963662684
86.28438217834767	118.1905141680294
108.07471230972352	-45.57213480347962
37.85168436161435	58.853801137532095
70.97642446027156	44.63198168337112
44.07146279888336	72.36379751398664
50.0582441033219	60.91474715331502
-89.17451418899323	-97.02520588780716
48.356011413976766	72.3772898073538
-44.083769460365076	-49.57963058525796
-19.264599880175908	114.19745700147976
1.0249213312843892	102.2568694008643
17.83860646256263	-13.43719186738448
17.611362286611698	77.265599765415
19.32844783993228	-22.039526225267924
-43.354799823271456	124.0112044425834
146.0586399743755	-8.058047657657651
105.32337007190375	-12.681282526866898
52.50849154138723	-99.00299078679697
93.17878523226878	-101.64699661130797
9.176569529191788	-18.507235372914764
-41.46805140677537	-43.962394180688875
43.97417160151368	-113.08987212552839
-89.44621577303066	-93.21225623729744
64.96011205540661	-99.34603255691094
133.61574759926668	-57.269907248814384
1.960323847835056	-93.93845857421962
109.01619198817416	-24.593171476353454
-139.00137972904733	46.879622767541825
126.92386949446289	-64.2824399904039
3.9170340449044034	26.033027981824475
87.28902217665147	17.429139012684658
89.38818885437975	92.93619476794382
2.374359472344234	3.754272391439277
62.81388852976337	-124.3850169817642
-86.38446786189398	61.928878899700166
4.656822571352474	43.89531437273602
38.0500900132733	-92.2367519472683
31.19430640994425	100.55303259417676
80.20040768205635	42.70619285980969
-98.83134804416154	21.316263659641045
128.36588922900094	59.82147765358829
-15.440231656896396	83.98258818028914
-45.142526805293805	-139.93848032891788
-87.65595022034411	88.17274964768383
121.07469321176082	74.17045329625515
-56.22348388597633	39.2548947881861
-104.83902871778523	-8.677180222571067
-0.16151498049999208	112.79157179181637
20.888136917554505	38.504423753540664
7.723693110637614	-105.10598658374401
126.72881267255883	57.543627560986955
33.01813837803618	-9.17404825528748
120.07905481513552	5.737497792874387
-86.72631128547897	-121.34888364439125
72.75508272143593	81.07898820656483
-79.02708839584926	-24.09330775003779
44.02929319305767	105.93722452047776
107.81711741057174	23.617989170875
30.950737791973093	-37.52507605775448
-61.65674018542895	31.937567484851687
-19.366662479183667	121.18778091016098
109.1877543547897	-37.558610013430915
76.59472270544826	43.364176067735066
-86.08972232714937	120.85299948056425
53.08169008325007	108.11858660311857
71.95351150509532	-3.9843701113074093
-98.68959591641405	-29.358849058997755
48.21746839825016	-116.98674999021253
63.565054571579495	105.25762204623459
-24.969120172386425	70.13513971618949
-88.21595392629305	-82.42886513405287
37.81462572449755	77.84440710128582
-101.45862260847356	-0.03979454099087303
111.54836390834133	-51.11582754633386
103.52996760145199	-48.51713683197307
-77.54028202499256	100.11963368817251
-92.21319107497536	-9.384658470336253
41.431207797909714	123.30234358957959
18.60425560911381	-2.526674224954859
-64.5265401142793	-8.098904538166357
40.110699078816154	142.4383033714822
24.774976384084813	-36.572730981378285
-107.07896456300973	58.53986089174773
-94.20638485607338	-108.40756904576529
77.12883340006604	-115.71922691489122
-52.087060410991036	133.5063102048183
-131.31636566466278	-69.95686171560149
84.14212491546805	30.963819826202148
8.35727467839146	85.78293557372058
33.55331334477777	39.91953614860475
-41.537945563000626	-52.99178844546157
-3.543896304163517	121.14950856745055
5.412347417864837	-86.14833113148957
6.125487579608796	-87.39735248959589
25.738742385179396	-117.77437618897439
32.6244200872266	35.91155399192506
-35.004898389646186	-5.780820824390499
-57.911690296001325	-121.28531261029305
-58.85455273445369	119.6146370933324
-5.882021556863696	92.89751155640678
-23.10059050759977	-113.18297781501212
-43.50128423326395	58.859359671826006
0.6403271752827776	90.94743458828344
-26.4125468454291	-11.01993752354286
-57.06543761273519	-53.849021962990115
3.2176608400988633	-18.925695007254145
94.4692642235248	24.84479180648909
49.40276580405238	96.19324211719214
17.98682221018057	-104.02602828260389
-85.80608616500868	-17.415896583005022
23.54745163165876	-64.0453265519697
-95.86551587456992	32.13309936023988
-135.37408047980736	35.31662455265172
-106.85594158759142	103.46246945049693
-30.29271992074218	-78.22200761083053
-124.91620147940483	-79.50224509656307
-77.25915647388945	61.712492741587816
44.919992694987634	108.53947823150736
134.4598806403733	2.0240597841322665
75.51673551916824	48.828048572684835
53.33438367278429	42.9162253530173
-71.05328546269124	-33.10061106921913
7.934084016955459	-137.13465802082905
-139.7130474596615	38.806536165692904
-46.15219552417892	27.584869611199146
84.35560284701448	92.2532501440516
22.77631652704876	-16.327504286111687
-13.028775553298555	-139.70224388155887
-120.3517425058988	69.23915887844463
108.24086096491557	75.58094782375879
77.3176476391219	-112.11850180351843
56.41309460060219	102.05599652602275
-26.65728271940657	-51.02757289256377
-76.56535845958112	121.30663958959798
35.78428740083217	-43.50290121516178
-60.8225037576785	-36.98106647897511
13.96796827715973	97.66625075685906
105.514842782418	8.413765749140891
10.907811946980324	45.25671481767311
-86.78039457124072	98.01495969054025
-14.368340123604744	-53.69301920709777
25.64914330420149	118.63481270145327
-7.283236289455673	100.58091687999658
-124.00217354628052	53.56788007936905
78.60654972425415	21.727932095564473
15.826896910999487	-136.27679764859673
66.30137434353888	35.7767684737494
-9.26174457203348	-113.30016895707152
-11.778184626729038	103.9172871000116
-86.25933244291504	22.18780628054229
-13.766322401243947	8.688450828723852
-1.9387342240119443	94.59298037305315
-1.851952030671741	51.5721074896315
67.56000883402452	-22.398352081634453
-42.50131075068123	116.96320215091005
46.27082053521955	103.50364382977304
-0.3368373931341091	108.89986315121723
-38.025086020292434	-106.03994770899955
-18.791415014324226	48.45703071272495
28.781833744839314	53.62858475606607
-94.9402660436823	56.56299747706167
70.74499097952616	64.41094715902173
-82.08535916820112	60.69629277496283
91.15360066232851	-107.10718000009378
-45.03833249516617	46.235763219281104
-142.58135685908843	-12.69913874061323
33.81650724869571	-134.72161040838813
-141.72681858121723	-14.273582110718227
114.84173253586032	35.24216313462442
30.525106907160602	136.03956092821656
117.57523805784446	-92.07510574738254
33.16729410700635	-97.50265979012642
9.327250887337435	-138.937726018289
-136.29846039843127	-41.9024849352841
-50.444693868125505	66.52119056725068
-34.1705651524496	-93.77233152271423
-58.843852087557536	-97.18579020515695
-55.30412749075985	-69.26377252217503
-85.11403212035712	-1.9654648712691063
-5.457154995713059	92.39227405639814
-89.73468428123049	38.543179730106274
-75.12143180530137	-5.730639675408931
21.874473857831685	100.85151024024856
