66.5630185720707	-19.58723750193258
-86.09314728307297	-11.32194884154278
-84.05926214744673	-71.9825111413499
42.506244147556316	-91.46625226620046
-77.4980425450734	17.55177876239135
-108.50218555720369	59.81234399295056
-99.87319916297149	7.966997049334632
82.9046795318022	-65.02758718618499
-55.49123971529814	24.382924134985505
-129.47708816098506	20.489955130236453
33.07378595584491	-71.3947772171333
55.34275855126152	-64.5192390361879
104.75097153958036	-51.721094720220464
-109.46943985575115	1.6443899077728559
-90.0065472088358	1.2668234754740744
-14.219051166042982	-114.26229493464258
-61.82578513022161	-63.542076537016314
37.714869551078095	-53.01082189620814
-99.88992919830463	-55.118606222384635
70.57428794172863	-77.42112130939866
-94.99048272168694	35.62560593493853
43.28188228379434	-110.63952322979698
101.95405595624764	-28.62867657673185
55.23784828935071	-45.65004785253395
53.11611854147546	-20.848692524826955
-140.69338683472387	36.27076046425766
-40.19617513941283	32.58908189254416
31.825751177797414	95.97119028457928
-116.79201492073629	-13.56888633076425
34.07784346819381	-79.14478004409447
63.213547538982894	-76.44637938253058
-115.02251026042582	28.10900427151862
-59.8912920482631	-55.99418284341209
67.9019035397527	-65.01152551132078
-66.22738783030687	14.998616317566643
-8.078255540469403	-93.07773811827835
37.111989476836605	-48.22032236567728
29.020554489786246	-53.17406805487214
41.84287224604561	-78.43077855057346
-121.44463483195455	62.45635993106647
50.61397779856299	-22.71415260466353
76.42028948893189	-67.09516044360271
85.62230400306969	-20.466239450273168
-81.67135472950316	54.25052851976708
71.59170175974587	-36.017030506310526
-105.48209663827912	-95.41589692363888
42.36777188434565	-104.59833359231588
26.558940888669866	-85.82514675650879
33.897103216139605	-93.75762306197916
122.61612638370944	-37.113630280582306
49.473557468982705	-88.79276392069698
-97.73502494477344	42.2379524861349
16.50909153454883	-106.93065097226041
68.8263918649729	-85.83147007875588
-46.0954682501003	-79.93546420815561
-2.839670725558238	-87.5329278553641
23.420515403782137	-88.75331825523865
81.98386325736949	-82.13043800527613
96.56521641342547	-32.36051096657561
78.53384013753059	-36.48878871797235
-2.438392522125704	-127.25171401487934
28.335449837239345	-70.457030056649
-111.27662946004855	68.0502248638984
95.34905559084046	-15.610852236922378
9.375335419557993	-83.69668013357543
-61.08483305449886	3.700171668957261
-92.52115474947644	10.598819012478598
-47.75166519963038	-106.19146997966816
61.93283582350172	-74.23737264948011
-80.76957591973891	42.54703555700179
96.2528229053287	-80.10528835394611
-61.77621916961788	49.32905186711754
-116.95701125775389	17.724603017500797
49.927508327070896	-71.1087796440303
52.47768656763647	-100.35026136665039
-119.36142571543361	23.603582578535654
-50.71862533820209	-11.295485151899765
71.30602837631471	-90.33219398442813
-69.64271887476521	67.70867985087447
-98.92945409255749	-29.792623863303287
48.20800295820392	-71.17821846882565
45.214406375782744	-93.0509091923306
-86.97540138699667	76.69371516101778
-80.59862594287809	-23.013753326343775
47.22002784487472	-67.3039425496739
-69.99596845840244	-35.19383462227146
13.91233951281151	-63.45982340675095
17.824503988108304	-69.71957877593717
53.06017150610725	-58.836109633612615
49.0472074954389	-93.26940212592308
-102.19478322237039	36.37209863146379
23.205299506380786	-84.7246236830214
-114.33492245751918	-28.184562590641733
44.47991617800732	-78.22886908982936
-88.60451817752273	-26.82612070867188
-75.00617768150488	45.29018800221631
88.03951629103527	-52.34728336182451
66.34335526827763	-53.22819515538231
96.6001438547321	-34.30815640730374
-34.489725133512124	76.90481211106551
-34.11580055610861	93.36349013645862
13.902371332496472	-94.14842048591778
64.0847164273614	-99.32876376605739
-90.92724936139382	-11.056686794924243
10.648984147388102	-83.18527040134708
58.37942412935205	-60.33246172302917
14.281790769345534	-70.56417370473764
65.27607728845865	-46.414264111465855
-70.1024246327295	112.85869407238388
43.1833055816871	-83.52639194428995
123.9264458867947	1.8553385436489755
-59.780218822416764	74.09454204733792
43.51230135808768	-50.01297946843209
-82.25109602202494	21.61935332540353
62.255710108990726	-36.29004770413002
-124.50242980427183	-29.51587634285636
-99.90563206375703	6.63008192224703
-128.07601969238542	10.573731560314258
-11.35641296723838	-116.7838574145541
-96.3520005795882	62.31842645869805
37.39703657578851	-71.22180602496816
-45.2843074391439	-77.7556609460405
57.54652958255396	-90.83634885748934
-77.64500760199047	-0.8605029660914537
32.7907255917043	-107.74037516797559
76.74075481263658	-114.96329670850817
87.29854378661832	-81.96761424499917
-67.28397050701095	13.173267263690995
-124.16803743842229	15.25914466519744
55.24498350515067	-75.6162837774014
71.55474416120171	-65.32627642314947
-73.63869055361889	59.35226990285076
106.05339847519564	17.51553537402604
-1.0023430229761388	-101.32933905074539
-105.47638895470457	-1.6906827158034896
-118.22744384615999	-7.305379978626509
-102.6203835834522	-5.58301861675781
47.96294413709297	-78.69794672340942
57.08369272528076	-64.33605325822046
-102.92604335161738	3.1895597964339077
-59.336234909285515	9.314428519933049
-132.55184683342773	39.931069881093336
-116.64767067710491	-11.19631444768699
23.118858372854866	-100.46619922685902
-37.154614617531266	-134.36004106761823
-30.119446467122717	37.796368228298505
85.64912247749855	-0.38654657754554206
-79.28243774469335	25.561216326729017
57.59374612097676	-119.08618129029584
-138.3603715941056	-31.9378523163719
-4.789034809028214	52.138852552269704
-96.21715494558622	51.76900651175976
-108.19435362383031	5.207998915771195
-126.8136636205719	35.47103858898447
-96.96808420869952	52.51165805438799
112.5517219896108	22.287934048356956
-118.82475342349257	-50.370828483830586
62.170097297990125	-76.12489846110122
8.646136916850587	-106.47536878087195
92.4689203876924	-71.8916171767741
-51.901515628285885	41.69387872157918
100.44270007281432	-54.577547593634556
97.71225379592316	-65.51155953922417
36.63928356186731	-11.069704672727479
-120.05121652809535	9.451641396170787
67.3574071573642	-63.499876162484405
95.41192146293999	-26.42070359485328
22.013448843009733	-46.85702017388078
34.596259007273595	-65.47117262005503
-102.8136430824121	-57.49965584213521
-113.62188883451617	30.069081793807054
38.87568089035393	-100.37962782862775
63.554064198551096	-76.6726836882397
-44.093373975905074	16.362275949323866
74.37464380478673	-73.16466095492792
-64.32090593231328	46.264849728334134
7.4611406866649235	-125.81892399798103
58.53805782460915	-26.65360929958407
56.326475210444	-81.10997349526937
-84.16460212582992	10.495993969998196
79.60583667528932	-90.4597891880995
66.34492984919132	-64.32254552331655
70.79053457344361	-54.862040740898415
-102.21238234374347	-21.335355627245214
71.60369184545677	-92.27295739066325
-82.00532366554387	35.69818304293741
63.73919635521444	-49.770220466986586
-9.117015051900498	43.13289529970148
71.40750082836742	-14.741909584742839
32.230659621991755	-77.50533973899022
20.96222013492719	-56.90242229616985
69.36974810540042	-75.49817839507524
40.06646572966029	-76.64318402935197
-115.4156363407181	14.543614638838173
43.524367400308044	-52.19272935981362
-53.64460639273195	71.29539500820897
-63.404381713597424	24.84903888120243
-79.77151576342162	-1.3132031831256135
47.07512211203266	-65.22135324323288
96.61714536391952	-38.76140304785139
