129.41443952927435	15.021167448263933
71.94486352160385	32.35220531086305
114.5585050651573	44.53762000772844
-35.68687000808659	-72.62260182715404
82.92421578316713	-109.0131556908221
39.61293711702924	-131.14048936299116
-58.22657118319963	-59.174601989916994
32.079458070105254	-139.4126811814022
-81.84482069430142	22.907973514562723
118.11397743443366	-78.75398707707112
-63.84109579380923	16.430634994329626
79.22540600543468	14.192441628309494
-41.494734158842306	-134.80511415643122
20.71623745733222	-37.27398046862302
19.98518277386174	124.05951345715165
-51.2204642656618	112.78862885185133
-50.13140791742087	-139.14180318686056
-132.280719329922	-66.16678029104189
80.10248643707595	-66.29232994276006
-120.51758160461644	17.017754176087127
-27.71941079114452	-52.31530888329382
-9.66638662788477	70.66326817715527
101.25429293531089	-48.087830836587266
-49.98291457811571	53.36221836649019
-67.71081009693548	-17.172540140078933
-16.864650149263216	-15.149673143976493
-1.0905748755484466	40.608289002777134
-51.51635100631047	115.55617587161733
-17.954785356964322	-0.2736880786059271
-18.556938476601733	140.75057207625656
28.769297451997968	30.695236810851153
30.72229790803191	-50.7844977566224
-39.59367459072838	78.0388872560327
-110.46071029920043	64.40644390721519
-120.08949506710243	-36.6689780063766
40.861197050607025	-62.27326720173839
54.541970536734716	66.20054071669182
-95.54114490599265	-96.69335271722103
-62.720635979841084	85.10959685685917
69.29415547443075	-74.21503883254051
-63.214647339720734	-101.27751047432795
62.043666644855264	80.18505132770909
-28.722384329148177	94.55191004878337
130.60199181810438	30.194390520716734
18.65052445862562	-143.5590192057103
-94.89215111180582	57.91318134644655
76.94128906674482	24.29270626688258
145.6571097017763	12.34462987893517
120.8022923131058	-34.64667523707236
72.75241496350897	-97.10494544713822
-59.12048879209262	100.77116423187717
-128.36752880854425	-13.426453330361745
-117.36151099377084	-60.64263343366933
-132.8074279820606	-12.798396122131635
-52.81107104344299	138.4432434212539
-74.3335377993398	61.04559106092549
30.96784449783723	67.08431555739269
92.12322789875498	19.50966179435636
74.0188498216602	108.50887378366114
109.92737446749267	9.039830137219914
-127.32946188464427	56.94523104923359
-38.711419260758085	-61.76258989960471
54.14319962729317	116.84021189666909
-73.20862281992349	-15.84126061328851
-60.85221437944014	119.48676199454935
72.38829566421566	67.97148201289063
103.77329159855495	107.20492941310717
-90.40653427400132	-82.90457847023666
95.43609978611221	87.06825731570213
-29.2847621975807	-10.182966363369285
45.84278868147567	117.12155517630319
64.71307232386891	-72.35842479756779
81.09698324212583	26.338711384689056
-101.48645021035682	87.13443644482983
5.1824892755435	-71.53644304462756
-0.3402998102163045	-63.96015159723834
54.89998313584117	70.57356491702039
39.09304419998281	112.39262207011858
-72.88874430843934	-21.836964855684315
-45.00564225293073	-102.67868554797694
1.3352112489664056	-93.0445219960678
-68.64818566755518	-64.91152246670184
13.965558037506751	-66.14473541676443
-79.129430852755	31.39892573637099
-72.87216634881808	-29.174958885337062
-67.59175294219948	30.145260508967603
2.929730035817533	-42.531836889409185
44.91850740087286	87.8999411442807
-1.1226967314007856	74.18991872283473
76.30611889090207	-125.69924658564825
-25.81513381700856	-113.45447873395234
-9.486323505635907	-101.51547500020041
70.83078700696025	50.86996211685902
-101.33120310842808	9.960393780301022
-80.58729738057725	-34.47691698637475
25.949652854524942	-136.40332455899824
-66.99185011574967	35.61508193280044
-76.78526022445645	-20.080460472003026
9.253876945078341	126.01915258924282
70.2478523399976	-123.83903908220448
106.03551678349469	-63.710884774408186
-42.559990809150094	9.748943944274272
-131.31034333145695	54.63244022145094
-62.12186381644642	115.97700729363548
-7.749586540571912	73.03170456075424
-35.44116211472679	-12.352838218923099
62.06894203643098	110.86356966563298
-61.50675327839513	-38.66459330152159
-100.60417248330286	-40.798953127639294
-15.453653707966234	-42.146338944792035
17.164758436431878	111.75428800910147
-6.534630554316656	-20.987074357760413
108.99312647517387	11.633664434167684
-133.76850580065047	-29.396132574866936
63.69922158938208	-94.91642305554214
-19.61149008407239	-139.71394042811087
65.78975057935494	-89.56309028661072
74.14267074142302	99.85015340543927
-17.630125421093453	-89.05190267982799
-80.18137762558008	15.778340658977703
-38.568388555961626	77.90046637412229
-29.658448960951702	37.85926247148618
60.65977470394729	45.21281522193024
-30.530916013172472	-88.1826382174728
-59.24399828153574	-64.61425982754177
60.65310369623189	86.44048554688479
-100.79393601435817	-28.7505463187696
88.24974755889744	93.58698928161056
-36.573964044402	86.98593876789266
118.72712817453447	33.78469123084458
-102.53795496383113	-97.59644523780814
100.95733045288122	7.905070811911234
-7.520859020632404	111.33541931473027
-12.925516300849987	122.75760171034442
-1.0893208874236882	-105.43349018403181
-57.704497074660125	18.4974804858997
-72.82504175393001	-36.08275807470023
0.14353535573450948	25.182901905977513
-118.50758080464816	-36.56186675811054
46.9393566012578	63.930862336230085
135.9728899310326	-6.530293570413859
-120.79241228019862	-12.931285485252223
93.47222386911375	-88.4639937799815
110.96368411394846	86.84752719468145
-82.49437467878988	-52.65877635733696
-31.006207343575763	-57.29197150884626
35.15592676319961	-140.75898080925623
-149.10114840096205	13.22766202678471
68.23855228668783	15.740591020017476
-9.069873293904571	128.80229107079006
-7.708524100349343	39.58146669978984
-10.363853214941031	22.59806953563023
103.13926300866028	67.4736281517838
75.76934433382691	0.3017835987838934
-138.66982043406938	-17.242863868654304
-8.912795666892777	-107.07301495221255
16.53920079085745	131.6148827873166
-16.684294670481535	-45.273172395939994
-16.599535220979565	-139.28334005994753
-55.46732462803357	34.59725055747532
-111.67352910082909	-17.721580789964527
-45.83771754406995	107.78189964098652
-27.276510087147322	27.19990764580297
-125.66500237858918	-78.7621197704979
-53.32731847566574	62.90166944935761
-126.75495818110244	-0.8670247492419274
-4.668460738288991	-119.12292423529112
26.61129191199947	-6.018067936352844
107.91647978526295	-88.07453755025088
71.1045415453741	-42.35412597026002
63.50993805843612	-39.626424366746576
1.9303226922695962	36.24458920649453
70.835355802333	-24.79537413608757
20.406610548373425	116.33962722135144
44.20920635672976	-50.64672346243445
-89.44049309692996	-49.96675249432825
70.94324149117422	-113.84346855830135
145.68726267244384	-16.33794965286129
89.16349544237946	-88.37952289028789
26.930034471474457	-60.65285205448159
25.059303693039457	89.40175382242819
71.11906029484147	-86.07090840779125
70.70372645616825	120.86215299628817
-110.65824073199204	-8.861558064110206
-105.12719791158679	-1.5491067314901084
-75.91308948114968	-8.98062082092051
-17.804414999941624	-104.51817384605597
-67.24786015663204	51.46676500176037
-108.54045881389983	30.320431893267653
-72.97857045579212	-113.44690892916395
-60.13736539143793	-132.8995277164323
-124.70321105222396	51.62420279991541
129.2548602717656	43.93099211604321
-5.121053017903729	89.60245707534928
117.43528580747879	-43.10193173765457
83.89330501065939	-41.15794039545559
-13.766372254625544	-18.86008446508583
55.83477002509095	129.55577153456642
28.283448091742333	19.40613257829094
48.44137213712617	-15.899202258186524
