104.74836289964824	-19.27335958464064
-1.8934206886214298	-93.5055261420294
55.32582164047577	-114.10107471978868
-2.397977725132377	-79.2979021581973
-86.44569759622996	47.08577504388467
-128.49689219485987	-45.17263506281886
22.23450939115279	-69.18791857887965
-97.31614083120806	14.237016933687602
44.638240138756345	-72.12708163084741
92.6873221092004	-60.38235713755314
23.249418673229503	-54.06941888632387
-118.97308577396828	44.49375277216531
40.971928416201415	-90.5784363001396
11.437358127843588	-102.66785654619586
-74.22698347037473	-1.6641801217649221
-77.23842245552488	3.3278000762451327
67.82112866874022	-62.6098734382555
-55.796322978963175	-14.372638337742236
21.889464430377462	-115.58245877026856
-57.19438245186458	-33.75286427505741
-11.843234393806624	-30.895638315201506
-74.61494595637579	-0.5085255541097031
58.73998859136088	-99.16686910220754
-116.46958219168872	62.06182538061881
-100.7141956130451	87.90614117881215
58.657584580816845	-57.021949161843324
61.91717225970066	-57.431435972356766
-126.69759593360048	-22.268421556882913
-134.0122008084579	-27.259537587870508
45.9477796612646	-47.58988406317903
-84.25136563382495	19.035136235547974
-134.00116121136762	17.218324543958335
-101.86597337030256	-65.74738431314948
-88.55138279241214	-41.60134854966249
83.97669362614255	-27.853532799999165
86.32825982175005	-68.86956074283711
106.14865117570623	-61.16814213726316
64.41283955547974	-60.30963074387954
-27.034980156528263	-71.7393001235202
-120.72304426328982	-21.330787959114808
-78.28137869094111	6.312828416143962
-92.56309609789463	59.84474286543014
46.14055336928674	-56.366195521864285
-81.9992963113795	-77.9340523124158
-112.86341713436121	6.609726964028446
-81.89374195886491	10.855430763195116
-55.34194544837604	-33.00972004564644
121.33971278079298	-43.99141480246297
-125.55365676567493	-8.891219431434804
-18.98441783969203	4.547085851035827
-77.72889750872821	1.4472409984250316
-111.5417670771024	-1.0156685009170365
33.9535830593679	-91.80089292708978
-126.33712637167213	32.929113728267936
-6.596608039330078	-87.92050439682266
68.24862687728567	-6.628628825063092
-9.704074064224539	58.21450915279501
41.60551404045178	-86.47753400763904
-126.4353491154554	1.128409404420245
25.68320594560376	-49.34016640965441
-72.57879388870752	81.88659218586766
-88.79544191114641	-37.618556718197276
-85.61346012676057	8.339691498553593
52.45621912142789	-85.29338745313913
72.84158621957381	-109.69589333098884
-72.96232653514367	77.38483600837593
69.67113847599062	-87.37145710796482
65.94062742941851	-39.112492140976435
130.4717256478896	-25.6712561427106
30.624699822228262	-87.5769853009215
84.8148023205399	-43.58500415310779
65.30618173037112	-102.22045667246654
-11.773043744238985	12.901729133967795
-100.4393428183865	19.998673114646017
-70.82760575172868	-89.6741243628118
21.23901933086337	-65.37427231217896
38.50172390338596	-90.38994945113184
-88.54408904033895	74.21759521046624
23.31322336630664	-110.52082825789618
-102.43127211736658	7.798362727116047
-94.90445949193501	14.424457809286883
83.06804795682112	-27.221720922969368
19.891293606678616	-112.00961027793971
93.92986063459699	-64.63381218596892
15.796189052449114	-122.83281790941226
40.417988424118796	-70.28145677359042
-122.7614772067904	2.81582828856804
30.750675045420262	-81.09872266835413
52.47561188019946	-47.848217683952996
-84.20572534181183	46.94165029421113
-26.500079380634382	-99.0850303698673
-132.357747346934	-45.92519197662309
-81.00825191905686	49.32330042463892
-102.90506384491711	0.08327834624643807
65.0326305863739	-44.23509107455819
70.92031889407454	-12.052484087790868
-133.44940460655621	45.63748895306476
-102.98240074968466	-3.8308978775615294
-112.84225820541991	22.639258707358458
49.40262575330125	-28.187061887915934
-78.93796156155963	33.82071231123011
89.85216332810484	-69.08849052781686
16.72564551522677	-86.2634902375118
25.59643401617534	-24.56634511188956
106.26155340588922	-80.3481042638118
-89.81959126013055	51.286523971939026
3.4230443886968365	43.54695080673161
68.04190036891116	-123.02255201500455
-106.4169319933107	22.78233188694409
-66.13456192147241	-88.12849068157176
-5.490940334832369	-54.189093853095535
89.55507958406992	-26.3620934579375
15.962593540499011	-73.80261133601019
47.770126155225995	-64.60285741353674
107.93128592800173	-75.06874079891718
-59.25255658682936	-60.65596335677802
68.20468643135591	-59.38416114912299
66.87455408419758	-78.23203428307838
-113.68236301452332	6.693322546334748
32.48477417604991	-53.722283616377375
-73.58434477497144	27.932572205418236
-53.910914641654124	-68.37374758207005
61.2090836410444	-95.96289642882768
75.9357828690859	-45.9764084825499
-141.69217372447994	29.86128192064035
-101.91461990917746	50.20860695311553
82.67043776408919	-88.29990482137882
33.7500237846212	-102.40252786587686
42.010936231589525	-83.2113098787436
61.333408282315496	-96.26901983761097
-17.82012564809408	-50.794458014201496
-23.809717568705132	-96.55845643560292
-128.9991168471373	-37.65675577295502
89.9042094223122	-50.607657082130416
58.102529015489125	-16.410867665225787
36.57955725952939	-87.27635833842916
-118.79129594432742	13.688355004658428
18.04156171167177	-95.61630565387215
22.27161723187607	-101.15318889966893
-124.43527079327698	44.81650876536433
-80.9048839892092	25.817566196651644
-122.01273734832652	53.97969519652937
15.330270688628337	79.63166449243869
-54.865964258329534	-7.149355480408009
23.461410176257154	-98.0872169541219
-106.22200496031269	36.523512895839204
-80.1991487909138	13.981219074940329
-122.61272748888219	51.6527176907863
-108.5134655650619	-32.22530791590195
-66.97188092858248	-92.11115794863268
-92.99934702956234	83.61718140196194
65.50885639395239	-53.987960977873826
6.731543098216413	-84.92710136549924
-69.46163232905212	-94.0503456089193
-71.54995145117823	-68.83967819632544
-65.52218083698553	41.313539455772165
-129.97069120852487	-19.07843843300065
6.989708696742536	-118.71101132887325
-84.92254368298003	7.464202380773022
-101.04082363187281	9.941223871893797
-108.86691315647847	8.554193543307303
90.09773497911571	-5.578431876566134
36.88504463242877	-51.1624221411573
42.250479540034405	-101.68881731893238
123.76084411653713	-10.344482913842294
-67.90495253250651	10.465267434325147
-79.49378002269579	-5.0807569749067625
-92.93242706376391	56.23118177471718
56.92092313154962	-77.84661562939192
-82.20397963167193	83.52084277853864
72.89550436442912	-99.9995797060092
60.51073355656988	-86.49475025367737
-117.10660166906601	9.568615221036334
20.12053694167993	-8.843920767312232
55.49392231818253	-27.909743985807527
-95.12415503335504	-18.966751163680545
-53.88521018699067	25.525159571807215
69.02361216549367	-7.231216161383061
-125.16452177212159	11.399015893027586
-118.03202329969693	-15.313388515441687
109.0936513084871	-50.018719914085835
-43.818469836308424	42.31316494446527
-108.60894436228949	-25.143314286566714
32.979903305993815	-90.91674902935237
95.29548841058573	-14.012249432849673
-59.885902549351556	-46.82161117942483
77.48371633332668	-86.50267712100735
-78.82399982864811	-0.5564375619961529
-111.02830535834516	-44.65805978747725
50.63901337487163	49.851515571106326
42.14283983724709	-114.93684217879749
56.28241325173247	-77.36822436329379
65.89720219059663	-75.69946837202622
-47.8930896775697	18.44610935635108
116.95294463378525	-34.164172694440886
-92.42712866584819	-18.93442901753226
-112.12526277065105	11.78336832964452
28.561668921979198	-49.352139809460525
67.29879879909484	-41.45325543181956
-126.33935418470722	16.262993799808793
