-97.98526605088144	111.00192163805357
33.7901136616203	-132.41736106904804
38.26273310057189	-75.35865752881402
110.36007601170523	22.29034546562266
107.3668811396908	-32.389293534626965
33.94801449693333	-35.309369218211096
82.11286065092384	-55.82665406965303
-48.88338858293421	47.80237238313077
-86.57198384789143	1.6538790201520335
71.40343868422553	127.03784033381604
-88.78498454929935	67.24585787015579
27.23655499519417	27.631693328784095
80.33608165593223	-93.12639879773143
-130.84066213998466	-73.14451722859623
40.33679305121337	46.32609564898056
89.86206609853977	-85.38445908145779
119.18592965822823	65.88275003698188
123.54523384140751	-61.057083449209934
99.3302268103423	77.80019865749675
-28.595555182453545	-140.19379252889217
-16.428035537138488	-21.263439559929047
7.752450851384896	-37.197986893761616
-50.525952639684924	-21.777897629278517
-18.336943617871224	25.26482163415954
-7.9336019438364564	51.340867199224085
127.69795868638835	-45.548008857311586
-132.46191737037935	51.22628721268403
47.59541219230133	-72.762021056962
-24.726187250777656	-144.65566108472856
-53.965597261115484	-80.63896957462997
61.14800496072601	-11.422169273680444
-113.48923706366944	-49.492270976011994
-10.357090253578194	-96.69451902433255
12.256007755114197	-16.942794851037746
141.34485947159806	42.007599397681936
115.95464569626708	-2.6903874557307454
-8.977191189603543	117.12976289850788
-43.707416671253135	-142.1265134110665
131.16998973406754	-39.348286283031456
7.447693604627655	-90.02500237822747
3.9181018290022966	30.42640135156711
-45.876360592465375	53.84168199688957
-76.31525836241744	45.665703086301264
-125.88140141731581	-75.89186781243907
-112.8392681105975	-85.21955235179756
5.19170630250481	-21.387632610410595
94.76504035365765	-115.03133898696433
64.33807556140621	40.568510362582735
-19.14998811039546	130.6872258132857
-28.432397511886034	42.60295369932401
70.15885252126253	5.905315017110547
-92.65950227747061	52.78682349306404
-79.46813069075233	97.5504221869241
-87.03654372403935	-14.00404347415919
113.30767254446842	82.52042079838559
-124.71996645498145	74.8285534781101
-42.98020005050009	-30.173098878667805
42.179610753281416	-119.95256651691281
5.621689717325051	-54.188355567403335
-72.37700806162962	49.2827732812483
-104.37671048986643	86.86551770166922
84.5938130823389	20.293465395927317
124.0510008162091	70.90692236045092
66.9194924992222	-69.1368422834552
28.712365071531504	-78.3965513874209
147.8745118470014	19.708047814593243
73.79318935476485	-66.9954494902226
-97.45186733862997	-84.703266423596
37.21737076543908	-110.01162374354554
-67.48910068533779	-1.071538202825724
62.02522750863784	86.08081153174841
-25.970404654421458	32.671997174303606
-120.10703229104487	39.000881707458184
2.6558357742526817	-108.02375115978708
20.139347764582876	-48.454756703099065
-7.050328601429871	-131.1578517570934
-133.10030501037937	19.6709733917201
-66.30989653639286	-110.06436953787498
-24.272993339287954	82.55063223078768
127.18447659640627	-9.767074337261054
56.04792382980198	99.28284643556222
-18.26380085604164	-109.10418096417345
67.95273740665961	99.89565497887558
-22.94713552165074	116.8350376441202
-0.9892783045070268	-134.0887618056859
-19.488518178790514	-147.66465619133086
90.66945135660332	90.11266752900222
-43.27395451731006	-89.81787491910384
29.14772393197031	97.66237915711015
25.297394151929133	-4.339537265929683
-47.84185557764025	-36.18070564459967
71.63345843402327	1.5662910345358865
38.52477959277035	144.21570363031373
16.745010665580658	129.95893743255476
1.0289046047239465	56.424319735664575
-99.15253778588493	-37.177190579140095
19.084242387304403	66.63550378450256
-69.85072828965296	42.62845202001129
54.04060917944014	103.35691879624713
-57.89913796122749	-100.62823428418316
-127.20666862864582	-58.601083976568795
-42.01805393419971	-44.01751696924803
103.57968434299005	-21.512535008586642
-93.60761613309862	68.63921086124694
31.143958038281617	141.29974581424474
107.79068654182959	-0.8324464819911709
81.78519235472947	31.24221585331367
30.01102182614546	-75.31573150240673
36.55439659389479	59.38018272352151
-75.0765521919625	-126.55743672334698
-114.89857203638881	19.090058649192848
43.85238829991313	-70.04457132268892
-15.347101872768192	-128.5671718489193
37.82440013685775	71.26008901060521
-54.057666691488286	-91.7285004377697
4.963354555012454	23.660752431382555
67.04240101474663	120.63643144471554
126.68816384341486	73.97654212127875
105.46788612479823	91.41126894744356
-17.730938201630213	-59.461521763612616
136.09975307893225	-6.742622090198556
-39.72259341682921	-78.92891851343018
-37.4477215348048	-140.2284069198968
16.740915828605498	-80.30563132781288
34.37922863224604	-28.802542162550854
-15.400298468872583	137.67186200709241
-40.569369229033946	-31.283751822082646
22.968087523043167	107.95719670489332
-90.78119803792943	-14.751329967039682
33.50931588632822	126.1203622606991
119.45219067451583	50.80761621675715
112.33296500952275	69.60171551022732
37.31639887450182	-5.597707386155197
138.87348173633058	5.25368876576791
-37.60916878801164	-95.27838157885085
53.344825693764314	-45.672462838797756
-64.38675801128933	50.78879026600711
-37.07561534893832	-137.61213894692162
-6.75969545163338	9.442042894262674
-132.090327638734	-24.308286221628645
132.5737481048751	-56.67995128087142
72.37019133088461	19.717659013233718
-14.647387581843155	135.20543900061188
47.34039410326828	37.194229213860474
-19.10047483801545	0.489103167969069
14.967022962127182	-115.66724116442559
119.27914520622689	-17.664879993171382
32.53410877374447	48.16361361916164
103.31552939638719	29.264673700001662
60.10577634953904	71.1397070582192
40.62652390720472	-8.080450496680033
-45.58736710158514	96.67467783124853
-12.356331583645405	114.07407319547058
-6.549006794528206	-69.59512787651491
93.67275079274206	88.71559993378851
-23.566084444604435	32.835532133060596
68.34734682892031	87.89784859827782
81.54817149664208	-13.273114036471206
-21.682423465165925	96.65152192352207
-17.058935292133906	140.75562956192098
-81.53830269048089	-91.79039084309107
57.562036562689336	6.03160422452801
-80.44482795348495	-116.06254847336861
-87.76731838040092	26.184944815758833
35.23837828831418	80.23190474089557
-105.83799755499894	9.10427214406444
67.96269702834009	-0.43204168887552136
75.93951437239147	-121.66963395932287
101.25470591491322	-16.582752511757047
84.15618493239926	-42.175197481001696
26.55410989434135	-56.050456605594
-68.22362781284117	115.78371775376283
-18.409584329861197	-145.2580028030617
-108.63438774137784	88.1158533689881
-54.46642801241029	25.828083200188445
91.02105158703566	-92.87904250832082
18.83418933208577	65.10729487303753
-8.53082510095432	28.301923482645215
94.60860169719436	-44.15683535641005
-38.24951113568699	-116.70706364315201
48.5457347510641	20.970975061439262
84.27299052113567	80.76038381563723
-120.92130376817458	-66.03076591342335
20.68045326292444	-65.38389644971005
26.07054939500935	-94.58111596525502
-94.36973926939098	48.139055596804965
-7.308257182235531	136.56080615520415
30.921975871108696	-128.06172424018672
123.52578331290073	-45.290757646107835
-116.06777813533787	42.50451185182122
76.69541147568081	89.54367458373045
-82.56427844469732	-68.06694660915255
82.11192718343601	39.674311921357884
-82.14974109399498	-69.27511338513901
64.50956812641606	122.66706968136505
-112.73538052182559	-11.356761480464629
-104.97240892873431	-105.62634692956809
-53.48726803328975	18.604000752853878
46.50706724758754	-88.10831874472447
-47.380504861901294	47.55416591301688
