139.1271353180932	-41.949264710363984
-70.28874367816569	-72.39949012484102
-25.162401998185057	-116.75037070318022
63.14960108479711	51.19522486161785
46.568290459399506	126.8681072140704
42.88327858236118	-108.53294165863808
-84.41887789373648	-38.26409753437051
106.083357823727	30.907922209669174
-114.53518226454432	-50.137100611132524
-68.48386960067829	10.676831451456964
49.85992382681754	72.08676989820272
-62.635108976628054	-41.39237660857206
67.69931587004086	130.46222316018194
11.709073879766946	-28.804183024875474
-26.207928455617193	-24.14687675344292
61.77872646914157	-64.7105319843518
-97.92844886547955	50.155975150883876
-85.7831515471736	-6.437299951890588
9.227687363122898	-138.54901347767543
-59.1430809763384	-17.698135391558807
-81.46883535969648	-39.58428408082304
-98.95072863891323	-34.46223107823762
-67.3437026163655	3.678350217459236
27.699279355907596	-75.8932289882448
-145.37264400349002	13.546743528865214
87.84405017098248	-63.15482165191254
50.36228502079344	-130.50339903828484
-27.545712936034654	-72.81466207739776
94.37835986364804	-69.79282799037023
-127.50277640558676	-30.26633177625519
42.48513355021008	-87.63969512862742
6.088527400515702	118.40176047760959
124.96929089607562	61.68561111275914
-22.35207264405852	-51.65315684419133
-28.4659309556646	84.68400266673541
-90.29347634306347	-101.90643760942281
63.72199514891189	33.684918147151784
107.54419941041472	-30.770394638470748
-98.82677558332075	-9.413730735856225
122.09280071499451	7.3166317257432025
-121.21500712672517	18.358712722550575
28.178397542412924	-110.55227877251369
96.67169633708367	-109.34871622563963
-60.95662933801364	15.13705910423345
96.35439715526337	97.49506139936767
87.22310817657532	-58.344100277152016
121.17472475940727	-14.403436853860885
72.37557636272503	30.349311960818014
40.69865899723824	21.735086246523224
-121.20485008309188	-52.988396972904546
-73.56123912875391	-15.910095705223132
-79.5437180611139	-49.54180536876035
-13.384016751326062	29.835725376001786
114.95214530230818	37.624358451307586
-108.85274066188315	-60.15542665870907
82.67032439395112	115.98687290266115
-76.8115596722691	118.94514800896579
-109.43147958523055	-62.37230876539679
21.955279147625244	82.2549056795874
-88.5617598149435	-24.205475338156877
-20.376112266624517	-90.40521618028107
49.45914967937981	21.691430237243438
-106.75507277680427	-99.58569701802948
-135.44035959786356	-8.037983112302468
46.786460717004225	32.85721758179575
-39.527068214690956	-140.47436162061612
-51.420934699178495	127.78274557900995
59.33688442056522	130.9707347368508
-16.235157845533884	78.50744426641423
-83.25721841367024	-24.870850665259407
-90.09017120138058	-49.5689754801392
34.35263500944283	62.164390658125924
94.32940004239451	-39.67332278205599
-6.8480187499045355	12.654744748881125
-16.11300059982035	139.5884811124312
23.39737210371058	55.715158458546234
77.14319319327043	72.92464531546189
143.64827434125326	-16.240977962107966
-61.912761842880165	-120.99139279199964
30.470077957672622	-128.58606983429678
-95.06172548248313	67.71849992969891
-85.1557487803537	50.64239214388031
99.83945585299021	-8.24159592239742
13.486750989577974	42.12877419707364
-17.744951813211078	33.80533506964544
46.53240090540425	129.66149136316128
-19.518202662698954	93.88137054734797
-18.014324049050003	-29.847029543123977
-44.18964159361073	113.86833073895218
87.96407147931178	-87.38779170810605
68.2198217528793	21.528213532665795
-58.78628556715427	76.06157636725017
72.79124923679225	-87.1979103914654
-83.74579411832951	-80.01863339492866
14.082396238080976	-106.30985231723312
-40.40893548977058	81.00332281283816
-26.811630663481118	28.80256630585786
17.09308178813021	-14.464020803094913
-0.26949297586816	-101.68313026408475
-50.47965722573955	44.92231308617551
31.379855093345583	141.8848255253358
94.25005726797819	74.33915256401413
74.17299692764963	-87.5916615632344
-30.895906418190762	-90.51441677840276
-67.25345287051971	-53.770730069552705
10.576370063487879	-62.72016923459469
31.66212448062284	-18.7277677202558
8.692765504005358	-119.16640792406801
-116.29371295159206	63.30704919860702
61.92369571252498	124.35881916425639
-28.76769167433007	-124.37582612148171
2.926312416167454	142.03109356177066
30.25918155314978	-145.59371016540445
-77.82542695519737	124.82280319438333
63.817007705990605	96.1902848779997
-2.073504603054391	70.9943705643221
-5.104656875562091	48.65120459819226
-108.23851326651675	103.18787091150057
-3.8143604277075713	83.21196345374624
4.229244289422051	27.32146273492723
-72.92718013539829	58.992911156116755
87.67732544217448	-95.62913074187752
127.92617862163672	60.64563067000449
-29.694783549636234	99.3146836040742
-75.18268069396026	-31.035707079624565
93.27302327281622	-93.88417152624659
-22.657496003990644	104.02608233456195
-25.578267697826846	35.79689963576673
41.9392935587493	-134.9646770432194
-84.54421156663737	87.22347642517995
17.1427992411118	-23.117030550722088
-13.714985342046727	3.9592683097227193
-40.30524278840784	-18.687504093391365
-126.16370889757103	-50.76135214965272
76.16959871225194	70.90567882349548
-53.21097335141794	68.65034019852362
3.9578264020236262	74.78928658993179
-43.62700985151526	-97.47301499531257
39.52260411068923	-17.50339460564076
27.5673358630892	114.57138536348083
77.7308003958639	50.19749899468484
-138.85891214116643	-5.753543003707041
-100.82283721288262	82.51884461013448
19.818509685482763	4.523894811105024
53.933104778773576	-28.938324674365393
96.05884379354023	-37.927234185271665
71.81145122378351	-98.30270311252872
-24.175554510279504	124.52259405437935
97.36264083068356	94.2655270354282
-27.814556611563546	-18.26935330968374
-4.011585405867605	19.99447880863678
34.724374898087056	110.93059446030233
-80.53730422350421	-98.99418639640389
0.3163043046817674	-133.0434617202684
-58.32366972799467	-10.097039285382353
-62.85565218920103	133.58790130158812
-71.62590777631026	-5.646575918092392
-60.78945054676792	-44.01222842706039
55.81577929070569	18.870669574433883
-29.270288940487976	10.78506625399647
-110.02482102968571	-78.18779678103829
7.740374831488599	8.18939424729488
-96.91898860072077	32.27625353593224
-25.975790220224777	37.343271937027325
21.423095291124145	-23.42960304662441
-144.6941232663353	9.663932208752916
-121.91591633738773	60.89339444989073
3.6227179681396997	94.1891275559583
97.97419187914664	-26.821943090226025
135.6179841964731	-33.76825344426168
-89.65078597610629	99.45635864012304
112.55037944846451	-53.793583993898736
-80.75417187234186	-74.50828661541337
22.668520106706765	-114.72638334887066
79.48078598142747	50.332570060569076
108.02978205536807	14.551606032659878
-109.76539434071105	-9.734403261284827
123.92767755576655	64.03766123574906
54.51884003282269	-44.129495838748866
31.7814959952577	-67.37153137179365
-15.098725833346613	-67.21699028347294
111.94061234770402	22.37351615825257
-120.80295793462214	32.36810080214365
64.61260245885578	34.518379863247375
111.21831470872802	-53.498793700728974
-90.33822470405583	-77.2726049450083
47.095632623631765	70.7549307501537
-66.75761230642712	-26.727236498596394
103.56463657909485	95.47250913317178
69.00902590129306	89.7513448984327
109.91536114850354	61.289033701421566
99.9116081442841	-104.10472617458169
-65.20023339796984	-19.24511477439601
-41.75663116347935	78.38274570452892
98.8683414354028	0.42107598593288403
-71.27333731773307	12.65851012991518
-137.0690467761145	-11.024452834791372
-22.41722174483138	37.06802023081923
-73.00039307200862	7.213170433463699
52.864547424881685	38.77638062704945
