57.115856129826994	-88.70682320661648
77.75377313374497	-46.91215610133087
-109.27682675916427	47.848778696065146
47.12766066009103	-36.18392719283322
-56.38873708712063	-38.5889666153002
-97.8643188498008	78.93003089880582
45.00169909274147	-56.10779718872402
71.16834721805523	-44.03593921087779
-126.07348273935152	-21.76177168879503
-116.0638358488267	-32.88895015369527
48.357343972626275	-102.82992476960519
45.17448200990501	-83.49393778260156
-75.97188890444055	-4.630470615922574
-23.521129532783174	-107.0675663636434
24.744255777053436	-118.27676798487288
-113.00604389964941	36.71883403730338
-83.49659390485176	-75.76098440679
32.49237190820229	115.53155305236776
-126.27109047158723	20.084274688799486
64.91538703836575	-91.54463991885694
82.22813401188897	-57.91989875340643
-69.88341747563896	55.28444493602471
96.43870512570612	-40.27751473220179
-78.27650384720559	93.9344638348867
-112.21479286216591	30.179449067547218
-88.6638958629402	49.40957476522587
82.044442654533	-82.31258847276348
-108.86809482033819	30.054661042797193
-71.70839575961459	40.07532227350675
-62.015106627474154	-47.411383593091024
-115.0443880439005	-23.377985973847146
-114.95271705018244	3.280227338232968
31.384024280245825	-93.10802143403143
31.660802155958375	-112.06977863125861
-92.33728299913665	-2.7744192969649113
98.27572369421887	-58.138046855764884
-129.49790869641717	-22.87962394231705
-54.01859253490198	-4.019654510778709
-17.40910835830267	-89.4103975183648
26.389625617860062	-127.23615041494536
-104.2584615565484	-31.689190262662095
55.31102690711991	-109.25611366005556
85.06499134071859	-64.87490400532246
53.06533314167933	-85.4651013179444
5.057236355487845	-43.5147117692192
-110.19967654679208	17.873756620329008
-25.67877982110797	-78.2537963365279
22.242884616701893	-63.12560126056531
-59.050382880474686	0.24332661903358804
-33.38029211641383	-123.3245639030772
-67.50589831623815	25.1294275419046
-2.0826939156260744	-124.72758606872138
32.088926922477064	-114.54105458490258
-138.82473232559914	9.094814167072732
28.96011579847753	-131.5246054663457
27.004285776689926	-120.91744188127146
33.19474119955915	-103.2160376020928
88.37427122913556	-57.25988388219231
70.64044718129729	-85.95959333849655
-71.12336632728004	57.10571666165223
-132.45509016808208	20.666978007839283
72.6659539381508	-62.41332928205822
77.06697530929847	-96.28091939503075
126.32421075231358	-31.50612526175144
-85.93811447672691	58.051532600642126
61.61859157147622	-1.8343105187709863
-92.40136381245264	-16.49183067760843
79.15667502064203	-79.85557275862908
-120.902986739505	-67.64456646584888
80.40341964171337	-48.95509473013335
-86.32680875899457	18.494531105826827
23.211776986724388	-61.60778477529335
-136.36517940875368	13.332936941054513
2.7453074202289742	63.274883853763306
-83.24275586558888	-38.05173996095117
102.86282137968122	-67.9543237353732
-76.5058477287556	63.546455731611246
-67.52901909523848	3.625853770268042
-138.69206430215382	-19.030239327306237
-93.63301614837486	101.56263867546109
53.251743313526205	-88.82539982433902
-3.031674215274944	-32.64604376223409
-110.68025931267408	-32.18327488057144
-13.40951038980566	-79.00596787602603
74.29419031300951	-44.99506655995122
87.5571983272108	-92.87379069856719
11.84224243470268	-134.76986431800702
-118.53513628075375	42.60941525274419
-7.580069725093083	-109.85125518495846
22.795385479755833	-98.74651611623668
57.57700634660098	-55.442512726295895
-14.159123305554022	56.78313752669792
-95.37305614529348	-47.90045308421444
28.582868248891593	-87.47441794914391
-100.7349415747137	-9.763905127110728
-93.29118364074894	-23.461709994969155
24.741849646042155	-90.56528735498723
-2.1531239858941613	-107.87255337036217
-95.28709227707837	-14.70768904882774
6.678044731872081	62.19092091874944
45.532249971571446	-62.959067221539975
67.4379677115895	-76.26451615262641
-112.11154718236828	24.35562771957719
-134.26543369112062	31.817869418394356
9.874504074481214	-65.05431662899717
-66.86700068659077	12.641101599074648
-25.164672191366556	-114.49889682458048
58.84467568202712	-27.579775713695444
53.450861274334294	-89.88873031494745
47.839774344839384	-65.24827715684508
17.37617537806459	-109.19433261229656
15.955209514206036	-68.16500563563898
17.68313538325952	-57.97692316138282
-55.785395170531864	39.35159989749052
95.46474930956764	-56.969144449679135
81.79889207206081	-67.36129711846448
-55.78723034899531	27.38853502400538
84.33191861989083	-19.781472097128614
-2.2079308459069753	-92.82377142662828
50.537959880950325	-71.21070590245799
56.004044435805014	-21.884055459827117
-3.4830093767947257	-55.453222267526264
-83.04504966201038	80.59267529767092
118.44983387650908	-31.205248009457357
45.80123202386902	-103.41322677991744
-72.86412212739512	-36.47400193998163
-61.17989677905561	77.64147090810444
88.27871900119067	-43.59740057489644
-86.9554202333755	-12.272243488227046
-47.583987309098816	-60.43930332558692
-102.81388294145576	-39.766792387425554
28.564025363922333	-78.26018954376647
-100.81077169742095	67.67029012526744
114.976274630764	-2.2608876192497886
-51.90120827092807	48.54698673454736
-74.49613887927292	-8.776255553077124
127.97276629210486	-24.028105179538432
28.554574755092986	-67.57636266358433
34.29693085647031	-88.12342852172245
-109.08206839927087	-48.0345552362477
-74.47712102598402	3.191028435293679
-90.78824359101229	17.292720006610736
-15.422674772857103	-122.0997721008159
-84.56494310727237	23.15993102722406
59.29210625425536	-68.62956759137496
-76.25180738856596	-82.81240714973268
95.21591961613912	-69.89046499258167
-19.5686246528217	-96.77115893650976
18.260826535075694	-37.7870719012051
-69.32926658697316	43.22722312327997
-93.67223463619021	0.06280851586830873
90.23616847536096	-50.77083104966127
37.01194517665041	-60.320850391348564
-3.7607545082567344	-85.56277700983124
-91.59872884121832	-28.531328004883246
-4.886285557446462	-109.92299371102506
-103.75229349718575	52.68019299596602
70.05577067805635	-46.300070283674714
74.30419414494824	-49.6419862911205
25.313556712333195	-49.092066988945156
-87.64843035344803	-82.50988430912066
-141.11044354752616	0.5600217688232983
-53.32363548568967	40.366663725949216
24.63507218688388	-108.1253809718677
-70.12182014729491	14.973482432004419
11.690155055369882	-74.79812834746173
-104.84681090463454	8.266742779896749
9.970917895620103	-67.35817146691336
39.025100407447276	-66.29531206771223
-111.2131921498964	-6.982421863810983
45.1578121529879	-54.32879447618605
104.63168289902522	-17.618373948333495
24.39640429286668	-111.40314026571113
13.592829879100186	-84.48563433611105
-89.79088938392141	39.2520607800864
54.46803503605165	-100.22947193458417
20.97047264754621	-39.04736926530307
-33.0996376434269	69.37534312413506
12.209540294899469	-121.99493799184066
89.14823439479675	-34.54300316500878
54.72628362050305	-20.958411718130076
-42.884647254744394	-70.79544758947668
72.17082952533971	-107.26332497984768
-39.594575403334915	49.41196750326694
-39.601061036806364	-28.676555700248027
38.34027589510436	-76.0677919279697
-122.67856920688197	-31.618925039442107
-129.39841963808502	11.605642777154896
70.74995412378765	-5.04846932215314
29.11600622704636	-38.01201190511774
103.03701683869629	-42.73231369586906
-43.45101105419183	82.20042079084357
41.43702828719446	-82.95268937722629
121.69119537393874	-18.879705992889914
52.359067033181304	-94.12334380543882
4.495063583934086	-66.57687073454764
76.28050016794914	-44.8852704991229
64.54959105859238	-103.43690646856935
55.393749323061094	-76.12626995422586
4.454094303827938	-93.17540699147285
