94.68916030645498	-18.331337082841085
-76.59657531081783	29.87946469646934
-35.01812560591409	-88.21195353895162
73.84195612927388	-78.06509627062843
-111.21193785337378	32.373900607476244
-108.99087085899929	84.5596083226725
30.579356030148926	-60.096547091610724
84.82779799683905	-34.18362124847846
-141.37494911594604	28.4632863010354
-71.26494524936793	28.77581242334289
12.619793103693869	-77.57136723392397
41.30475703342717	-67.97508569004424
-108.69140753296058	-7.78734771282254
31.66866008550049	-54.5491314889052
45.56060943383934	-63.40715389180169
-29.662076805832168	-88.7472211320764
78.23162254000107	-87.3422650948913
102.04587710142401	-70.79769490564291
-99.0854832043135	-10.689608907687356
64.4662759300143	-38.13197468204481
-105.95438958789113	60.02547834840013
-115.17119587435593	-12.441706468688858
12.865857378578898	-62.2504124981039
-99.3281102087095	31.188392802978036
88.19997700138256	-78.68455126569168
13.630396063351963	-85.17015412492528
64.91484266601371	-33.11211556637831
-90.64584705684491	40.37391290693925
62.49424530242788	-72.9422437290253
-43.997330819237604	-3.3549969779303743
-59.69899959350696	79.8185438209736
-50.49361029156401	-66.73136716373337
67.04852225413967	-74.17423746905583
36.01054793221173	-104.1245775783345
-62.05628084416569	53.76191520217748
-8.77252499950563	-84.29294151921096
-26.48889456488995	-117.7378095820736
38.49090696969423	-116.13857636524088
-87.9220882340781	-65.56070255991952
43.980204499227895	-82.72725475930982
-69.3546582952866	60.029711751216766
-86.66612929491627	29.124124717725174
-119.07830855370166	7.310465737602668
-65.4997927508665	59.42287992402037
-33.45421567372393	-37.40871980875964
-90.36716795532838	36.37275203818646
-118.29985817562702	0.7829574032623953
72.97091408445746	-45.27671241575658
92.2807752484986	-5.287204526829066
119.2575560958555	-37.32206221286028
-108.66241486192291	30.13851864738759
-121.77159723353927	-2.4157159304187146
-112.30340949769194	17.227770177588983
-47.98565217578383	26.862605562432552
43.29253312953178	-85.25608738648074
-75.94591085548596	77.79538010636595
-114.8426093329339	-55.39565910810588
-101.6198697576671	-18.9046997852826
87.280621272752	-76.70564013628048
-124.99139138193496	-34.67714073442204
-106.97572279339798	28.108588385574965
73.24996324079173	-87.91386810044288
-96.53044973624066	-27.890841281672177
34.388438382206736	-79.09826666156724
70.51055916919222	-40.97042439997614
24.205925651120786	-113.00936671736781
110.29826832823302	-73.48860408040046
39.2608027496498	-66.67899975559956
101.6196474225923	-79.89728596462217
73.30856580909561	-93.25968183898848
42.45381660170474	-96.04847221590664
-137.8944683533884	-13.21510849556096
-74.73593726553017	21.08335070671778
-93.56635479701843	76.77481150818024
99.5840039292616	-69.07677193157335
-93.00858065415319	-16.304955664091764
58.91643221915688	-44.7277833226528
-94.86841842013463	82.18491269875001
-123.16718949527183	73.6772283344541
-92.02688654950617	-61.03944030182917
103.24131439906371	21.142461642631755
-31.000242649633655	-77.38320538648188
7.747812591434228	-88.41276903552368
50.968348273709864	-101.07978163893615
99.74470274899979	-51.533336703471235
74.38944712487809	-90.28134903107201
-103.18712333623829	77.69200350813715
-70.67337217617467	63.62307855858501
4.753780165212203	-63.91912152327976
83.00565781720765	-73.4065600281016
-3.3880068440315316	-104.78201498274788
75.10554635720463	-40.74787005656505
-47.651166845185706	-97.10034643185763
-69.63556074445937	38.038443598228184
-124.09179098057571	26.667821493973115
-96.08506746515299	100.07820430725816
-69.71457729948732	104.01170287133407
-78.24077959791026	15.32398008053739
45.98603640680174	-34.60356945985416
70.18183262976105	-104.30146105866841
-127.76396449733915	37.5844615779331
-9.070779792423721	-61.13536323971406
36.296806846295645	-109.34978908887783
-102.28281094456932	-38.26802912685041
-104.4800906650888	-9.356714652984573
-50.24592479752064	13.86298212051444
14.102159914351372	-75.30873394360694
71.80839074147529	-112.67162342825353
83.6658952811388	-48.54193901498831
73.52728145185502	5.801795075857125
-66.09813405545856	41.836770261585094
-55.59727998866217	18.24166580723468
-88.59572379168405	50.94318989702683
37.23075081609691	-108.76739611549257
69.40596525837401	-61.14517619503141
-114.90339078160163	-8.169491126596196
-46.60305585101871	49.345631003613164
41.75115827784796	-87.33388487167217
12.839959301594805	-96.2767756018139
-77.80275228454134	27.410980422126517
-106.21623817527454	33.05209973308101
127.26525397028342	48.920583028185355
10.362988464409499	-59.279991352126906
53.96566747660119	-34.971413899082144
3.5298534010393365	-129.3094701921686
-32.22688909718428	-54.44083331672255
83.68909856345653	13.434460713390198
76.19182102628905	-101.64927241152883
-94.29623545150193	-29.781400945693825
33.00329179570885	-47.54837939490308
90.51285112422008	-19.266384256204176
-63.9156608493133	24.702267876325127
-35.14702647701862	41.8870270789005
-76.15840542927867	61.747196793100294
-65.31046828183814	83.35769832827754
-89.93417105214566	61.86503715956972
-31.99638136170367	28.77604372163898
-75.63188944487148	-0.7314075987228333
43.37015659873353	-53.6757797444158
49.99319978606201	-78.20349724161304
-70.59686945571286	-1.5776041373227723
-63.317828249460405	46.71638538042471
-64.25262967748607	7.8706711613719555
-98.41486762298172	5.7497750120776505
-114.2594521087079	-19.35220670912416
-82.40147814334512	-54.44268156252544
76.21723550018311	-53.36305184507624
-95.3741916383092	-48.10154737172486
-95.28785291690126	10.840494602563993
-117.21098130498123	46.26406365191302
-5.097613850659786	129.25426033087706
-117.48734325791176	-11.153083819463996
89.25376826180232	-82.81409769393508
20.112368125803286	-38.59889736542468
-77.51888300328574	87.65655967058827
115.64854420875307	-42.66492930641768
110.23102601040901	-8.541979245015636
-7.247913470373944	-113.19586772548688
-98.58532976091016	-16.32267361115601
-128.9827812940196	52.19196951261334
-88.32986580411789	10.311085203573377
112.97841394440609	-77.04269871388625
-19.088820070262173	-96.62510632504004
48.18791866213202	-121.85421463564573
47.25699693084815	-46.266582420115405
51.34447512644618	-62.963578961472095
-113.31443883823846	20.950633520454154
43.00874638714147	-100.87382054033395
31.157464268577062	-64.23325571795462
59.40523872589327	-35.586947307545444
117.08047786094875	40.193070560449094
72.74877755867112	-95.98057123735595
100.79545128566181	-32.869576385289605
44.52381201417586	-102.01650045175458
-103.08679058021396	-26.36097512814574
122.25065967133337	4.106455915370506
7.425194717815063	-60.9295282456957
28.877975885803753	-118.85448173634876
78.99131410182667	-16.714903482005536
48.23117320437836	-83.04720091214756
29.382972833131717	-67.74545417756345
90.06079792804273	-47.708496566094325
63.580240931217595	-95.01455658340704
62.46198084688062	-34.32874080188204
-106.76174467032376	46.20946298358823
-50.972106776636096	1.2508504143108568
-76.83755152662965	24.955034880591143
20.22172499026808	-47.576207129136044
48.53820843249888	-16.280950438788828
-97.89438420348587	23.633092868645072
50.08270186075486	-69.40331582018688
82.32194249533954	-69.14387869687424
-96.36048064668817	60.05572753575705
-120.36897575026941	25.497328656490936
80.29729189017023	-63.395802140034434
57.132043642735866	-84.44672732733585
83.5277001693958	-10.856071091651202
65.63999777910875	-58.577859020509585
-60.18513527437757	17.44831402443491
-98.41118368146421	54.256220004463316
