-86.50184839762744	43.19677347855161
102.40515971465575	-38.151238929212745
31.980612673270922	-95.41090639585495
29.46037415123832	-104.77900971566658
-32.93072850570809	-106.01262520791845
-71.77714204788644	-56.80261842189158
-72.71305490197703	-8.482996095197004
-78.06678627521659	-82.05966655150071
-81.64789682510865	77.1371883228881
-101.29249965149278	13.236655809950408
107.22198805772601	-74.5592560766622
-101.63685218771485	-17.618147032881506
-90.30661915774193	87.07993166066933
-15.264794002947246	65.37193235126557
53.36993573690648	-71.28158782244934
-60.76616863906305	89.6533163344463
-41.90592868722011	-92.3718973273571
68.53700291326139	-79.78174660150071
-54.59491354985162	34.64654941353272
22.414833982219854	-92.63774758770245
-137.6486059676829	16.375205942905367
53.28952998335194	-65.61705120375329
-103.34185281273079	-76.60018760439002
-80.87340884650716	6.884060539441032
-55.40646022530295	-97.21737325527853
23.411834466337616	-71.94270913194325
-132.3603515157673	8.628663989861838
-68.20022309296459	80.64677148211693
69.83331609812248	-80.94423051901555
-108.95639552496687	-4.665100576658422
12.78083218929408	-44.441446745567426
-86.06598382618876	60.358485021527606
-126.88998717577492	38.43371130372912
29.319318292072236	-9.60411040712064
-101.64127803110797	-10.000447689446673
-85.86258430926001	41.56787407944006
56.012042962843374	-90.80747007062125
-73.06605449748746	18.10654036163012
-101.9365533850244	41.04613205910362
37.51764620963032	-56.93736201605304
35.487708479195526	-59.955489500594766
-82.54791346030878	-25.614232331370744
13.656722311213446	-57.585966055091085
-118.49265021301322	-12.413982854676986
-69.38110319308687	-24.261131711012375
-50.20234913284022	16.992955553396218
79.43041012237317	-56.51611997868888
74.93532856244707	-68.30928770149485
-80.75161176243864	-40.54971574414267
-70.05234269796652	-1.6189137108043763
40.770108636980886	-17.559971642984983
66.58162428693974	-69.89817870422792
32.778875246019545	99.02283737795935
-124.4423772350899	-36.78107071441151
61.086012155514375	-114.88323776356894
81.78058851995377	-92.12266454438468
-41.6547577682006	69.05936430312431
-44.69859087649715	54.7302310439539
1.8068804433823702	-68.69961250560337
60.14223713815018	-62.40182904241841
31.73811832152756	-74.7427425810945
-34.060671872006814	-49.98203431218806
53.18137812123128	-91.40661937116374
-114.22745672190439	22.62201990749443
77.97532819385727	-86.5660831593427
42.92233910082018	-54.66434823237154
-128.20027004673153	-15.54915227357631
-73.98289058921817	-75.63065343315972
-72.81550118332186	-12.265796037624598
95.2155706525429	2.6315252384930963
55.64016023156525	-97.73095866984076
-91.91521889505289	2.1170419533098888
-36.71902691268931	-118.09837131206044
70.56736106258431	-74.8046076726903
-104.61541327776943	81.88635108859971
104.58636259176305	-11.797712953215653
-109.02369038987449	-31.19603710592795
69.44483988720253	-73.82229072041342
-124.29723059005316	-1.3572317694416245
51.85383987333736	-78.390135475234
-99.51195933233934	8.810266293224876
54.219935320075244	-56.2090980324639
-69.04102209300088	90.2129907516409
-94.92237780473359	54.92987525706156
21.58443872525485	-59.6530664388347
76.129098842251	-74.16580604310728
-89.56524008088206	90.6006261262516
-91.90525281238808	-26.72517824483809
-123.00337787416528	-5.462750652506351
-89.15575078556357	111.13594413010205
83.14468236772464	-11.301609725934481
-134.67313371784888	44.01349306609966
-129.02771012324462	57.326657697558
31.666888732110944	-84.15905917236994
-103.32883370743103	33.46018404181468
88.94071887615534	-53.52866400290369
45.57870908091521	-91.62583042121982
-137.2849178154261	-7.942368900070563
50.584789578065795	-67.16388718153519
59.34728697363255	-57.90674792389237
-68.87382072585135	52.93887895031835
86.3090327856254	-63.33965422788194
92.70491924317457	-76.47857434413093
-17.68602936347189	-89.82128098924203
-111.61293461724505	20.135465707038044
-51.70585175277744	-112.32588329548324
92.59081686610551	23.37810025650103
51.41383008562419	-53.901346519038185
46.68395417673889	-36.134745950180616
-110.15746912548161	-4.192881042780604
51.066071591562086	-100.22189875135587
-78.00996308635295	65.04357720263934
-112.40874460394551	16.418572218991404
68.99138945453991	-60.52016825000916
28.631510434569144	-35.76457509105907
75.408256174526	10.32936054018255
91.8806560612881	-25.237747557402287
124.29895196977549	-47.590147521500434
5.243611033652081	-126.9687634291635
-15.284742324384686	-82.99537272410053
19.821774066271104	-79.23494757940138
27.048184031194527	-68.75901964551903
25.572797033275155	-115.88861745888723
56.19713976811392	-46.204263542114795
17.712259960814247	-124.36411595061762
80.41270104228006	-94.24779865581253
35.40715009764247	-35.20781588210319
93.74316023566311	-67.50372825262788
72.02608327597751	-86.35448191680888
95.71256472983218	-36.41558897520753
-26.333043276848283	71.44604584266449
82.291767302806	-47.391884991584924
-94.05962418399224	55.05149020023938
-111.55341370463265	-32.954062827297825
25.85147781498869	-109.3349581921909
-76.32397428684858	18.798434462514614
-106.6542474159363	22.371247820878715
100.84500330344052	-47.73400236172274
-111.31659061678657	68.7671706785355
20.89395362531865	-96.58959341251183
-38.70204304456572	-38.32690589972197
-90.02812977215109	72.4303029061214
68.58240043316799	-29.473106215876708
40.261561906067946	-39.10400198770954
63.898355815884045	-28.60260519677962
-109.68067338169165	-26.357094661862867
-63.813410044940525	-48.44834718674831
69.43844797114171	-41.14836662611995
77.27193877635057	-37.27948652739764
107.2581533019478	4.935204648094903
-91.77913547203767	42.434317945765734
-81.89474790880884	-4.580780030580469
44.93321857757045	2.0134600138584617
59.806125946314545	-7.016677503938228
-114.76625886047681	11.835413130630476
-117.8174295898985	56.26362478306147
35.25920240099432	-100.27220793339076
27.951409794613294	-112.01502043002093
-86.80813125964872	41.2397723923329
51.21452014487257	-33.88885280412658
49.59683918625446	-91.96083307655093
87.41908672096595	-28.54337310436408
-31.161552148022437	-117.86145362112953
76.88512543939693	17.007445408246806
-86.33307758446973	18.17068762055251
33.02326689387253	-42.45264538913475
81.37599064302692	-49.946499903495436
-33.13685666730121	-116.89890471858651
40.87810470743001	-73.85944793097539
61.30498097657146	-72.58363944830663
47.228575579363536	-118.92648485963346
-8.034502070320862	-101.51673837358442
-117.11712908467842	10.693966669729479
7.968584865095813	-102.19159540323975
-98.96522999569048	10.78758430393597
-106.11761284171405	39.37970185322337
24.276841817045103	-74.43963475233217
-4.4808601927204785	-55.32483995801559
-72.95805925677358	-7.372231278753647
38.77975088760033	-91.93021164890752
-117.89932076476146	5.1741026110649795
10.076137274480061	-117.69052378977392
56.341913969762714	-75.45339289015234
-120.47529792656954	-37.93553182670934
18.56338891118822	-49.14660349183609
95.67826319888079	-73.68169610104141
-136.10250976999498	51.462221507844184
-92.37702648061712	-106.16805742069417
45.71600581576424	-65.56136439434117
-110.19137192574962	37.09820094715155
-70.60995154231266	-33.93782511317893
1.7831807261201638	-125.99434201533248
-112.4222376503721	-36.321884627790745
49.451965874673164	-57.65100930766009
8.894764446921597	-42.467799189406605
-31.89197991904797	14.62017398430384
86.98673147258148	5.451767437789495
-109.56316383466515	-18.73711101332746
-47.318589204306875	-60.032218464664105
-117.31841959478606	62.46228863353451
