112.21561625102846	-18.079176001922725
-101.73111931208524	-61.587795650451916
145.31761026910172	22.739300114372572
130.83744160442757	23.806248704648947
148.05031959113904	4.8373179157562
-10.842400141156675	-103.87512656211686
95.79116091470173	84.86822567579132
102.90995271201785	17.90371327908243
133.11639789624974	16.85804220105414
131.38358078624054	-5.433845969423412
141.47280142991593	22.114156508994277
-46.62782717387175	-118.04432639245779
16.139271947889924	39.45728788310029
116.16597921875154	-92.86532007580155
-83.96567441907627	-103.16219336499798
6.345071104265166	53.624935111807574
6.579239622886234	61.65181974963272
120.86628046592186	9.040779391641093
-25.534118881753436	84.79028648424965
144.54152033661785	25.226622067656436
40.09093199890153	72.41584427530499
146.374049239845	25.84788400156386
-88.85724656011932	80.14139675952642
145.69744716786187	14.989804105038521
135.69472420266635	-58.09318828273929
91.81344945886529	22.673343813038038
-61.84476092490103	53.64272190836287
-12.39581891786918	-130.34063040121433
146.71816511729767	-1.594559002930579
98.30202985052931	-112.88777116971593
78.58961312397616	-45.02021869841198
128.62578148285493	74.93326109874165
-16.757041143993455	-91.73575875727684
100.94866517295945	-77.80906427671145
107.68695187833193	67.36995998341955
74.17958707203704	122.29503526260673
-24.33327142147922	84.19290142603006
108.78322353865912	-59.8950137759377
119.44942499273256	-49.3401088467023
144.14872247932587	-36.929631222510295
33.500860170825746	-70.7806383259222
145.64608738013433	-33.99157173918469
1.97301923577834	52.783282890843516
-1.8197049056956258	-140.36969231601884
124.81333073627987	36.60467161157884
47.16982353889663	59.831972912867755
-56.16288890583649	-98.5449692345931
57.3229759085	-129.3631123633825
100.7191738298567	47.3818136434942
142.9763834306112	-40.40202325044164
63.54304619505461	111.73301102564292
124.01985266025554	-84.04295966418223
68.44662132884177	92.90997494537645
135.30059476459812	-64.75914659109358
2.1258206320860844	-111.64248624552242
117.90703860475143	65.12662464285215
80.70092980140139	22.886241380658078
117.6029002075345	-20.61471001655805
117.16314075136063	15.445551120284307
103.10257313889541	-93.05734979246583
42.41882577229967	64.69615389936105
14.372544772731697	43.5694134534979
-1.4224076831738734	-87.50652119317124
30.415793725487443	91.45990871118623
96.11942718836436	24.4936758082118
110.07289651754297	49.944267946978854
140.41538735013154	-52.73751336311138
129.11317633178788	44.80821516623584
147.13095472470582	27.574862542674893
32.78993327780914	54.15806039335354
41.92636504965705	89.07524914023959
17.365918847949548	51.08112554736601
46.6824247022608	59.14444281804944
144.7671814420471	-22.57551426264009
48.13698736939839	-131.2584529036248
85.42293662292558	-75.26571414789805
122.92835811001503	46.62978975570244
139.18230799145618	-54.79781653667628
18.31347168699444	45.43863458552648
65.73863634425157	-133.09510050425473
-128.06838604323252	4.194393058469458
149.8193530954567	-0.4328003116789482
124.35797657434986	80.02932421207515
113.78414734615008	-68.78408824874377
52.43183725149712	-138.87192053991106
104.06985236772675	-107.74404935413584
-69.7731283365605	-74.6735237446669
127.54539676910636	-75.48783927529155
128.7629992448869	27.390707563530107
-114.11073924212378	-62.01618381420983
60.10874980198315	-91.55682227794267
78.72142512131067	-40.40615614902736
109.07985278016892	-16.286404889941554
124.76899721648499	-69.62031968250889
25.497181538440465	38.22223196356055
103.65619057352308	-100.0763856266686
115.10066974346344	-8.475661146332898
94.66833730749794	20.6754547650312
138.52774562322534	42.33716320129578
129.27044556230683	-0.8475341184311832
30.25117440246185	46.46468366438306
-80.05196873667441	-60.14493303268861
-93.35915298414844	-68.99848429584402
148.44493706539467	-19.037024110322747
101.94675806248412	-0.26674359376050194
110.24799382288778	90.6889527713132
139.82024231044622	-53.31444796138341
98.1271414374566	-59.782312200197126
23.53471322847562	64.13541106690798
149.51624530366257	9.588168008248122
145.4085664600761	-36.700968904049915
47.879342482441245	104.47156041931451
52.99058425132608	53.626682795195094
-86.0610822815208	-61.30120129883573
-88.99679069057522	-97.15328004345744
121.2133383833738	-61.651910799017024
139.03181737017294	-14.468088846514718
115.65777320795797	-9.702667794472505
8.161623539728765	43.409649557928915
147.89155840281313	-10.088435675770224
83.56777999289558	45.03113055699707
123.42832391349306	56.8009902584273
8.107550480020164	46.53918456928514
146.25421192672755	-14.077150061437125
142.36818900340575	-31.76713422993102
149.75069799052923	1.7493591620995812
40.91472915687252	24.608931394493485
74.88726892332693	-43.61234332172959
37.94608199858867	61.28070056105349
133.54513677082392	-67.95158349747011
108.57233600025492	-71.50054740731345
48.07481014369296	127.16758225114016
125.97544658620679	67.22886277912792
106.15509266976629	40.561459634341055
132.06220484401885	41.83459476041464
136.5624016943659	31.29687784348927
30.31985315243626	61.095402618839465
148.92269137586973	-15.255028631335238
-68.200534940926	-90.50161810464024
95.16172625293059	-113.69398380052306
139.73081397983756	26.155750034372534
57.66910190817396	59.35724532268306
135.28958815997518	-61.18541878055575
23.59889511140111	29.433683844560267
139.92247792696733	-52.01783074796553
118.93894298826969	-71.23716487430504
118.51030298948325	-86.42917415780275
51.28352323202346	42.23373800237398
-72.5443178662531	-7.139735220142472
142.21659464446154	-22.3425893590495
89.77795129801648	-120.165634800022
136.22221262001543	35.17423922711035
67.02995317879203	12.43604270591853
112.90535332635999	50.97755489481071
70.7613721212069	110.91431179417474
115.18045865197018	-41.27775286753964
146.974905468925	13.046696821853777
22.8726341938987	117.8489550390314
144.97598055783837	13.584528588936726
142.7571877542753	-1.1001850472048438
121.77315469573416	-81.72084686782365
-127.75242107051679	4.018243392832702
130.66788335239846	56.27015161778512
141.65502353934394	7.081537215240286
-106.29699052625945	-74.27668347703136
147.49023043725975	-3.466100184442355
-68.45349462985314	-116.87797156559252
70.30195078976924	2.7886615225462896
-52.950590376304326	-86.57907950734501
133.28396850879108	-59.984043123602866
48.01919302172484	72.50720420138337
147.59919001995777	-12.075517040985277
149.06399190797606	-12.858032793504643
29.143759079686614	84.90295091941813
38.42749349004273	67.1854449730561
143.77221835712805	41.8804232743873
111.6177641046014	5.626394302047474
114.98331575846714	-44.382400716436806
144.42274358538705	1.6541026527035094
-107.49033119074585	-52.95622891604667
92.64484863687	-117.7323769234608
-81.747316107496	84.22583503537818
139.40371375485324	-48.72752663990239
120.42092084483517	41.80318498745972
21.778618644446798	48.68348401486966
45.473327278957285	61.3807517551154
143.85991088438885	-0.6538635198917777
127.98629456874326	-70.47930981904173
134.6988453414391	-65.68007407920966
-88.3060291427352	-32.25473606860243
135.32208505154733	58.1640721367657
145.06051406948993	9.812112011272363
-117.11725745384028	-31.699933486619326
123.1024023399234	-40.85794124783418
119.72650476604595	81.37374373187161
111.65340235505423	72.14720690978218
127.63622760059864	-67.92036183426036
-116.83180034958855	49.924047916240056
47.220777975491075	101.75993750716233
137.45493866611	-56.86268397943749
