30.5082531611311	65.63789359370621
-113.18457741498902	-46.72204174151286
105.142171625582	10.730855379518268
2.9872182665600637	129.88581920436863
141.55953491832807	49.0325354014807
14.502530570324113	19.668763276004967
110.39314597045076	-29.641765037206593
148.68300214568774	-9.949056516845658
94.5968129818238	-38.70052636622156
92.08918938936306	14.016783610087291
128.3315118997635	-73.07001049219282
123.78936419106859	-67.2452490434776
3.557202608774345	55.291322215697775
119.81087970013914	54.87539065682409
31.367367838722515	96.22018985159795
135.2212440319196	54.116540886468364
-124.52834925369166	-22.71416537641264
-14.978565056167971	73.79572771530721
16.65701281068721	51.32892836629867
137.91076108659522	-11.397659146349996
140.69437052295314	-36.07787170104914
55.68267372475187	39.868565505312475
28.587496734498853	42.407444618264805
135.0924049920811	-65.19218531840288
70.41300561257653	-130.36252591465532
26.521471333890883	31.658913197489937
80.1955607089558	58.25383350034695
148.30025331032135	-22.04982350220719
69.6213361400586	27.48126965808229
-3.2812524986479032	22.920706740891738
33.6190566490852	-138.19315332916412
39.42600869323891	83.12449115841079
130.03302225312584	-70.85150471077685
-68.6338684712469	6.150290248710883
-71.6797167810352	-31.50347347048216
135.5935396289164	-64.06370324441029
118.93582267630038	-7.680689607081002
111.81985004223134	-84.36049495203625
136.91404110640832	-9.140084325080219
130.92526626108082	61.45090441856721
141.6530726459455	17.53992836803463
144.89801562577034	-38.77775275465178
132.1841138191963	58.58763705660348
140.3981882893232	-38.4840105009744
147.3092509857403	-11.377785838261216
-66.33746929845131	-100.10365322569649
47.02787647520868	68.69627789079009
125.9057053192415	-19.349135413391846
147.12330560609033	-11.275682341382034
116.45946496973896	-37.52054605766864
34.46598815964325	75.50840788475169
31.840089663747193	23.45481806652928
128.60170318240353	-2.8028321317814435
94.6393823970006	-71.05721391876135
42.087183385639435	34.800664138124965
-101.88649777464279	-64.4911888175623
90.43830495595358	-105.65646440185037
141.8281008964363	-48.10470025011959
145.33971929685512	0.2453554003783895
121.00129762147992	-19.111105875455145
146.82843417154123	-21.92723112937129
-40.93949311563557	28.39086041673081
99.35417310360519	-37.188863719456435
92.46422256011277	100.15620299243412
105.0303989037785	92.6140467399957
145.05242250576808	-26.778834266895537
141.82986093530724	-10.409727004886047
38.47035043446072	49.14903861392549
93.84964712373791	-115.72924956509507
129.8079369608438	16.331766640902124
141.00812212504727	11.001169747835363
119.97086864001653	-84.30623678092252
78.60463789555568	56.954296039001115
135.07628683061984	-5.582599735935872
-102.28793423902309	1.0146441447469687
61.87593525317345	-38.75342636110055
94.3986753280141	-91.52957902526825
-58.79159893211132	91.63632680988266
59.027360247690325	46.54953920423634
43.58147944646728	60.499611376697096
-23.26751256367362	113.63028049608175
140.33800191704748	-5.1872816799028865
-82.64179254042119	82.12869819288788
140.0442670260827	9.872937393872872
-65.517401617954	38.73754073941942
18.26324427476251	31.36609034241325
71.21195187686949	-97.57232490649615
114.62902356183396	-58.91082838747353
148.8474827082158	-17.82886770660568
120.74167184189916	66.44691752849309
-12.986523642067118	84.25895580467444
109.08033850542776	-69.62643487369945
-98.10498620435814	-50.870205382414596
-10.221236786674034	39.66904273125228
145.3130435714182	-27.57855170833626
126.16164094110866	-26.338490212061696
60.4035065914642	42.76110148318107
115.5893086677975	89.99925646854837
-30.63677415058353	90.29965280423225
144.19194544224803	-39.110116226067156
14.366876217783355	92.78700608210264
83.96445431784944	117.05888938464113
107.31173098707148	62.87162462816489
142.06722018484152	-42.63226644278889
-82.85469067204572	87.97836366982304
139.7393272595326	15.634043728539496
34.52687921930124	-135.8788792772104
25.683563985971883	-144.74951498932262
18.799965225019175	85.16993964898543
89.06567847069317	-85.9683699972548
-103.60434567858444	-58.385451951552206
126.55761323522711	-4.821174178381527
48.27561414065397	-50.84661587471322
112.78027423239516	-67.63878531405486
17.686945725396864	46.43211262222141
139.00493127585023	-56.065369047833165
136.1548642087684	-57.29185181424581
81.91932362089601	-24.98323676108441
-0.47607335882088114	121.5175855769859
20.72407010337738	47.83458001824116
7.327707927449171	121.46172008126237
149.1479918453254	12.218940459639898
66.66782638873704	64.41119500101458
140.37001374047122	-49.20875748031281
10.745767105006673	30.018285647105404
137.14672544062987	41.210493530129476
112.1722727772124	63.28092465919871
99.39906228657142	42.38489280201502
-77.05595795227428	-84.11226193241457
100.54300633434569	-7.784094481786185
149.07673048119256	15.087807280256294
12.144629427012434	30.806637643301038
122.51303900426544	-62.32481716072789
139.0231333574681	6.767608316969564
38.684879222742126	30.694407022737845
31.642510185830034	58.98915090040785
-77.37855943724712	-60.13818875925942
35.679523166777635	36.52763916233794
103.98189128547166	81.39975737089755
-92.43232554105222	-4.556446384692063
142.2198186794941	27.000458424318047
132.99523611967834	46.05249536282992
16.687490714484248	78.96261171343866
19.96565853695504	95.82296438435915
-100.24120274147849	74.07280364520389
51.464935302475965	87.66036115638606
140.98752873418238	17.194774236080953
115.7704889677965	-65.62898220838476
103.05643790594934	25.389151133486056
16.109379338140666	53.808902138572144
148.9097986936824	9.191291370277373
25.822626308351687	28.706711522317068
131.66282449035265	-30.73945858620738
130.74431940850417	49.306633798057035
-93.67781104170794	7.5020599861326085
-129.42984205540597	29.158994648007322
-61.408357708104106	19.67819218693988
62.81974798639709	135.58486387075882
93.53083233769847	-113.4045446352465
54.73634617285005	46.54684449738231
128.52410977101806	23.187944981475965
3.5465763216303228	17.029618580831304
130.13152753234007	52.513979567819455
121.02746806822354	19.57369916819218
92.63188962083196	38.73921018859683
82.34431907118079	-86.09129274544877
131.87539239075136	-28.246967365385604
129.95854452527516	-59.81339530612242
119.18112015760822	47.026034941320255
127.44370543568608	23.20593098583112
76.91404394339467	-116.67310522555736
-78.72898385081635	-115.56772573739998
102.83745006536903	92.54146894459278
59.81008709982068	70.57218141497128
14.389325518123874	80.1657854533687
124.34007121585236	-83.84519544674478
116.45574162977952	66.68609990985516
-80.70559945011091	-83.04879046500582
4.811429729899827	84.89267978743287
135.5521515401087	-64.23092421228331
125.1857328143175	-54.402008152839144
-9.427197387876198	87.94554500225475
-103.19920196183628	52.0583613250241
9.090663893348818	48.606878327420745
-83.32454523591291	-105.77207113926622
87.08894925185021	51.59914782763037
127.58177621956432	-23.696903166930806
59.97333815646563	-136.9328871718463
-128.2837429845595	41.26726244566516
148.1427191203814	5.321924186217014
114.81660881815235	-92.05331205242338
22.147264476490705	-72.60832892592643
62.20278699017045	30.847910340781453
8.425611338631983	25.85684677153074
-55.8223613749169	-103.59633278584143
-124.27058492733013	31.253224548788253
26.275552656660558	116.72733280066545
133.47094534698536	66.70636648207967
58.91035939171632	47.72278605522215
92.92330519783809	115.16372722573045
