91.5268869705279	-113.65916445307316
29.016437904817447	30.230039613593913
141.49066406851495	20.413596587226525
-36.23979796807398	-78.78378900619454
136.62846995987582	61.217791360188826
131.29236013372815	-46.83731753596642
0.8522419828456443	-110.40089971140078
37.45602685338954	89.75229595391312
110.71501023258105	46.020030900749084
140.84349123463755	-29.585826164077762
57.76764891449323	-115.37658698229237
112.395991821953	83.2084986652313
97.1524229105414	13.697704147814104
120.93418410053155	-5.973671508522184
135.33114583921318	-3.927326312691421
-101.28195696050598	-47.25877784117684
132.3622193714998	-14.198045897602862
88.91277555054161	-51.40627429278972
130.23624927959418	72.00343414442892
136.35306402444456	31.97033439966828
119.48626437196624	-55.45398503208701
105.34804732771262	-31.189336990339243
145.13032630097493	-37.88305662350509
-75.23624349873215	-51.7134135236061
120.35252645584661	-78.6109423595292
115.66120002502338	-51.417455918715675
95.58471880887599	-22.7792289250039
140.3613333082347	-7.989460600271747
14.512110502794561	30.181896038577815
136.86897138659117	-51.471186675144146
103.21429364479806	-79.41531059769191
9.793058077922524	27.53416398765972
125.52010998828942	-73.6141705903473
9.55829584809424	52.353445648349265
142.62002145339096	5.603216328829226
48.78754290502162	33.50938743518879
89.82216067472308	86.14513947507625
10.493329145258127	-138.8393998411319
141.5964443924238	-49.346668716937366
7.07197966659001	62.92773747034042
139.87575462335423	-35.35479250109364
73.97703492368673	12.681310555811285
7.970472609418173	24.416264355554066
118.3486387446673	-47.37924737218074
109.29304677290203	40.70002921287287
146.85574744634133	3.728231264733024
136.28287383737643	-61.98661769568954
-4.8782186115263135	71.68377422288091
49.53763060332351	77.21345338414481
136.03159642239044	53.792460834778474
111.15961532433	97.7642760308858
139.82710579418696	23.870329007079967
112.41507741332332	-80.20787467363479
106.53687861501854	-92.46932041081563
106.00486946140467	52.578740915090904
128.30688739172925	1.3697110374654293
-107.39298979501864	65.84610023349403
93.17351819199511	55.97469259514792
52.439037694839335	43.192403222555235
135.0796837125581	54.82248218336694
25.787634793670552	-88.44868366675516
89.66851472115782	35.43343994738937
110.05415032594935	13.255184782829136
-52.52849948244459	-68.49207667383847
128.54173499837586	-48.43692005471462
-72.19866526063869	-71.88903618260477
133.0214490207986	50.26571051863334
118.21660912021339	82.27863463030826
14.883084560812774	98.25997688277104
119.89742655416894	-55.13718774351375
146.68232430533544	-24.947607031352305
135.33208869151153	-64.49526011410167
33.346374555417775	64.3414560441343
81.31248392731584	-67.69071786734536
90.56231733936865	10.28682206730352
134.8645805348596	-63.48324716005616
-2.5566008256483306	51.56326411192501
79.58253426095892	-100.90202619444045
120.76701028988055	-83.76256451739087
31.66368660109965	75.80415760082283
-66.94814889658721	-54.6820316154108
119.43074593403576	25.817412563217573
130.9122687058555	37.35971725415343
43.518213705815654	102.66527071871724
15.673804528589026	37.459925150257504
42.023170763404174	42.57689295421108
75.39078868932341	27.15530128388316
137.55352123900195	-54.66689085739676
134.56216938788347	46.34889423654382
110.66628866687518	-96.53154196567638
107.13473653541018	-104.65396550818159
117.86388485152436	-91.12072454386305
15.150610971291776	41.15670711931496
117.90757363825666	74.37660010824341
127.6266051550421	-2.2334880263703205
147.30144690023295	1.3976323992751614
117.98655512738691	-79.82336786278854
-7.46601007369623	65.34571378312926
74.18106595293786	29.496740441267093
-17.084754346551595	-83.5802626757078
111.71673337127905	90.99961017921012
136.4627122169766	-62.077259496439666
102.65892578740382	-108.7333194295902
36.233168178015525	-10.529766009316559
89.94016845505176	-81.4930549339677
37.77360796276121	-144.4983477314986
55.24604924609997	53.521360239584
48.77090676946641	137.28581207130327
78.48435273428153	-81.35475108041507
60.985342358915396	29.788352494761888
-93.72097175385271	-35.675511001747175
-114.95752749983947	-49.597652877929264
-119.33280960649202	12.363655086874928
55.66138275245114	134.10164155783556
33.339572387333185	42.50359559191775
114.08048182911915	42.92292998038287
92.88109988519813	117.76822401013122
141.31038802283697	-1.7528201143276327
146.04178326280336	-33.01470410955394
35.100683430402555	56.07499620633416
-116.59276284309827	31.74349220655484
112.63816803763186	61.54238287860955
58.78234543266944	51.725007468388526
122.46039357730565	-41.96615406529777
131.52706077728917	-37.27653569613162
-107.04538656871583	-40.70015140974513
4.513351577698287	70.58358924725668
133.14607087422843	1.2527729790772426
-78.36852600645524	-87.6010750505601
118.96920123942985	-90.61445651969171
27.86744866704508	-142.91366261666562
119.77794497456867	-79.29446412733292
115.03677724599748	-82.44063593959298
145.88803481546734	2.184938310296285
129.8368372527388	-4.7304082058451815
-100.62140220470573	-34.42773824670237
137.3135772588318	0.1812682359249484
11.475995229672213	20.077283363903096
-117.80701217656986	-46.19454172871364
29.125042414607318	54.172174672406946
116.26656643916782	-30.312533402974662
148.09491098308536	19.628702708267916
23.87785175029547	24.882760971152024
50.82114144629764	-4.743807439114045
-91.8499211776547	76.02368048350426
124.59850950625363	-65.58918105114377
48.48766980915878	52.65787763200193
102.11911037139396	-64.8188706081821
-34.515545427246096	98.65779834170138
111.50056830986102	100.05783982988424
144.48729647335963	-31.322649753274934
133.748581933956	-28.74303511734871
-7.1407846520109866	114.69326659830762
123.7632428152911	32.13290758475908
126.26491935970122	-5.954667058659426
139.85863612223125	-54.112095151757586
114.07899044703989	35.19866866367317
94.61124957918791	-76.65445377047406
148.96255843104998	-8.427953207623153
134.7577122476124	-50.245990525177774
86.90627333186221	-2.304934071880198
-8.21371616804477	-105.44775206753442
138.23542604311626	-28.547877300707558
-21.965097467414488	-89.6536453956432
134.69373496222107	-12.750256452483075
-73.90398623023678	-65.28701504535935
133.2099216475753	-7.683886371070779
118.61392123307355	16.828879937244686
-44.4269278910692	102.70912237337272
112.6072160919955	14.154995490419251
-105.21340093764798	25.56567470208257
113.35327258061226	76.44405636391774
144.61695774305088	-25.27229045281829
84.31881268248347	-107.7093189370622
96.26121455975266	-100.48505564012711
67.46874337074085	75.01295230076843
65.11389236243936	58.4609728315103
114.33309293009275	-94.21638424582001
-7.322084351782106	94.57626273264626
93.48595200192248	5.825166227510179
137.78789670832188	46.501002520019796
48.612041867114044	-20.802855271752613
116.73893748225976	-83.32271288113209
10.480161176188902	60.96176789320793
-112.15601562109677	-40.50677957270517
140.92153735818468	-26.133086762700614
12.419719907347442	8.497525391574424
141.4265006511947	-24.255956128281483
27.014656905065703	32.885693962178124
84.25755269356593	68.22305685288983
148.538128856171	-13.998764623183735
-53.37077805420492	-66.34429084513019
118.50575234523865	-67.33548723891904
145.50772591876944	35.092394339908466
148.0617053398723	-8.282058015711968
132.23687185621614	-53.956713592833374
61.83176149260338	67.20249166911196
126.391597365161	-23.787595275635276
81.02876845632278	29.570408046532297
35.98741075739756	61.878017914862376
