-130.5581988509972	-7.357833130040484
18.64623641809175	97.1562184526829
108.20956871573271	16.933431051907164
-73.19813712410907	-66.00124855536383
-25.09408188624111	132.4285180626545
93.71234501168215	103.83819297112903
-72.50386202268054	-82.47705329216659
78.47070642460376	57.81947734985164
23.326794422363196	45.73714701199914
145.56415994794895	-7.413165966815672
22.449931399990128	66.83623377845728
147.28217920326367	-7.258631329510567
70.92935281470801	-128.67317728306594
-122.10871864359609	-52.45093357046347
100.44793154063572	9.146493162892217
104.9052310991746	-20.899799666441435
83.82976333071258	66.86664538071217
140.81352018578724	-41.928034520472785
127.47048540914331	-79.04931628226343
148.9419972338679	-17.3938656606792
26.37108897412493	-126.86153976900921
12.714944313916119	46.01065708528357
69.90018489976865	-127.88432423912728
60.82084460727907	87.74122315801199
60.39856801915017	-134.4466772042591
-54.57104581058575	-119.87117366300109
113.08318243614708	-64.5942805348527
49.227170036659665	56.72801871730982
30.37482543507416	78.29922333872823
130.00758629540317	32.30261088216238
33.856769463085904	-127.94068444284461
-8.546967510015417	-117.96695428691802
17.972757652716606	39.4673338436434
121.26034274734832	-19.50698631330636
-117.1339057815462	52.44003120315998
130.16722911445646	-41.6783187340826
41.89254094149655	85.53316497528338
95.94072367214372	29.248029239104177
148.14351186756303	-7.030555702105325
62.810241963529705	-135.08371328521548
142.32714215265642	-22.632515508606723
-135.72050264045438	37.60531544892308
28.853828826938646	93.35574066207728
128.9116543240019	-73.13569541890179
118.30319692942146	-76.14146210232315
-116.42439298505339	-40.623343146117435
17.144048871338434	58.32100694452127
30.390930407013137	69.7622309026486
87.3796138670885	47.10096881010394
130.74085610501695	-67.39079510811544
118.68318415942763	25.792459655432573
23.365014794179235	43.79669435480802
132.34221379832783	-62.981883855566316
69.46342553200175	75.87876210388228
103.86269472801148	-9.528477027985911
25.321710139750657	69.97783882747557
35.927051898579016	25.09075852182722
108.02560611192588	-1.6930672885233575
49.35101259776124	92.97231028316253
121.99283348300072	-8.809875589400239
87.50429814125415	5.969712624559622
49.559762250039846	26.30304526832551
122.60750864617857	-77.08660712194731
116.76190943614083	-44.94342150911546
-1.4439970313318053	30.152406107905072
117.16715982859351	-15.22739924904044
142.90375710101836	-7.68036866798255
135.42372032380564	-59.980773210106584
-1.046684325779041	85.16128144707972
107.34024880401346	-98.6375106358788
-8.639483874714093	56.971375164274164
-49.080589821626276	-108.0970671751554
118.26972930775342	81.91184063763131
129.03339921846435	-67.22864995186077
18.645165866634475	109.51413780717982
43.84640109771905	79.71540032021318
20.51646911581454	69.86551618089717
19.40890491412635	24.018914720842236
114.26732670507837	32.44917357501491
134.90047704010576	60.13121617497044
31.76851552560114	32.435667514471966
-108.67107359705162	43.98340310976993
80.39772472475536	-114.86448239105789
122.63225976918534	-34.784458458704954
62.60714164322867	83.48553849454588
-112.40754622364207	-26.84967356234135
126.05834844955041	-35.27309740813345
53.41205253989649	60.39356727440356
121.50516182600957	-56.83781169437042
136.55253967602926	-18.982219902929163
-5.4139741140959226	35.988091834012266
34.955326880692226	19.58933673687959
43.855421567160455	37.396832054622124
109.3007622740492	-99.44249543332907
76.88336559376664	-101.87858242077027
121.22627295645462	57.27892630712732
-103.29091204024273	-31.159217953551522
104.5248852587206	-107.3060782382503
117.07061150142334	-92.96819055182686
145.32276061936383	26.369032646148256
127.98775574460245	-60.25658706872941
141.80586256983935	-33.26884972097542
101.26736514785813	-0.5709041286527908
141.48547603637488	16.22367018964247
127.5535825885623	-7.717740256035314
135.3619621498597	13.800753135841106
-97.91926716201067	-51.12388872210902
114.50797011849423	-95.82712267892025
92.61663184466542	-45.92037470394277
102.35142933986276	-92.27500629514599
144.7122777483927	-21.98620752699059
147.2513219829295	28.571464636358275
115.9189388921529	-47.40989222276002
102.8776662415448	-89.2122527184982
-88.20421349638782	-38.3582448677263
64.25356483249249	-29.88192808908791
22.766370538055263	20.342585847930376
66.53384925102901	-41.41057158312218
128.62902351323893	-75.14354269492691
80.45084955949193	69.5757263570504
147.1554570663251	-27.846217765603402
25.74629175406056	50.833802252482194
120.88366006668534	65.50330143998468
127.89731777686892	-74.14301534510851
135.49389791320414	21.321456711862638
113.87376304602338	-13.042114012904628
73.13844295673728	-127.23873852791615
131.19491924677334	10.655594946736874
103.5895328314352	-13.06583455641793
148.05224262688373	17.493945784010155
136.77989121479527	-19.260009230583627
141.69051757407857	-48.25485716551944
103.49093378864384	-84.75688237968907
73.6505776615323	-109.90180572518301
-103.87560907508296	-69.06941283901553
-87.87813049815684	-11.105538403726644
40.42143992752729	62.95693661717949
120.8475854912458	-12.115514061580273
9.171282318731537	96.80405149158737
149.57835995096704	-11.003532514311564
138.1040706241748	8.114947937034128
-19.42464542355148	94.693318568541
109.33992962264134	-102.02720857642203
67.345096243571	-128.4756558737517
115.38240500889341	-28.200292741343734
87.47780886054966	-119.16196364382145
21.324397351022633	97.7571211417396
102.47332872433074	-106.96535042828526
143.04863815630407	-44.12096497356904
123.73860407752322	-76.64543711172186
148.4114772837002	-0.09865395164053771
67.78515300052233	94.05937660812221
-81.83933239900617	-89.32645327864071
133.98199258939715	38.77891796857624
66.25477392195577	77.21792781705356
106.70508263081008	-52.50983235888039
148.3583103333952	-11.816130787382235
108.35679471776756	-102.61841097113675
35.23852676972431	17.14499695848134
93.43930132753766	-18.142124317301832
70.38643304287355	58.408221523948235
82.99382425724507	-37.182005774609415
-38.27364753804241	-64.04561266871568
96.2614281957689	-80.58311431855684
49.09792226180247	96.45540502916238
148.4531575826773	13.178679030903893
82.0248534947354	35.154354419530115
86.20318772192849	65.89692024663005
-25.150105513730345	-79.14296475913056
-109.0393864240887	10.338175015934093
-51.20467781653718	-93.68785065790408
141.81310338315384	45.97113331304315
136.55963265566444	-19.671346508440376
106.50746003466332	27.687762947358948
119.85495307998083	42.21289804844507
148.147358696708	16.471239822213235
18.52714676418523	51.939754958099336
109.89246086671207	-93.89678233254818
-9.63241579733379	86.1887370408744
70.58803350201276	-65.76499337777652
-61.96872400298611	-47.280247434325204
140.93781623580958	-24.527347322527024
80.47271648779403	92.18773554594958
91.07802553522366	-57.91219264490112
-110.48607723142806	53.956025508688754
45.74007402871838	68.1347813258208
142.47286532330745	19.595864411398185
125.32370529370003	-70.45945084041375
107.46389600517523	96.7221695616736
100.98839075364421	-109.49477366880113
31.53183274904724	90.8229618042532
96.06269497573216	-100.59187340680025
136.57219234748268	-42.30737404493938
142.39351342785397	3.9323375126486844
94.60713359222187	-70.45331696831036
148.37636077533574	21.537871917013096
141.6199279358721	-19.69068674284302
135.68416424347288	-63.9514084201961
84.97022807466227	-112.98913819210044
54.17928531708081	69.47410420869912
