10.355036432685871	71.77980506742375
139.32750566962255	-52.894939019354574
-118.70590463931899	-38.68723114245148
124.05460661028087	-82.56572839455337
69.58257820464154	85.41186371699486
-22.19264585753595	-118.10577015361532
128.5798477025939	6.1686151636257875
102.49455431789609	-102.51016807112593
147.90709360343703	2.446930034502069
40.140478240830305	51.83650962602775
104.9904405327372	-88.99711379883962
115.35059592492499	63.371503567451754
-61.046593424865144	-67.10761856709935
97.84051671875251	-109.08226501228825
136.95140290157653	-18.368189103088586
4.461448381619535	32.3033215405988
-42.681563304468774	-119.07358005128117
140.14655296518563	41.2427626881084
146.99704607953524	19.63747169321301
129.1272787972623	50.03936707353465
146.61262497653934	12.219989084923771
12.117773559027716	53.75142021346546
-105.34710000994573	-61.0589473764236
116.15078309049939	-85.22487739535953
65.25093245171111	-133.6976204378951
134.18956774971613	66.34112532056841
29.107191607853043	50.41275733300052
125.61519140515716	26.23845154904257
139.6829989096477	-53.14239243005466
2.222918238414018	19.23763342357684
-130.89764123726482	33.86035363335874
146.09109654925786	15.309926472259686
119.57404620163383	12.028932512669433
29.982077146321167	28.592153710494493
21.34588630829392	40.812334384841996
98.08964472167607	37.04036428798853
14.839775043958173	66.2788819750742
90.6149752456378	84.12691869005815
65.547741423147	83.91781892677739
-55.84767557088855	-56.848117650452984
33.15008674127363	-80.95295326227223
131.00185892280098	-54.66324024601684
-6.721577821060187	54.84613177137406
92.7430783054567	-34.02398083031953
128.29534911681316	-74.60869364378527
121.47484016925479	21.601128673930216
139.8312280932531	-37.135873081425785
132.22838916848852	13.794220055311655
134.13373858806062	-29.505434039966406
138.28017662519358	-55.001202257176374
-122.25360662151392	-41.72730037932005
137.18336746625857	-40.689768333342755
8.784555511228593	43.37770213453787
105.43798193464386	-55.054924015468444
-124.72890557177715	-47.737798078740944
111.79872704149983	50.47718890750988
137.9186804131363	-17.782761870560417
115.04084728529465	-96.1689634062161
141.30597746669702	-49.83208568151399
55.673246227538606	65.72952984684204
82.07670509905749	-82.91725873419996
-15.987887853217018	56.10802740279182
119.94248955271503	-73.60008523167352
42.267108227245146	60.125002238931245
99.57427326217568	-104.37714280240914
90.96769036215774	10.86145131310086
145.80974438342267	-33.095219367578636
130.1606189587155	-72.13778725027669
147.23642818325115	7.292981112295065
20.15780370308619	45.78763320882373
62.20641493879818	83.42032414434227
29.00491148144739	53.21098165699358
13.805496645637717	61.58935777418743
134.9288876979156	-37.09053274597551
7.904384964154893	6.487586166876701
99.23866147264542	-102.19442309412318
147.22139229655227	-0.7009594868028995
17.367755442199314	25.366592823026153
145.86667217593592	-29.727745050901262
-123.30448323392524	-19.71286684098762
123.95307909753103	-25.71714120592595
137.73333504729808	-51.47868204419376
103.12139585538145	-88.87040669917859
149.26844414616133	6.388969540335167
134.18556743753157	-33.802428677309685
119.15242797875601	-11.326738003431988
53.92990996833656	53.27280066457538
27.58758957217004	53.35147397168912
132.9958501735969	64.17085662428966
99.40372485558147	-72.7779125582147
-106.69074021631265	-33.34010006942716
76.19717269359523	45.419716680137334
144.00861501387027	6.682470261763997
51.06114156242106	-122.62847372750358
143.0575960315858	19.278270008501444
129.65174357711373	19.19462735186208
126.22072075670968	-80.99626496802297
32.90013265399538	46.40990132640861
63.44203675069385	-86.32888657863043
-108.52944082221944	-86.87941317764475
55.002474083635676	-121.50398817573694
141.01984988497583	-7.036264109055088
6.058272063567961	50.47990376895103
98.660343410556	60.13178641092455
67.32399152651446	-63.001467673259064
95.89129981801962	21.311840429866145
108.83671244841896	32.736718899864805
-2.9597232822504145	-122.48142584292991
42.24795067114919	106.84173441244526
39.91525025029139	-80.82955530176571
-106.1130388993342	-25.56281479508687
77.10358769960698	74.75616264393797
134.19619967706802	-44.20208619286742
149.24185543495236	-13.154545370475532
60.40216162522978	74.13910810544927
127.9750439013808	-54.59792496857351
91.16698740689768	31.237983842253918
-35.09765062236812	-111.0472475909597
34.63435177761872	46.48526031967592
119.71696334191004	35.97710275353815
133.06855690989585	-10.518822979291025
118.88528447725307	-14.32248687023193
64.6905448967546	78.87503746466228
101.63852754908696	-88.21262990586911
138.8301327411356	-8.90746295202003
29.30282214528542	37.33503441259064
-95.12572302797196	-45.15289385229332
28.29097346086192	36.37798467482809
102.975292705325	-4.475567668790012
71.07371388145239	50.70983572527469
148.28122032766677	0.7792255361006272
123.55746868352291	-84.47492013744099
139.2281101827496	-48.7401045136097
146.99396110749805	-26.04765479028409
-94.04649179768819	67.05183635861697
74.894985534496	56.18567058397512
43.01989803066475	100.19562995075887
-115.14787502868212	72.1861974610813
76.48248955078111	63.13290759166927
136.94567010273076	38.90407027178859
-86.24878879832333	2.453756008008265
40.94945712407851	64.31491128750702
138.35308996268265	33.3811219344858
48.50204458535243	93.29011247253828
131.84214475081157	21.539059524527236
129.25953787234693	48.052787281092854
124.09123660224365	81.11494937679608
-70.64056232014586	-31.113584082749682
35.36943296328147	31.35543092796211
147.56683773325256	24.381744000761287
64.35686070320858	-96.59400071097714
143.93938783916155	12.00114639062341
47.93446781617807	63.164121896739175
139.02503039014792	25.56485416581759
121.70456776727734	-78.75464726032394
74.80560064001784	59.0444497611359
127.85221197470521	-33.724678178240445
47.69588413592929	98.16262010657509
110.45334268626475	2.374708288444166
-14.583919506567518	-89.33999086310962
122.77902173841443	57.5968325628198
87.0842377045573	-55.73807175106565
50.611506686008745	27.672825063284257
85.39129552653824	-123.18613810868551
88.51744382665458	62.57904461546366
135.92597659672228	-44.006876726319526
19.51117214734986	111.25426068745972
102.97506695221787	17.551610380041886
39.795847781592	-72.91919395212842
27.2567201565411	49.690068423100406
124.82360174251791	77.35184413383347
-86.57573027101674	-34.59079776789027
103.96829489592018	-103.25114021916515
145.12043059447637	-31.75654227878478
141.13676390783806	-50.3383921104522
45.477392142457134	66.70045650529538
-5.267176736175083	-118.74623318890512
135.76426217502907	33.29622778259252
68.76229576588496	-80.24062679238259
148.82047609745015	4.364531234812339
32.29659611819206	78.55010545344837
138.0024524917251	51.68210527321947
32.62700569808887	95.70868203534134
137.59790399585808	-52.99857117564596
144.6053076099047	-28.72477269518432
-89.13110050603653	-80.32415956019682
113.6975079888513	50.05764891706488
-109.42680309350429	-62.72129035554182
147.6660652681882	-3.7842223379668147
22.016978627218627	56.04522746603889
-76.05510199387656	104.1283820311663
39.39101834442599	-54.41797354999991
77.03369288854128	63.05029521439048
39.539807766421966	80.40140859792326
140.91182803515747	15.25564745593668
51.24709739143367	-84.33859467919615
138.0845898430534	-9.39140209584189
139.4007941342521	-41.613289704826705
137.60096153510958	-57.669132733112924
-76.376324761083	-68.82497943704423
