131.69437923020106	34.6358484542244
38.23626264807125	80.79637386307984
140.346704284878	-40.38725762783753
126.66964904283458	-13.382359613143572
145.93431347351077	8.85007108037997
23.828665294749616	66.80112670634475
148.70569439357956	16.064357412814953
-110.35234458150777	-21.093807687583695
13.041663854402161	38.99251233778463
17.05780658055168	38.89211593593255
44.81613454359046	72.39818402392766
37.734975318631655	100.08339913189141
5.970293351196981	84.16737303042038
4.35248800532023	37.23607574530095
145.30963041276902	35.6262685247197
15.351835218171649	49.99042796951751
139.59586413856215	-54.68410313870327
88.63441167385288	16.640296213412533
59.98840558152112	105.54980203223508
115.04857997322395	31.209426174605394
120.81198067475457	-84.37730063341589
130.856048978511	-13.938268092715548
138.63428237605808	2.3168815151727196
124.14434231377888	-36.84441826740047
-108.27061467560635	-76.34650721088823
89.67492234000356	-42.61862613104465
52.227430767908984	122.75953111282662
81.96251185609088	-125.61256423274438
111.98993306560966	81.20704609574993
115.76783737336996	-87.28449765678725
-88.05213860345634	-62.75239574881803
24.813213419088378	103.25240350883003
124.1957106852769	-55.201381280168626
146.62973522424346	-13.054386356436387
77.37575191866094	-106.00358433416712
139.09548577374395	20.81467721391404
141.85517233054668	-45.31906012035983
126.7696227096564	3.6896809472573144
-123.76992503377457	35.807106518992995
94.34146203429948	-88.56301723031167
17.128974600878077	-92.06241318755475
25.98449539327602	40.581954903424275
120.71893072203268	-88.96919597682357
47.29798709246752	56.44196366259199
28.94548917145118	104.35407946763608
140.91380708136305	30.51306422763449
28.294202653120074	32.03603264116479
148.48573506886123	-4.858173944451091
100.26166241074793	-91.21887497999252
129.0482993026652	-33.69954670636189
61.62943263158035	-65.410616952226
56.64023703780569	63.586073419724734
-80.53809114583952	31.461818357402354
137.8083969590051	56.14969164357731
35.57376423334861	142.44164435492368
107.0261933580451	-103.31010247710074
132.55334021248993	21.74419610726903
133.36428107680885	67.25667051253642
33.07364563528011	61.20887223818298
113.23856091660177	-24.84524117081708
107.03012821743717	43.18894829850152
149.72674804066054	8.518827575970969
35.21284359228701	68.69754575935444
31.61982923365567	21.691923857586264
144.35934190936553	5.849943672240232
110.74967281407892	-87.04157806114588
110.88874716664942	-81.11125414756665
147.83407302015033	24.75137653158148
111.10098897047725	-18.301174383450274
4.956028927605897	-126.45472883028178
143.45981774565206	3.0818288574561916
129.03805394213828	75.52410707382484
-109.20585765798657	-20.61837644496457
-51.84410399871171	73.2076690052716
135.2308990863432	-64.84359692457913
64.84751024917888	26.388594680455803
-105.88653378721645	-3.876385906351467
133.4803053745822	-38.91285235024938
115.24517450639162	-79.19829315831595
75.88195336107944	-90.22586717582357
-102.53835908895803	-100.04228536623428
131.46265889231177	-38.7402591411883
-90.08541694796826	-7.0519929047177685
135.20966660933226	-24.119664801855574
109.64534777942664	-97.57891923793754
120.66250735999941	-66.29492954019116
14.48164662641902	75.844056001759
146.1537132113196	33.55676151982151
16.555396047789856	95.11565449553478
-68.9564782410988	-114.98404680657673
124.04502533026819	-77.05356577191154
79.33384350897951	-126.60214628267711
88.68162632603185	-88.21996894223203
120.20525250818933	-31.284068758862045
145.19894099464977	-27.508080040810274
129.52199462352186	57.94340687690229
9.34565742346568	74.99391460979606
145.80589434048753	13.516944860479084
124.40381804035448	-0.008781144015202108
-35.242501974379856	141.2869900571281
126.16437750100458	-69.43910923380311
35.586252947549966	50.041132297689835
84.59231068836732	-68.34107108086026
-119.26085182942586	-50.52911138447406
140.73388911996034	26.936047512251985
130.26192901905716	-53.86546134871326
82.45426326036367	96.79215860357056
-92.82538124838665	-68.98924959860373
13.325677985643008	24.82587483792766
-91.3988015625988	-81.78112200462962
19.59945419401513	77.55701343128256
42.38449157368643	35.542183038471926
70.1231101592084	9.196397384941466
112.23760241456836	-45.709584430805876
13.566749280127528	56.35164374114445
139.0221426567437	22.77696032310877
103.00659431373708	-67.49936937955951
4.634836249370824	73.47496438457472
-36.772207784432176	89.19984290833163
135.53484954944147	32.753475186487314
81.76122159878048	86.77960407972782
68.65407169438627	46.63992164495581
138.43726748535332	-20.061965649220504
48.93560044471704	110.15724497063222
138.18515776228753	-24.081306415093135
-11.229592960182245	88.61452153017318
38.77883872741482	69.06580940099263
72.65597186842126	109.93563390500061
139.22239247175906	34.36512254739426
-103.36716227108623	-25.78449997204357
145.80613311934565	35.00732718208349
144.34493737854888	-35.25248015529191
38.99401462639431	78.53210017449858
138.69237512368923	-10.931010404594598
143.70385119018286	42.24724370174858
133.51199666196038	-41.61545700582545
145.327136836178	24.805382742668336
48.0401374312725	97.03975606933736
26.794551511189635	91.16588854096086
0.3913678430482667	-93.72260717615312
124.02855709956077	-26.564277211466464
60.44937204749926	81.4617992877032
129.16416678654747	-54.9131921304742
130.75988849103263	-64.75169883688919
33.99956333904466	62.74385720482584
42.93564244194231	45.22483707617961
120.63285435149422	56.638547434655166
131.1186451769951	-54.01140781052648
132.43578522431721	-40.90481435382283
82.99271825839304	-120.13766493215734
146.73690617382064	-26.80867768005651
76.59603610985553	73.2546457265115
141.76645562331433	44.71318922113011
145.966348365773	-27.06609915167245
145.07257104551255	-32.91339711546786
129.53365740600046	19.64126443484971
121.34738634162342	88.15852334117353
146.96259172059442	2.931296922565507
24.31856605822992	56.12290495608684
0.389692250518004	103.34681976198698
132.32993481195282	7.517452305196582
111.15736253974026	6.37623801102418
112.43353715194954	-96.07936833363308
14.016923620392017	91.15474744991522
105.10224832361335	37.72984743130984
-90.36881854432183	-81.0811932650146
104.7944300100423	31.09685865817962
13.414385502155707	53.49467829565766
137.2071949089636	-60.44133544081847
143.90796576754659	22.389506395764815
-8.67161490073387	47.61633175761777
89.44581168759989	11.805517390497727
-83.18197312569616	-39.83961050452884
24.60158180570319	69.77002943662849
124.83351064348982	61.87021675231556
115.0566102735875	9.071394396789051
-129.65583195305155	-19.88102791157681
84.95395509697171	-39.02328119688051
138.03661998643517	-7.350441224788301
143.31779689356006	-20.710314309626067
140.5675774671606	14.338663604544456
129.08362012876486	-52.78424368336998
12.465235314124667	35.140933316271706
110.94068913354361	95.42090440095842
-85.2005040788506	59.195041524204555
148.08199916737058	23.33393492037063
-105.64361263501839	-62.81731130165184
72.5599815271052	44.55191254229169
111.91678625334616	99.79322977229302
-90.87979088487856	10.719878374712538
23.304319730681605	73.30042233302892
131.04515896234653	-45.30097486849155
105.79730926069908	-37.64037156815228
128.19204160002195	17.789147343538968
-62.85196301724036	121.79801169812124
139.59786902509418	53.720037104153924
45.154086021922325	-75.49266044295082
127.90158013100647	-26.807097177156468
37.516804935268645	45.01974873055131
147.37147400366294	-3.8160653112451564
