128.651956365292	-23.764670965835585
140.53934747806747	-38.617372634105
60.5564783438212	52.790884016115875
30.70367755465614	76.84513372793631
92.81127791025872	84.2534488703026
111.57936060825668	11.33553941596961
-16.156145907777372	108.80212866662322
20.429917585049473	56.72390251057725
106.24261566454395	45.690418788441995
140.48429729947094	-52.41904950162642
101.62976691620143	-107.38421616949464
116.08259767043796	-75.67655870424242
28.45592843582056	49.428935326145634
110.71116715835595	-31.904686715948028
107.23221526335443	104.73469877870448
130.41262324018277	37.112892336825134
123.25863390015056	82.23667477624254
145.00103423173243	-3.8410551541699305
65.41311921623756	-49.010169553319216
129.26265698232746	-76.04097144452608
-90.10204699914978	-23.922132377836785
70.27901454611006	1.7547620002878097
-100.7024927974228	-42.037257573264576
7.030105939834569	85.55908152447871
133.35893392851438	67.18226760003508
61.00792169694712	58.761427989856685
137.36743154615277	42.55818806223662
41.80392136253847	36.53884017110017
14.274561155630618	51.577773972727684
53.23687455390101	-127.13790741850129
142.20824861407175	-2.229162631418293
138.3598135160199	-39.98157669119185
129.76989431245497	-57.28804417070763
143.20482569316155	-39.23680476624924
140.45564501733008	-9.743513316065998
97.42316515009148	14.127599394878859
45.31709899440603	-132.38456258806528
64.56893353229381	46.49648378193998
141.30102570238222	-40.083309505562305
135.4532302391592	34.47517276087276
98.81708939941656	-70.3059202726184
139.09363886203076	-51.94096201665395
75.57284069287614	-114.23430429236743
146.34167944677222	-30.03815715808165
-117.24059122751613	-11.144565403563082
144.04939925003217	24.59843388706668
17.170689504530536	22.899786904985756
129.24621806299163	-65.84093079721691
21.06389895775087	45.30196880798514
64.7882806678104	57.84289609674734
22.349582483829238	42.09169581348866
78.4606904297215	-126.9941564954477
100.42437957558488	-108.55189513456237
141.68680501567195	49.059036561390535
18.541229113644512	83.64013274025731
145.44509285208375	-35.9633662331521
137.75072241066772	-30.406007150066777
140.5712083557504	-45.335132642469105
40.45080013564487	29.96696678782435
10.496301994265337	97.21463931704946
138.8604826169146	17.91775325934799
23.103595704726224	35.10991118844703
39.66411338797595	-43.38763680416065
124.5793829699768	34.11900151241345
98.96752837394794	-78.73582360556505
-77.9435557134362	-76.88914167017901
29.688313729884747	53.849529181292134
107.08191333361587	27.18089439732722
-26.6497983850808	64.44801109737948
130.30766689837043	9.562133150935875
63.8594307448443	68.97598955124477
135.79171930730956	10.664917630858342
137.97199426781464	44.83438488508365
15.712292549421978	58.84049955562714
-44.98735890980421	-129.94948847237112
28.540490931294052	51.62487933474442
135.93168660878518	22.719310765002177
-19.937588434920464	-133.75470786643288
37.53578890967001	59.10343787595395
57.028521349306246	22.334542495766236
-62.94941406608318	94.53578358704627
-96.8647748647506	-8.949238441608086
142.95478474703384	21.847285124850373
129.31607530840188	-24.690601758805958
125.33815663534074	-80.94005473950229
140.971820933364	47.81154935633435
112.1065317833883	67.20655951539001
64.58624734517723	62.437050996668994
-97.8497988638163	37.29863204893414
-73.09479584398338	-49.53222927306227
127.42052155758478	70.0537680837533
148.6534009749337	2.8626346664139093
-77.9382197715932	-82.48736950285321
103.07249874978744	92.50530183300293
1.6139659543333944	7.524535478369922
139.0824760373284	53.21931392877624
-88.70704303934876	81.61519249456094
140.12538690164504	-21.75835775146373
103.27789141527629	-85.36258387092946
87.98192857766354	-121.11880449579643
114.15588115835382	-45.9349553530864
39.76628632740614	35.83471086254181
-127.1012603998559	-12.820149050053057
92.66408206183765	60.04563073241065
135.71820885854578	-56.65650160616642
107.38284095962219	-96.38284365963426
69.12896435135966	121.00701906758133
-127.09355591366845	-53.077971567397014
132.51696985956784	15.204235862390773
66.74739579460402	-104.6126002121724
-19.29758234254882	-119.19588426929204
29.46047826609175	73.35491415616907
127.88498817997261	50.25488719914822
94.47372778068357	70.73187804298811
-86.91573307691876	-99.98157772061442
6.49085529334183	29.87194410666683
45.32904137717819	22.843343463079655
12.64244039426468	55.09193358784976
138.31504681915072	-6.474828219996369
128.23268336017605	-36.01480736992797
131.64292576527433	19.157489621948347
-108.61386330630772	-27.80125693892282
101.60499172547591	8.806610804412943
126.08806994702192	-78.23445399741055
72.3237260313198	-92.01867406840239
41.09483271081235	107.02706465496391
49.32377784335919	60.00955866141714
82.63401800117266	95.90479568267273
81.05832323609137	-59.99257566532379
-128.60745802511525	-31.93217596166591
131.88389296274352	-60.39053181505572
98.79486969120026	70.81547538259863
129.94600142075578	-73.50495914737891
81.42969142558168	-26.628093685786357
38.64214137098467	65.68937101998073
129.66795484690277	-43.96440886986647
119.15828917724134	-55.60520218389896
-84.84198799404011	-89.04444470049873
132.6570382338234	-50.1839092280089
38.86227127233375	74.26724364606473
149.3376329860631	4.123982107133791
108.93823092930373	-97.90076244088866
121.56756124178324	-45.029132905860834
142.89777578959655	-45.45807333333707
142.91230278678654	-35.97745177740548
103.56434275675181	-99.94809156855014
-94.07877198084128	71.95769134912445
140.7463686896757	-6.655202872961089
-117.30562303265222	-26.733529273065386
-50.25492641506973	136.38580319605242
104.72096820926129	-80.5357216875535
30.13008348719845	68.51782577345642
87.20616327906626	-48.49733761121114
-75.77234197302893	55.70231691532793
25.478920082030758	83.52260744285117
-82.96801188720703	5.842317229489029
128.7154049847248	-33.89955495135406
137.35183173988847	-12.074795345323162
16.996003372255075	17.57709377764692
144.81736775484504	30.57118558578907
85.86239324676828	69.06669117229377
93.31376297636712	62.193364387488366
12.53532860251202	97.5781501891234
19.208060084048164	27.889833596027742
49.81569635150424	65.6604467582938
100.34530047771815	65.89483422832647
97.92908794558848	-87.48237161753713
141.0098593137747	-0.8800310915627517
-116.4688981885509	-29.165770662072628
12.006809774988064	43.80758292511454
101.65581197526139	55.621766781273706
20.021498108690164	38.58694541080404
142.46530973000668	42.28685819735461
113.49063737285692	82.37201361131996
102.89081293142713	-104.46023028891119
33.51220922779619	65.20285142540172
143.37908050002147	0.7266857927758104
103.45664646461893	75.83423161571008
-58.910083478581974	-92.35689726769563
-37.342244434509	-60.41529239198857
122.76606156741559	-86.1432848183797
142.61035354311517	-41.05369174108746
136.52982429091844	-54.619105874116336
148.60696602572082	-13.495831563242037
103.586758432046	-86.98679557164967
83.73792079452737	123.08887931352814
136.21181922029388	-31.256207956179793
-80.16055374775819	2.2759965289965924
21.00883936263458	76.14165594976807
143.83921543119737	-31.167570712673697
130.27199324371227	-66.1922932060306
91.68127407757353	49.71851818568293
117.09779614234849	48.994934973683556
-102.58639766594625	71.19437737040103
-125.6133641173375	-38.18008508396166
-93.66072436969367	-61.80276264117713
-112.89730389981327	-71.28386803180074
105.30145307837724	-66.40658687583044
145.6040731922146	14.210525706869436
-140.376427176083	26.524706888474338
