136.80308759481548	-51.84279878632922
-21.748459421131063	71.20373042981402
-100.29355292696714	78.9340340921648
49.75228630629226	-90.78780736870365
-88.46974680875064	-71.24443288837915
143.68013204491487	-16.73789666006356
85.14411600698642	-121.252858073905
148.9962408364371	6.320241626970537
45.245253892346476	-141.6473363313852
103.88524445134003	-67.53887557260633
43.02428911729927	52.63523469990473
130.22149816985583	-63.65148607646257
148.24998142757457	4.4563672065585385
57.287523614501815	70.88359108990807
-5.241655811363022	106.87494346897853
-13.957412091512712	-89.57222052965724
115.6500468730509	-81.32398871402597
67.55372634680617	56.33641364939409
78.9068050788247	96.67908351764467
86.17934823175507	-23.359386315919405
-123.94830561572749	-15.992101043179701
-0.8629346447136667	94.87324449249837
132.39544618191943	-7.214614097041005
101.64828212774898	42.176199664004805
126.43999189466628	54.91761843597931
42.81775114004789	38.902778472129654
132.31979201227708	22.761082165319912
59.27049387207907	52.071755806385845
139.33522983452968	-3.8672038583903383
30.07115701878787	65.00187739158756
19.82469898140166	36.61664579118709
103.31896677018598	71.72346201139906
106.59452404529962	-42.88801071060378
-8.833922242358419	29.29632823456938
145.4806407577509	33.58078481851507
38.87065187124736	61.25140043752538
146.3545992201015	21.149906668754245
66.29180631756584	64.18948193193063
-69.60615577754548	-57.10721089575894
42.07793820273638	36.81018117917985
125.571250023534	-72.61024691999756
116.8660659478705	92.3102042122498
102.77702196933238	-89.56066304871271
41.34920270474021	64.15603885732077
-4.9094280838992415	107.76627527391119
102.31713423213554	26.124525862223088
-108.11279961287522	-33.59231295691192
27.937480702917743	46.192732125021315
22.95943060934885	66.34618896956593
21.006262460026715	52.159725855796886
148.02579859224028	-7.728443830407888
-7.611844944054933	71.26287375731319
137.00880528611708	60.65007010916347
109.08316880460863	-85.60042619498634
147.6406054134191	-15.156269195600977
147.86425366686626	1.8747092658335818
-3.5038101565803332	22.24120871113107
74.51799342592855	130.0645987656305
-77.41916450292678	-39.09938098807359
85.17292675521587	-33.55537879320513
-115.27561283109513	-3.409743191271518
137.39453969314513	46.506258734414764
111.77320825361993	28.5296774569152
123.68224075177118	-40.83764287552608
94.63818179343416	-114.01348258950338
93.57682818152784	-116.52293927568901
-108.690233268982	-37.730574313815744
36.48012647126975	-49.542252565386455
135.288008855914	9.904253416087592
54.90013343207509	-65.50800057493163
138.33185352384248	-56.14007801663393
121.53695953151824	47.99197562076698
-3.3939913527417818	55.63654917915469
44.081878570451956	68.19636133282542
-109.55016896617309	38.37842176894278
124.37111628559322	-81.76603537160817
128.7168498303811	73.7883855859905
-22.312129232205802	74.4850739706711
32.0683552870378	57.00949985599875
126.55867877623663	-14.507222344033742
42.75991216307018	74.95979437575444
113.1282681347815	-90.01677105462885
-98.01552357534014	12.258029307396434
141.75630044990942	-36.77310616944697
148.80902015227954	-12.733725553440925
81.20612706782227	90.93790367542209
124.35654554622631	-83.79329587012933
-45.37128232998399	52.984491644585056
71.12389164918254	13.372125094225824
148.18956711155548	-18.006240494736538
135.2255575087833	62.02568408249936
-13.778304792467695	37.87778158841161
55.48204717528399	-112.32769156309762
-90.94641132923957	-62.23702185546573
144.63597527939237	-37.0375289750719
5.954787475465694	57.99993694271293
12.24579601897032	48.313719370348586
47.23220898183698	29.441804952165366
20.08491561893426	88.76227506813518
135.5853814237076	62.65038589749947
-3.3679292349344188	85.35845073460494
147.34927202458536	-26.00007881256258
93.35514514233287	-89.64540491501181
139.1487902125078	-54.09625061680733
18.33392756217867	76.25136088416461
2.565832741865417	102.26469579880548
95.35160391846972	-23.03620626582094
103.95059148600933	-30.456204472806768
100.24911826893678	59.59889889588268
-2.2044968053463037	68.48944602988672
137.94309491999815	-15.053115285244967
118.8688669138591	36.48498289950994
1.2484020195176646	94.22506115180707
118.44202346469912	-72.29486999808528
63.23794677352088	-82.56728316697645
-62.785840915066416	27.6086454035945
107.7740763741599	14.368105030853513
143.0117633713967	-28.16289572158251
56.30064276442619	53.64794928924974
46.33263794901353	38.272152023429186
15.701703701662094	70.68903434419224
-74.58484995731204	111.33932244540537
8.996146357191831	56.37733222579318
139.9278307446711	-52.538097868227155
94.87012984420349	-110.07358978387573
69.41389609200459	-16.11968518894954
1.529761792809923	37.60468479817789
122.46833997333117	-73.46346376594614
95.29838094209997	-20.978702510586945
-7.117438326998559	-107.24934698975015
141.2256930435336	42.47670951421109
103.97038039898621	-104.00572483411122
139.43884212656536	-29.86376899718456
-117.48502055412031	39.716508234960955
-121.20653326024492	-0.7759765645304151
-99.3307395279288	-60.46421920881512
50.9758271054985	84.42683398262716
42.32653473048731	14.938027828849542
119.86328127569071	75.55813386285233
134.99546716030218	19.24746662881837
99.38206064923021	-27.409892641323903
127.82634350250042	3.2886857644808325
-1.637954035363092	52.399142852343516
104.3626020050649	-45.81575515732061
139.98563478946886	-34.67501108746079
138.77462603809454	15.536748900866383
-121.89705942971442	-44.11762567236711
29.587063673068236	51.42869353500629
134.97566067794776	-64.5355618064172
131.11254823935957	43.48145092308958
134.65767665622317	43.450549099463586
115.26924699530302	-76.16853332698105
11.125896094493966	32.76374378728408
9.146237422732518	78.5131707841872
40.98063771580908	60.47863330105544
148.36737721972239	19.88285653819803
141.2522563603877	30.717582771375145
122.30850828816858	18.422646684238195
-94.53878323417247	59.112890372907344
41.97880958003848	23.07567571396759
1.7294574227611692	59.5277795916034
64.37501755382067	-67.70534432298716
2.224807716016209	100.44283646021238
-124.174286754633	58.936633430818695
132.89334222776415	-65.35752982230703
47.3772871918347	54.51790152072352
17.32502513600346	51.10948347630287
-115.65385296052204	40.747185023016264
-128.10755217848194	-58.854789099836694
2.2688515416527144	54.40821762776363
133.01132759932304	68.40715387456743
79.4018380361835	-126.49850259638353
13.973484606249569	-123.35571853727537
87.19978002355042	30.164637686567442
50.64821822515016	40.17800596075201
60.27952276117312	60.54658084804531
142.70512263426411	-45.63940514115508
149.17973701229187	-15.343466097882805
39.93066004839027	39.165712316599745
115.77987687600842	-70.91384334234446
-104.42808513198368	-77.91813153320726
91.90038793095252	-90.98338470229417
80.15173947986331	72.20428671969395
93.36415314639744	47.251396487263825
110.59067401154452	48.608027824308515
138.941621918372	-55.759605280029405
145.82877739831005	-24.017130205151993
40.97392520163421	28.209942342675728
121.86140361835784	62.78055790203671
52.38807606364325	72.81448174802429
-11.253401826760564	-108.39277429588344
107.53647201588944	-69.94309939836647
-117.41185648235395	-14.296856801548767
133.22051809701566	-52.41957210279989
63.816316818111915	55.30640654822738
-110.74268878586486	-30.591814164742644
125.84832577411916	-77.66235888015927
-24.068146855541492	78.39721401176901
22.18927516733734	51.19567404700963
32.142452149321265	45.70373456254298
