76.42316648055251	42.73626189406565
125.14135846617103	-49.37799157257712
107.8757593479087	73.12998753003438
12.485609378310583	58.19642794213795
142.27361182923462	14.167849622428683
9.650069347106609	41.15694312506502
-84.19794072120663	61.852290800832336
144.12836215827232	-9.976661550798955
120.31079775687554	-40.49971580450033
35.448791766926824	66.3515791083925
111.81017955157826	-49.556380006035745
144.28193847819594	-40.400863097569975
-22.4524434971094	74.83616822677341
90.70643323818301	-20.201878279294416
128.26412459998676	-4.343797173180248
71.67777702672284	51.34923163110053
29.28763007927683	68.55699760294961
44.72012268250964	5.842618060308359
138.19436778522092	-16.47975931802579
-80.02960971624925	95.01678087190751
40.30963173714445	50.13669160740264
4.325195988344728	59.176273711031804
-128.5095246511623	15.44722830167034
142.55756671832526	-46.11158850592814
121.50652799117624	-86.21412042332776
-90.82656388395058	65.74954033868516
129.17583321219018	69.97974995605037
5.816404646151258	124.28746662740667
39.495025414981455	49.747337890758835
117.56614660184484	-38.48449161272562
-73.07798836518297	-93.50646726367738
87.58957851524148	119.71691491109006
125.49110278766679	-79.43838183180411
128.24260114956812	-30.84084539794435
149.01012584337067	14.765785388777331
-7.988274658969118	101.08565945443601
119.79606881118538	-84.59023350984073
126.03039201933426	11.15373846730929
-132.57255731655164	11.949019097084548
29.8535839912504	-123.32700238674838
135.0248841673469	-52.23406297669977
137.54853020347647	43.04720144783777
144.12928565181275	-38.265516392030804
149.4640529850659	-7.060123563297276
132.49953800520052	68.53484179141186
142.55425624833205	-2.4356111369011333
131.68549063396122	59.830018742663626
135.59868479994503	-2.9019552304179626
75.91422772189637	65.4716509911134
142.80680207741145	-9.288961449542956
105.5415318510183	-90.43532039739262
123.30671971985704	5.102442289380164
113.84108438181838	91.65452492364072
48.66182217050868	-137.2891033309948
44.298630327312274	72.04073491976331
97.6151792697305	9.586347323181885
131.96165815696065	-60.208542364842984
-100.83361503386945	81.06005525203989
122.89276063683506	85.70118413509039
3.0400590364974507	46.998730982935676
13.064562282643145	79.91564929649932
-101.2434004635576	-24.468872414094527
36.3678426894789	36.87094573553832
10.034696923624654	93.5595186438476
149.49027859152292	-5.897268343106235
124.92415641383758	-32.334304964828036
111.93280561889269	91.63067236130837
12.379206316520037	95.65513369178014
-8.087499121751218	98.8241537678615
12.072603749886978	50.774646823695235
109.37490359583	-94.89019241534827
73.260227636684	115.51227816549651
86.03865359277206	-67.80711357649295
38.59255043951955	37.84510323489691
142.99507611517834	18.176724790717785
118.3042280373623	-7.0345015797255535
-37.06831029069724	109.79005479662705
125.41909823710691	-75.03946491336335
73.91434044367186	-10.741258849934605
45.738889184600346	22.71126938685474
120.75979628253003	-70.3236017654882
-103.86614835016076	12.695902623609864
-0.6025454783953206	85.04869356683332
141.44492861417368	-38.39688240906959
115.94404476558829	-43.04108719605671
46.212017615586255	91.22182674988012
105.88956986349048	95.21247553871484
45.83913666296735	25.122938833980328
147.78035372254456	23.901084077334822
48.11810541981689	51.63631046288556
-91.71831694172386	21.589910266986163
147.9955176102027	-9.997887062360363
24.361754133716087	17.922021212810762
142.19110263252054	-3.025363705560972
11.593701624298575	103.5279221923231
-99.88873733396154	-18.21568574913613
-8.5163335009396	71.91382573877196
74.21341925432937	-55.584044048358116
126.54964652623337	45.59346307214795
106.33512529234	-59.169512415234166
51.42374142510361	57.07344873670412
-63.11718400978728	98.78915164076355
78.07476585820426	-119.79396074012269
37.51141101254901	35.552456371619435
144.45252941753455	37.12508610533891
124.8839395782987	-70.11419014282825
-87.61472606743015	-19.975633943066683
52.56071194028585	32.465412373943344
137.00316004005055	37.25859385472219
66.29662072995664	-94.08039047630817
118.75168684447696	-35.417124787983376
53.34822072717227	73.13666739496774
40.87730698603069	44.531552945839074
139.45508756604772	-9.353667965043302
-74.42899311408186	-19.261047918845044
116.59154173329136	56.76850149369047
43.98908605944302	38.47805105520808
117.46997632506532	-81.17173512350779
-115.36211861302523	-47.13889718788759
92.48414891284787	-91.2641902715381
-77.29552339650586	-113.51257592112549
116.76226784764694	-62.92473572897156
148.1090701298134	-23.42991746056459
135.1394830860192	-10.855031379676785
127.90353729565521	0.5942206349428417
111.87875577057395	-51.521277949477714
125.39114607793474	23.371508030779943
135.08712822299856	-38.45700077133943
140.94128100698924	-27.89535553535165
34.06397642860321	85.08290679592508
107.87148387240288	-99.06419769270491
-8.60537994865788	51.41487386142124
135.90351490665483	40.34984191448062
125.92902083851463	55.34429914821209
-74.03029163817715	-103.34573326020633
126.39793267777112	53.68375820205413
114.10622543278043	33.07507307740725
61.40405883602996	37.28044259409508
148.1580382071747	-13.698193408290415
125.16674155551303	19.170337067452433
-6.568275781712437	71.28988416481117
26.88237654158788	92.55855759852987
74.87202783263695	-128.38797805317702
108.7921789016482	63.371543633680055
128.8660637139011	22.47676432930818
91.19924171172975	100.69405297001192
64.37720793541156	71.8424108045522
71.37525478352093	39.065721662767
-80.95460543031695	-61.88984833230713
-95.09926010199463	-53.92766681697107
112.65225881015138	-88.5007646172355
10.30694394469474	41.5174662867965
18.991367579797522	59.3677374329111
96.68279252627283	-82.2584243928472
132.67720990328215	21.69512539456659
140.4681613596346	-45.38107946326462
86.74737452532456	6.809818266319131
104.48406984394803	-4.786508234739148
-40.06360196231304	-95.11694185924603
20.99637640047106	65.24836776290178
30.609887264061566	39.21246850268853
143.66052112483112	8.692936299312205
58.49066103275653	90.07986171064088
98.86392324006218	-65.1673290173158
128.53701646424213	-15.866194602312262
61.06207911100998	52.405253581279
-116.71679273570714	-59.902841584756004
50.545681241503736	48.26585515626121
22.845284024581098	66.11997237070287
124.60512123416706	-35.48764825341252
134.84780368004667	-65.62240248949566
128.066517297109	-76.97272422402783
129.4804559144466	-61.08130858805051
71.37921958029366	-71.6308559819828
22.444082613892245	67.2089675524024
19.33322374203415	58.32304119133979
105.35722484007907	-104.95394560703
148.67232648288223	-3.8004204044240657
122.23266025226899	-12.454577226075896
19.292755584787546	81.8237644286802
77.15068964882599	-80.11164162322743
50.14227299078671	-85.555808044087
81.57346434701716	35.72427699797057
18.886050926804383	49.018831191846964
106.99163628801422	90.00563397328817
12.783526908152131	83.0173682627545
-121.81696411569352	14.86899921062523
82.40828554106346	50.46552817425713
126.28115992278384	36.59154703981418
149.6345162004141	6.529097860795808
83.23868908124932	2.8469431578259505
77.51156511804356	75.72157222385499
46.526155940001914	31.104192455776886
134.38718080478893	32.39238407281818
-92.38030540990975	-46.69942742388671
144.65685812234244	36.62659792278073
149.60747925101313	-0.20558630859401572
-100.41091593902166	-79.94305719768109
-108.49439854118586	-19.490779132447173
62.32195315034119	46.078780346433824
