-70.02340115921368	-112.27063647023748
102.83888345115653	-107.84264658526239
145.4507370801199	-32.6855572213319
128.673932470099	6.148158673479057
139.75685554896043	3.2468698596468895
-122.12270268204058	37.74909130987942
148.1888723179506	2.108919149941369
-90.78810064048956	-66.95343963256317
136.70318317675512	32.096729980224715
3.453859943388374	49.7767857977019
9.65407843119173	49.350697686261185
144.12640460311692	5.835403019889257
130.7003478404391	-8.105600092492502
123.03647804355262	26.293982225290154
125.27867020906696	24.552032037174676
24.865373736229447	65.2260378384786
43.22799592582463	50.1605407228142
-120.16292110902356	75.39009410346033
121.2313952684323	-63.26039307181839
132.21002865970175	42.01397671452762
114.42814954866574	75.04125472494339
134.94698113280208	-48.98772138705603
-97.38362908166066	-27.493868352417284
110.16609246098164	8.514353725099898
12.91065782297554	117.91248722136294
149.5202702310086	-8.666358576599144
144.0633314064347	-37.59163600900501
-102.43782362981709	-11.917144611607116
75.54861066858517	53.664817496743154
119.18556112145592	34.378369431696946
145.64005024651325	-20.656365369278863
123.50311459892215	75.01843776854945
138.31626000576586	43.793267502048394
-113.96392503695832	32.04481226065701
134.31531272208673	24.18666429718548
58.84608205542381	33.116615404863246
37.13783640735331	56.953720489102494
135.19600779152842	-62.73312151219997
109.10281598685056	-3.13979409908736
144.63366368227184	-16.320299036843053
140.23387409781714	-40.67430041628684
144.53180068310746	38.578603829143276
19.7643423612099	30.115053711326745
38.34553775452988	95.78699922279195
45.42432391179109	-61.8967411075555
105.35197321507344	-82.74735223758546
4.529230287946154	25.33114278615199
130.09418053454937	-67.2131091653399
13.726720641729809	4.358638044631021
146.39798259329282	-12.088223375375279
-90.13865021732808	50.1174512801603
61.89966056622885	30.36675161410997
140.56938226733308	-3.6998075050213575
98.39325496712675	-92.58729880640321
80.56211771222799	64.64254697183289
127.8056781575801	-69.3492261807095
103.16929460777818	-31.98886592507365
48.582871038872334	29.961366413977515
64.07591804453357	79.68436720047114
134.19830130030408	-63.92897817790825
105.93903448952688	-60.6403363802214
134.2154917031444	35.04769953005458
0.48816673421635365	92.3261639546019
111.85687627633507	-76.61945699600089
139.95139520211188	-41.50707774975264
-112.25571862266769	-29.16882793639105
-112.36347992730683	-14.196565320688256
118.86415685558906	62.480032510006204
96.66271100850277	20.72626912324767
103.12880060242034	-102.8675135878731
39.27516379728448	41.11834564649277
143.68594319963967	24.339964359951527
118.35014355744936	84.69121307212546
106.10466977129343	-56.045620360194434
11.086155257672539	62.3381570488875
-127.93368535767974	5.535806863951843
136.7306707769534	-58.11605685197556
17.941532124769626	34.357748560773736
146.40558800274403	16.84487920238625
131.792097860871	71.00242361442221
103.06748181937671	-72.7887962790978
96.42419731873798	102.91106034124448
146.3618236499592	-30.228435838535017
107.89705679597557	97.55178044668332
140.4066908823122	36.98457817281209
92.04081186622642	-93.95949068464898
77.28483657049422	-83.45507848589283
72.2500700597525	-69.62918110680606
51.92026654470813	61.34281136453997
39.93912850726919	62.99699263685326
19.923143909546702	104.66490582115036
138.0178024115987	7.984938280007415
148.27966878363657	14.418754804131499
-58.04304544509014	-90.19842375203451
79.59513986644605	81.46885280586504
-131.4145397966728	-28.097867720380027
108.85709684383505	-75.94356442745566
132.4321085920678	-5.271642417071353
77.39146061241318	-53.564851139972546
15.381653694152744	56.76301143150221
-113.58890461469245	-23.762604271993048
124.87307519437664	38.03270896834248
140.6280063597593	18.08997615032144
40.36718220385412	63.713379634213304
48.92332235955755	122.54783138138774
146.31250378737124	29.824444196830296
134.61966430027041	-14.047891582995756
80.66832306309252	-39.1593583636736
-112.37875548893773	-31.38679844052367
60.757719277063444	-64.17719252806022
143.0821190408401	-41.268197374072955
122.2883662238058	-84.82182908901953
101.4297419142418	29.80668372985558
118.97362707735175	83.20261580550361
10.836975427153277	119.63678060360681
17.418672329482852	77.30666766720226
139.91183726229755	19.92491310758314
122.95391609406269	-81.04763654092922
124.89872647048063	64.42216697535929
115.77680295548761	67.62627310955087
10.96432828083052	55.04524586782989
72.71051676601597	86.15494149370161
-93.91079945595106	69.89175928295678
47.478668362118334	61.242941015477825
108.13104596773623	-55.29328296938661
106.42445295845003	64.08227067309747
101.81895458980662	-90.52638015230553
31.282406209013406	55.84099459023445
111.80031165670343	61.529160537942964
74.23178032670677	109.63816532954024
36.925173110681726	33.422571091341354
-102.71115538007237	-56.82185202081274
133.96007799558308	60.09161867320966
140.29622211297684	-51.46927434353056
119.10612208448416	-87.84062018447234
95.76584480718911	-115.43952784514718
145.59054989217253	-24.185385089319297
122.08312520324121	68.89616826111727
74.49796162783497	19.718416953798254
129.50200356111128	-70.16582281792124
49.68091556457008	92.47231940356882
140.6119016057004	-36.865304989409196
125.95944929179953	-49.48767098793174
116.96126409301512	-4.507496534860052
-99.62090689236027	-80.32367738096154
34.71166163691927	-132.89834854256
110.70766035769542	-0.6371028230687169
61.04782398880545	61.56381059495164
142.95948567118842	1.4805564367744757
83.9839797392209	-80.5862036267611
38.159389596703875	32.11442283727352
91.47936548508115	-1.1897441154981996
129.9997194727803	47.495431115000166
133.7784112008494	-63.25099589387837
2.3101009642165926	100.17854532313359
79.13953283129239	-79.32582733769695
-69.3796069192039	102.08041606716696
-133.88725539885542	29.222480228163885
-1.11863357648603	63.748278832655174
-85.95583076322076	-107.85829839633038
73.07029923366913	-126.59107683260643
-99.31364385560819	16.27444551017525
123.07741896087909	-85.68377778241944
137.66264760166106	4.472597730764683
56.18880188615857	136.05280898999595
101.5436796227566	18.398778219140087
149.02248333978437	9.735466096964357
129.7280580458227	-52.56213574290092
-113.22066111899329	-26.864511578687573
-49.6552651855588	66.86749145558271
103.30309129622921	-101.3172669789248
4.490322677443868	-124.04652999499935
-118.8921787072353	-19.001004583651397
23.02212561357978	105.53647184281459
18.9516140688023	77.41218711324322
44.229446103200836	51.30056580902346
114.47598809356887	-15.128184845107468
92.36638382376498	116.3386860611892
137.31269274131387	-29.874730840786555
24.02224252084036	86.07333851069325
107.38983336256514	78.87007248087849
148.01781281200186	8.270241151882813
137.19658245908516	54.42689508541512
127.42064798090806	23.939748004795852
117.04948519017398	13.578254820648974
136.65958918987937	42.61873746505672
89.86873742314906	47.15122589890764
87.45694535840876	-64.12010846467619
24.240408766581268	109.03036066047406
136.63338422065604	5.88403210191165
144.49187396600558	30.12101908528457
101.9770251125292	-9.182359115699832
-110.76988928509644	27.91561407492743
47.694084268477255	100.27265160212531
135.75751432669986	13.917179229389221
143.037640947114	44.94493973690912
47.125354406814644	35.56902778420324
146.55798562526905	2.006353963494138
145.4625529983964	33.492339780764
-3.2995451945653844	35.61718599570311
