29.311904937304348	116.21745485367256
86.73913212243303	-93.92113769114682
131.8249972086901	-6.051183833675704
136.92394954130154	55.46432045272825
106.63076219076933	-69.33555751467321
95.33972128518793	11.051033350386106
101.59475489690368	-35.59718342833602
30.497995451516374	119.10482809758811
120.4935422740199	-85.48091146540973
-5.392171914596782	37.64956300266958
125.17737029132556	49.92329464638801
97.70718360902795	46.13625613532596
80.76724938746759	-49.4995276205542
89.61113650141725	17.365246128585095
-112.42743335337329	-54.34603006287541
21.565052424874576	64.87458170586062
78.86712249704482	-119.03296772090245
80.11940577312438	16.4792836922674
86.46024064511386	-117.00903412264591
136.97247445531085	-13.049031987976393
-40.61066832166846	60.24596831057447
97.2559706846159	18.84309245601014
141.93774716174784	42.24247279594401
-114.13582500496979	30.42015667996449
144.45590724765927	-15.433220473332018
121.19777243504973	-9.985726421961298
72.43507423482603	112.2249707667384
-91.14461009563614	-71.50143958171033
60.94709294229543	-115.86476516273694
103.74936603910398	50.493100937709976
122.29008355504786	15.441617920419684
9.760242944064316	56.674098354943716
8.041325157897854	24.391131805882488
149.7184558914943	8.68221361129818
20.72767102121361	71.92825772030602
96.07101311326832	5.478459023051742
141.75702061276152	-0.9174271277407913
110.49712798695688	-48.62074043491381
33.35355764929577	47.56118195498248
-93.73633672353607	-77.67217014307805
92.21324338886218	117.92869168639544
135.99309352607062	-60.61747396915705
108.85860993192883	-94.54879567651959
24.002971510226544	62.90380675361082
107.91565975259874	99.92255231322443
145.1288063577899	34.11014561279585
16.153416870473364	50.235988000253826
149.658395937871	-0.17632629477149747
144.10801185286758	29.408713767538895
62.87725114002037	-8.713707580244048
63.33417723464541	-107.3873672943675
114.14484687955184	-23.227181981356104
122.90949968375772	-14.184940278823081
17.245515417389115	45.827723209618185
134.74346597515301	-65.9079005746488
52.10232878400412	45.219805355846006
-114.37949157240467	-11.87728811793129
108.23373507357091	39.68053111690924
81.54191377244831	-76.6065751595154
137.85773014883014	-47.32914155251158
-57.4344958334405	-62.03477279353002
-70.62287734919926	-80.12857242159804
20.15268063149976	73.48823127261616
121.94419325294771	-29.324610266606292
35.1119362626279	76.45002681429189
142.6830610843117	-36.66177621999576
-105.28640677155262	82.08955218470635
51.28309176243613	-45.38529268681655
118.57155955443926	15.281368117679794
148.35812258208043	-11.096129745852393
65.99821289685939	-4.495563696821898
138.8989053803407	55.04046560135199
79.34016617567254	118.79164088688832
-80.27704694711397	-78.45730325764369
-35.814372468417154	48.85903452691888
29.060939859629126	44.481548090614076
128.29434545688406	26.676140119129727
147.88864753465154	1.8454739481878706
11.365162219537712	75.42432786731305
130.02830275643734	-43.91270121995141
135.72962962901258	-20.131308355434715
147.48840622452965	-23.081808146508916
42.20309057312086	47.82603919514108
147.31153614552645	18.405628545023085
130.22010623298104	6.597150706228674
133.26510045751556	-66.9183926268472
149.51568757911397	-9.68814980442928
111.162219477634	-75.94177610354458
118.76637429425966	-88.60050768735115
25.41511244373794	64.184340028869
111.07700628048212	37.036821686955264
24.46536973058165	79.22288834743908
139.01627232437045	-39.08804498765659
135.1103083617524	-46.371172295231155
87.60476843938847	-106.90656245043023
-108.57531914526218	6.3883218601004135
42.23218522212779	34.2142096505958
15.622166724596509	105.34552856937106
32.584172203260735	36.3223575163275
146.0244672508192	21.071279294133582
-113.8508814946144	-68.26606296421872
44.65728314953657	59.98320544552375
80.69539270769494	-83.78955020650187
30.395677289167406	43.07697821304075
66.56469336069911	38.68690787105205
148.5830756675762	16.82799325821612
19.84699297106027	82.14208062189735
45.87759066293047	-124.66979508780668
-115.85497230410246	-42.69477433672252
41.700758810772676	56.4796595102511
141.8957708190965	29.45416840542445
25.704513926782823	26.871142511834744
62.71486774696538	72.6965282221318
136.87531695347002	27.867771507282608
99.4451155250645	-112.17741074038118
128.74097898427954	-7.759826705069465
123.67498675465676	-78.03369872491557
46.415699953916686	52.10004213288287
38.1081083479295	-142.4883867111662
-124.08202112639869	-7.905619054203046
66.13226165737946	-118.6694364086655
113.43436777931613	1.3865574556271438
142.8161910927789	-5.960383908627077
33.61603640374192	86.93448319926217
81.72198660031188	-122.07114540170917
-142.05263951855633	-13.86953461245678
112.03520675941742	43.78026373023458
117.2522497299855	84.29029842774199
26.937174768392442	61.32846413686247
92.8350890827995	110.30059722499765
15.974809784104842	45.20486917506101
135.12690239268895	46.01547199649299
13.25387528902017	54.35913633440814
107.85979781823734	-71.86464186339653
28.640694536125764	26.05818568707064
-99.10043213383621	54.54074831571248
38.991279647571716	61.869489285710266
-104.44638463370073	-1.15170288601439
116.18274752575711	-64.8010920080205
128.89362387872126	-56.38390323367335
136.1083401588362	11.746067786829677
122.50582926114991	-43.97435961616367
136.3534618320509	-31.741476186760718
-92.66138075160194	-20.81223177008613
50.11375612926178	42.52346321050564
128.5132600026585	35.121556743291464
146.53317477254438	-23.444455335774926
67.30662569972006	-132.08821412435938
74.72325064321502	74.84384634186827
147.36564418193433	2.4922032028704786
-116.36695359737836	0.08393733985534652
63.36166749894436	41.48699804471413
82.94630948982562	49.802840265660016
146.582495291244	30.123938269717346
134.8303529118005	-65.38457186804425
5.907132477562538	47.379702929107616
67.50217318344122	-132.71767468157762
60.572198970660324	-125.4007453049581
-46.038411555785494	-117.71449422461788
20.115757577599254	62.819505216127
144.14719396706067	41.30086236396237
121.818314173296	-13.861880353733081
131.64397752101618	-68.21698809220705
-104.7273335427741	25.100502647240727
98.2088035607253	105.36761173440189
-87.53419635046937	-114.93682764096754
112.59658897078056	5.863856088689203
123.31047818596004	1.3926680946903192
98.3002117636298	64.5219853334361
119.88371361800935	-50.5474511257818
126.54155249008677	-65.14796868864754
121.1420429332544	30.677259717449534
115.13765291715818	84.24478635362352
64.99966173129872	95.08068254236747
147.33478630322438	-27.49228096183553
93.21331685567324	-83.1343967251934
20.131949932076655	45.520431114186415
149.3092928263675	-1.6140932377044301
141.07670058497285	13.13737406464268
-7.5439609383257915	39.87397079823791
50.752512295467	125.64887828250721
-4.4379125617810775	44.25172717105404
19.74647240047918	123.50823462433412
-108.40068611872402	-63.9477351698896
72.42672353399216	63.04612645840397
143.72602918484807	42.170823346542264
45.32197135847389	71.7771719829877
138.52286246008666	-48.66165389278131
63.77214707905174	99.99710663765998
117.0848591733389	-62.10261704010461
46.677100075644006	42.01615575085375
145.01688157529097	-32.18456401566371
136.40886337594122	50.79546442948333
66.20808703165962	-63.76238083298265
48.792198738261646	-107.22890527013597
137.278900717455	-48.77948407008783
5.604674769858299	73.29577835719547
75.97267525379924	-67.64462380520115
30.90123818140479	82.7556409983429
110.46261998878832	31.17211768690456
