91.24181424338043	-22.40144951967591
132.4951943867943	-58.79406204283478
-94.16793915031043	-41.88336313837249
123.0255993942872	-44.95937035231854
-92.20345853660072	71.1299674249114
66.42117755326481	63.613674875031506
76.1873813342077	91.7976115068016
104.07410973775109	-77.94497543105382
146.92994246259556	20.811946001923246
13.758381170552092	79.28673265318099
136.71319174776983	-21.461192718749874
117.37161991062112	-36.10281584251721
118.40500979386113	-39.270278761446455
-74.50777661654962	-98.88598682270259
-104.90878439015675	-66.78090539146632
136.15661236999262	15.01151851685061
-74.42738285131948	-35.035684605872916
17.74759970487776	89.51822211063367
140.7200748369175	-16.135418531415
-31.912413794547433	80.60011714711301
-60.21493139774884	56.87626491694913
8.88851488172458	28.533221013753018
62.97581047308938	77.21080069470146
115.27495090630663	-75.35510529232796
48.40297788362451	-136.68182639788512
1.0951826779565283	62.73171907166886
140.57317669900553	-7.21723110409153
38.07964725030324	76.82870229479424
-96.35975673977745	31.526696026104535
23.283125426255793	86.62471993778725
53.09214716732966	25.13191414026348
45.48667053639578	48.58991974957979
-42.36582433711324	75.97294794505432
-128.541125516426	20.186213092842962
141.73297192687298	-22.16221670173395
59.63867096382184	90.14809752817287
36.92150318935101	77.06205523385935
94.5589174897454	-63.64470771686477
93.98197644418008	-45.57588337503215
100.53038143273393	58.46361931699619
149.03959162561162	16.753322795921722
-72.95060935799731	-44.03832344792032
-1.9748479612542718	74.74304622171444
91.42789526799099	1.989951323930703
108.75709393017958	95.43506608738329
34.55895918890175	62.173350745409024
132.06582066962218	-19.53056982736718
51.81630977931279	48.134247670158466
133.56211372763372	-7.0117884234486
53.65683855691477	49.31168420587498
143.1545501829586	-5.072315511879605
45.723122840013076	64.12267947552553
63.72685024897941	32.25914086170103
139.96728048951724	-43.56276715940254
121.64661646501098	19.084395961618007
113.52659530329281	53.17421616223066
104.03475967246715	-33.24943122452545
118.09014999227884	-31.76093080005037
-114.77125178076797	-24.393510505414902
48.819258372813955	87.2997522498738
-112.11351759704911	-36.98329533287253
27.079321537179464	57.27778215399918
73.7276959220956	-61.12055006221072
131.46643646825737	-30.129560401529588
147.12424005677136	-11.253099010101712
10.031673211376082	48.59044456453309
58.98750951303786	30.04602137531214
132.2680810358507	58.853242452424965
-93.65475319800477	-36.70967176775732
107.39346606110956	-86.01801217833545
107.6312328501268	-76.74358974142395
133.1142872261511	-43.6951094815639
119.73677512506326	-49.32506994423744
113.81034995380615	93.40521891728375
52.258397821794624	73.7801050448709
36.7020910888452	66.22081226454725
27.119096846117152	117.0853654338175
24.217818133161877	78.06159067683653
117.78798414792566	-90.58256427758671
128.1276277301025	-7.238154126091358
122.21708869755338	41.361642997358196
120.70101677590402	-21.155404699157554
136.25169341013228	-39.73991427920726
-40.06657555974172	116.49439298331994
69.99470809985303	-56.94872674371511
131.81642155115688	57.13177072598122
127.19795025621461	-1.3651293590763358
44.86180981310644	94.89717134076392
-4.914718747355657	90.54565587872955
-119.00217239543508	-59.80703711736886
114.73678161108278	-50.708671875124885
103.19111957893678	-20.199648346430966
2.6142997334330826	59.688650587625844
6.951229956636618	46.04633105230357
-99.36428459304845	-41.752528926490704
-67.37947182383967	-80.86221509354982
134.91391217599144	-10.92184869495268
-54.892433549862545	-30.257247552968256
-107.56323839535291	-42.472905926033945
77.23341069458472	66.18650270052224
17.95060769792707	74.39002517506626
17.226254758831367	69.2910577987601
107.93137226874377	-0.3262447954625725
119.18964794636547	59.66856047071073
-86.06476632157722	-92.94723304780625
120.66411359312687	27.256443332027594
7.029560635511135	73.67980325857378
149.7940308373583	5.370520598798915
-70.57920555503962	-45.87040939142305
141.40189487758684	-41.43795096517177
134.41820423676083	-55.541121120640376
142.76702898480158	-28.755515983779137
37.23948150082911	71.80234735340751
14.037749337453464	55.362652042024436
92.91455531945647	-16.48180597364615
136.5438800041349	-47.77468313340928
61.697469682033926	6.172770713195205
47.15678769624905	43.07765142986825
25.442851653470065	53.99427478049929
43.771697836305705	37.67831005274637
79.14472962305327	107.26700515270105
-117.13855412345355	-67.0778671375265
-84.11208212369478	-38.30658194791447
129.11539758862835	-1.9876979359351787
-103.12521439249399	37.98965479911215
90.80658452591791	-108.51120467603467
-85.45614699529614	-67.62186079706964
93.00751276266872	-8.531769617978615
108.73547321594681	-28.32706995223923
-138.63944362948487	17.535406509965025
-90.9134962104528	90.51286365077837
44.692406072666195	76.11639073995758
117.85301566891177	32.46750004751841
97.38307617455278	-109.31967761294868
149.4085493308287	13.236695275876594
-89.5272409229575	-73.7173349448502
130.36233482358492	18.01604192910018
-85.53695045181082	33.400789306574595
16.382371294356172	43.899151634223486
-97.28986571915476	-77.63168385982031
12.261166513772592	95.7312034939078
-92.84439970564945	104.43742355174692
87.17785142236524	66.06089771519098
102.85986323008669	36.4903906440728
146.8278878694493	25.03062047621741
127.09170974278094	-76.53094700399123
7.652607226885422	28.31268652014623
97.96743939313033	41.627035822139064
25.317187919767427	51.64561429507894
91.13806053020124	-39.79187066676788
-117.00428741272172	-46.634580636095855
127.82104542521529	36.30901010620858
117.0193372489702	-15.881954113885824
87.07317107503654	95.69141760584206
119.83754532154552	-31.696439231609396
146.15757136677328	16.42574896842146
62.13304599703467	-132.33509408160813
129.8289601429075	63.72732576951225
144.65736150293722	-28.93193906995801
-50.650743935255065	108.58134687666777
146.8274010483437	-2.7304019638147983
-21.966963174684537	92.89201262513164
97.94060672494211	-94.2908711699527
43.457806584855675	81.71623973580192
29.776137780715327	47.35512192752157
6.54961425169622	10.157820459070088
-66.034166440751	47.92055895315133
60.98453289455861	33.98034074156663
70.79226096215076	93.68698727287288
138.20249189428768	-45.56405784541394
67.32275460121816	40.94939621294496
84.83659872610748	-123.25368768963192
120.59584989646514	-45.167565505064
140.7944727163328	-48.020016633525486
149.08800121289872	4.789234846334899
-51.99812277081804	121.00214282690331
98.18713957692063	-58.06789317100789
-110.10718762659252	-17.2251368207941
47.78966990546711	68.97940493781216
141.3341576998246	41.067958761026865
118.2527676807172	8.798883940335648
26.738875765623636	46.53330509849261
-115.77929886521811	45.37043878314243
56.74998716757067	58.98571437455771
7.52858274152777	62.96124565871966
146.48311869134935	13.523293883427451
117.43777633835728	-89.47899799514917
10.51862966043524	26.19270441046684
148.23276150735225	-18.154237532468446
130.13227436911416	-41.01410193582062
16.414988971259554	33.07229013593944
147.86884369959455	-20.428039870155015
-129.34932031947747	-38.38582662938186
12.896119326922284	91.26417763268796
138.2890625036589	-35.35760210110192
8.710800883092478	91.46431566099783
135.206401040692	13.184649313474983
73.25845234967335	-118.76397298507153
28.41780234762592	27.71163626290325
38.14749554283034	37.69059262775355
