17.803108895154132	27.64639940827698
107.6335398855552	18.17861555244772
24.7878536844833	43.18838853088158
102.85582929907511	-106.0599696073326
140.74869329091018	23.684258467054033
-94.92139997699458	77.89473071173123
67.45897546760483	47.71596253810496
39.10876542171638	77.61925361765499
124.1138810300487	78.34150689497073
25.95880124464386	43.14493305686955
-56.3675772841062	-110.00613469454782
13.028623450063545	-136.92458375501494
141.31655183639256	-44.77601524690576
4.674843724109232	93.1811706264135
34.54122467799669	106.94424388207739
-0.2635409626327843	96.15069224565795
82.40636993005222	96.17555298470204
84.48336793673778	-102.98308429105933
132.32333469960616	13.295104030990448
-112.43559061546907	41.12814280328669
48.95575696991935	46.25585349333455
136.40880272380303	50.16981469652754
40.7808633837713	86.89027240530422
123.51395491292725	83.0649496715563
148.1317580445556	20.065184916404675
143.27388571395255	-41.20010074625818
126.470161455333	25.80358404238296
139.85093665332218	-9.449034441543663
6.214047932049322	26.50010122285369
127.67582598652471	-74.66369860514394
139.25400551350978	-51.913653529854194
148.6181360124258	16.04919837504118
76.774695052362	92.75358207216263
-104.09129377449997	-47.16950443364572
-128.13197761055346	-6.502169604051953
-26.469883723806202	77.71440486441236
-61.986065461477224	59.86324459487967
13.050881215398773	94.53241031300676
83.96983650819962	-113.19848379121537
24.526553624447573	50.446265550664506
42.25155553935307	83.47936835292104
32.34764812991496	60.2647285473706
146.54105689312078	4.396431842018268
46.58432241486534	77.13779317598767
110.57597291605742	-36.916095423447224
149.15419220669403	-15.85187511620739
108.00134098030665	-98.18160955015946
55.64434198225592	70.11990343429011
117.24251950234874	93.54939804344897
10.263718832588282	37.87616818436352
93.50111175382656	-115.65600780572919
106.98172121780776	94.07495013624877
148.36740891585208	13.468080551720389
122.14966620988037	-51.52543266308637
4.840020967054501	42.75713798231051
32.81427545405304	54.042674598001916
149.68500803708255	-9.674496985185357
137.21429467893935	-58.867956258945604
141.11922197078312	39.835464188505796
-39.14656000331467	74.1028568477292
120.16033031903602	-72.67455801296096
126.38329332374744	-76.07036622374174
-102.95323511726644	19.638863265110373
135.7088704501926	28.682726872626386
140.63499335737936	14.171307050094072
123.95334611043867	-72.55880699422887
136.07412267403575	-59.700033727990146
146.35823425381983	28.083251259716288
130.1297886640502	14.832360325789175
123.79946950810327	79.39281598392418
31.797182556484607	-145.93444938700796
80.51973473664154	-97.85511059245628
18.3113500399413	55.36326211604987
-29.01892359764057	84.85803228285903
-6.6995981072818855	74.37004211125756
25.76528730281513	57.846551021885105
45.95264486769629	28.464076231781405
106.07693346502523	-62.452289741877436
-96.77512653119152	54.687482672785386
129.9985371595563	-73.43813025780887
110.14770201314259	-72.06023751245071
-3.4395271588083114	59.77428840646321
90.00917806942907	-98.25813871990283
136.63055416563708	42.37624283560576
0.2680992815093767	-109.3153547583839
114.30593539858658	-76.51707701587118
4.284935205525251	51.437938653388485
149.34842309359766	-1.0307153315028108
143.95433981839275	-40.089560586063406
148.14557987803144	-3.201513276284507
136.50879823688126	-35.82526566545033
37.422807797159	75.72963614756917
-84.85673928129661	-95.6285723547817
124.42458308024733	-79.9152645553699
109.57116795709253	-37.25335522605928
20.72436876651008	52.931204770782756
127.37831462449748	-20.90170123456169
101.89801363520999	-5.7996743976346465
137.87454582315692	-57.84043766077401
-114.40145731333848	24.925924555082176
29.983370168623058	94.35763717360459
130.4941081869713	-72.73859557797427
110.78955960283005	-94.51130635656267
61.9503938023572	-71.48404500402114
142.60254751181074	3.558505785078034
41.476431658201534	63.98818699712651
126.52769830468016	-3.8012531107692147
11.206201817226898	104.35957166192543
111.69893148451153	88.67775809227395
-57.21241030128629	3.345057545878832
-89.8115782417269	-87.11071415916834
134.19308526856233	36.0542592060248
127.81484220703743	62.73186270016868
-102.71672313024726	-67.31447457842236
134.98409994271026	-63.255431343247146
34.844727868312916	90.82292752794955
83.1830907694564	74.14535586056932
145.3861957616525	-12.37507097435489
84.3687518212847	-56.73740478208292
8.11591300200614	52.04932736642011
79.634627151655	61.23436840805534
-102.24309931056564	-46.57292066190854
139.0177835383362	-32.518779636082265
50.62263376378257	74.05841661197549
149.76175681856665	-5.074189207393537
137.91827662452366	-34.780891241953064
103.4720855032901	-108.45037540663273
137.49137955428878	-59.964350405126176
132.24467568513563	-19.960777603474792
-132.0042060827472	-5.3950288181307124
7.5713234962635285	68.79236000050986
124.98873579196693	-31.12359388205619
121.0765036494678	-8.92781581921467
-91.83580414649742	-84.24767708613899
58.30525687027538	75.22157638836977
127.77041494867511	-59.23074253133464
138.4910549339921	39.68662948709317
-5.50284719569709	75.26399760492272
-115.15725687139508	-67.82279017096036
-119.01741769201077	-14.453081532651552
133.8959654962797	-4.013837787745322
32.686814763610165	56.44287842619162
-5.122067440317832	72.02412055629527
130.8408801338487	32.86760712777256
-119.09863769974959	-26.960375198468007
142.0577667326147	39.85313971300327
55.48870558253632	-139.0453346149584
6.377041666261096	41.34207014632413
82.81683595098173	1.904341397587748
7.346580630437583	54.801404646616284
-127.80796225796242	-21.19059333146595
69.42227526254594	41.076251341444554
10.249639051988153	72.01255760143414
27.874349342854025	40.91389487181179
103.69518532009113	86.33476338613329
132.36149687490305	36.242570649288176
-92.54304069459944	55.132521431726204
58.84280195807075	120.90898638602465
125.75758209325035	-63.78140035463404
129.8781793078923	74.92504947904644
130.75213377243188	57.87048715838109
145.83890701985956	-32.30771446868743
93.91261285303013	26.391024939179665
43.337011883216356	59.490661989224144
-89.4662634726936	-45.63382877042735
-131.8111638986433	25.968986885241097
-88.51867199483368	37.81581914596699
-98.14590676245422	45.0330103241151
75.69123148814575	78.55521934493659
140.75076343243788	-49.9367892420179
130.891522603785	2.3060598489898605
29.318548342885848	-126.09172791087404
139.04370975665256	17.355955315122458
141.56480751209037	7.692546666019436
52.46269541411446	63.83676871896743
115.26142019727496	-33.468314145344976
7.089235569261765	41.62624411081492
30.906541325140655	71.75723811854654
144.2145881581926	-41.207375679528006
138.18265872445878	32.12095639098617
7.87822024070901	53.38497099555333
13.605594249493857	18.102078177219898
146.6068667559513	-31.611183353457324
149.0836749896974	12.400336354897686
21.442218900255536	43.92156328640162
56.24194967636816	120.87006289144722
19.928796389705994	45.64772632404434
98.89039789461425	-40.87919013015895
114.34520988837791	-74.797648194825
-108.4978521845006	-77.1423674148361
93.48499557656565	-76.46185128353645
145.04755133828405	-14.198762622703839
144.40272663539665	-23.741452006310706
147.25849817525472	7.092156622865167
-89.5031282703256	-71.75641562039337
72.3066267696148	81.79035692551778
-106.1243603501924	-51.07296958503395
113.69529267581845	-66.20033649299907
91.11897776613579	84.6240304899606
8.032024192444387	58.194968415033465
