127.41533038955875	-71.73260832100149
127.85714541457813	56.039492299532
135.05870721172585	65.21650243195154
147.5321575074403	23.369678255002103
102.97759909201686	37.83969799640536
34.83273435504208	-144.48680873467703
110.0893631161109	-18.609510489848905
41.98406245639745	-143.78591760280577
118.54751350263244	4.629967485155111
17.000287543581635	85.21802597343864
137.3731828136861	-50.053757402643576
112.51660434766544	25.96669466972026
-125.98410630137766	28.458536158988174
30.29310732407544	101.37691958852702
84.983921287169	-104.70307538131065
22.394168540780544	137.4812767728965
102.39533750596205	-99.92977482999515
-118.69663869148313	-36.09025608673924
-124.06750904067901	6.227874986945885
145.628577869361	-23.777666522859082
96.46036035707792	43.57997675195538
43.56489901988049	41.868459418901345
42.39575649139237	66.91027317949577
19.08535539148281	46.07202842917831
9.9085272679648	73.41250404339662
137.34135961759424	-11.949434314745128
72.39618846936273	-83.37346875787775
34.28399956705658	41.75759897987365
147.52053725833375	16.8467824950057
146.2758103105575	28.995350718346433
143.61175292540776	-18.314407380158087
62.041033470708804	59.04285700690626
148.82826075063312	15.375403112505891
144.432822799621	-6.977099845297911
-118.4914795179738	-37.22042263344435
135.57862213333314	-30.745780547236436
113.0274320454831	-33.148859520431095
146.01378019247215	-23.74422557837883
139.88575923974088	18.41182273267948
144.3608456834218	12.046243753667612
88.30803773171638	-111.48186427138664
53.10021169346122	59.4064472675866
42.07007408529045	45.85068678273072
-115.48920987797142	2.9815177333755525
145.27135578783665	2.3791029891327993
75.28787548899393	38.732841090419434
18.99474917926219	85.011532801715
-117.44242690020805	-1.2783594666186435
129.10207920165192	-55.82199982866122
141.8281971532545	29.700631945521906
16.904555441442508	67.0810467586817
137.90107149778686	34.76737695391541
105.82111402248309	-39.310145011765826
90.50024532145689	52.50118068807396
-43.17307780419882	-89.03777716461884
-7.722479755569332	46.7814691865471
135.8968346931238	-55.81429899248396
141.3907299288187	22.51230851071669
109.0993925749607	77.67893318819893
136.2220668304366	-4.139772599510155
63.64423652151237	-59.470270789279716
92.85220348785026	40.144610867956885
42.544123378031564	-139.11680391965965
117.47003768834387	-73.96509003145545
109.45223697259574	-64.04633751284149
120.14068412363095	-33.790650312132165
133.38058131341484	-2.7325794227499016
36.94288924201479	47.33941947834989
145.79817246079475	-11.198904576879253
-68.56775151670955	42.26529883675085
94.2090071221393	78.1931589809062
75.38491718237978	39.26781981996245
148.18892184613398	17.748755350683687
38.78946751815327	37.20202556837926
14.11807744858448	-142.23708646208655
143.61838166522128	-40.674360362911855
-112.74992841354877	-10.860107475688737
141.52141774536565	33.65367461914748
57.20354962858747	55.33197842699598
134.89893987203106	19.751354858889005
129.93086845128238	-70.65634410449029
145.94037185513514	34.51103448490028
135.90504988483005	52.00606415859665
11.998809305410774	118.24910683745911
141.58432257437778	4.3704130347335415
-84.4536652086978	-89.95728067200405
114.19351819553137	-77.83714219324897
60.00433139653377	50.76560329725397
119.1564198515441	10.017452949286085
99.76214799928093	76.53887150892568
42.51950859940941	52.77458042524204
106.68386139438586	-97.43057698984234
35.59493850023074	48.38571133155393
103.38861278080856	-100.95712758672315
44.49850751611729	58.86514994471178
92.02355962296836	48.906465632042014
143.64680847249986	43.08128030077093
-96.52194195828733	-4.505095816509449
125.76055531571778	-72.03260642549756
22.149810909335013	46.18777750401036
-94.86390595865484	65.09938919974117
149.4175759361107	5.972118030618023
112.74175067511132	3.2710165180911512
147.67561998687984	26.27579264801369
147.17073944890754	-20.47510241957315
-48.666255010026354	26.117303534228206
15.486348585090672	59.09665096759841
114.5259550753503	-41.34387470501928
105.0664722318762	-26.75814412649841
87.91921775450268	-70.07941202218187
147.4243249047422	5.435545306041312
19.525159424284123	80.87435077624309
76.15667113591239	83.19715322812858
8.994484810990263	31.15689611702559
140.5311787063302	-52.10464964409669
54.3291781907835	59.62006834549488
24.765898209535624	117.50054435267901
88.95958787452214	84.01471485317121
46.43595230081977	96.55509118511154
27.008377976033863	38.960182047738414
145.38587596545977	-36.77865568445835
-9.894335741563973	75.14755077669308
83.43107408488817	-59.771625710236215
7.723342476935118	104.17985134189311
125.87176976619045	48.89386811962269
146.06519676764836	28.632821785532197
129.49890173693836	21.60798953574265
37.24730277448649	114.49032737106037
114.544379968501	-88.80947907483113
51.280926094863254	40.23832147653581
149.3128934903256	-0.10170125788100783
98.22669093622507	101.07343583229536
47.982628872931954	49.65616875191193
146.23006031531636	-0.3592800261597225
-3.2377210734196673	73.22084649716004
96.85387886198646	-63.61348475939026
-121.27665872120735	-14.24719728866739
41.10874576430621	-99.0340810293309
17.097264187757137	63.28400086422778
145.26847048931	11.28395332892084
140.38029207774534	-44.052525710334145
34.82958676696002	-94.8998387430544
148.8121870737359	-2.8489646731264395
141.62138352327602	26.062272101919508
131.08819787360227	-31.63896600755733
115.16921803106477	46.28609075420827
-110.85899344318582	-79.91361562308299
72.76929690414907	-52.21198465395355
59.03661949174025	71.93018713224028
133.87874020503688	34.63158567064792
-23.054544890402767	61.47581455539941
100.8997208224281	-41.6749828225386
122.0360962998223	60.478138517905236
70.02900237518313	39.045544607519034
47.83471536473567	23.874793981355953
136.49939351960163	59.21523371469306
132.23576761531245	19.19046549942809
115.73501825889508	-94.797395119254
114.28684428964968	15.946554180537843
111.16973839743683	-88.36572446378364
-64.67266120550555	100.03881847956292
-110.00053929535528	33.79418732394546
68.03696449912354	40.789254981464836
118.0492265968392	-28.601858193484105
27.121880638363198	73.27228376679676
79.65751473399624	52.050987196404385
117.92256060926425	-67.97221056865365
-3.869503288792556	82.69257777523677
141.9839327540189	47.16130210762503
148.0914351182218	23.53761385369165
142.0246493816181	-27.337951521486417
94.74623581418977	103.03728351852408
77.92325807353623	-124.63321719168584
67.98046515033712	27.89357727889522
140.03092551168382	2.1816970627684467
148.60549549042193	16.0653622822083
95.32472417659017	29.53524308403323
121.9374612203897	-43.06850350479949
130.09748546243378	46.74311096918354
121.01604181183868	-65.56408894589948
124.70206382171324	78.16485541083323
58.85794926763804	62.95005203169452
32.71240865020637	46.98605451933805
6.595581938772893	43.52355490572332
123.83157385543254	70.60686592707187
-66.78022165265834	12.496260996324924
135.8290899262616	-36.054020190731926
106.14511560172978	-92.71895832194791
67.48218990728382	-110.32831824261355
116.87595361920123	92.64083307848175
84.11160882061628	78.02542564584553
130.53907120193884	-31.370907147011685
86.3033884281935	50.771047157130035
119.11054397802465	-86.59396931203544
-76.18972317066289	91.89907480803974
-106.00822938224786	-21.500230133865255
97.40893278855168	24.328136322024395
117.009826291726	28.504976501353646
-83.4970235802902	-103.59256597615807
122.55690404357712	53.587999226632036
