127.47794603931924	-14.209371615133763
129.67842666072278	-59.19670450004442
107.6735716798362	-78.97439653510638
98.4287800953764	-112.5187320220957
144.7934291661831	-33.914998928995736
134.72776975885742	17.53570191023168
148.95058447812534	11.219418338592483
-70.84152326175912	-67.54082254255918
17.295026686332626	30.37547885259674
104.28916659707055	-107.76462130001738
113.37654303408912	21.130205590948577
146.82410758175305	4.729519628647583
59.83211261112886	29.408561717595525
146.7227628569358	-27.371219891703756
149.9247056341871	3.0443974164524836
46.46760772706014	-53.81480180597494
65.09331840229231	32.06212733971753
65.96402242306318	73.88814884571742
50.791073229308985	84.48481661444497
48.47295175253438	-137.72941223820786
115.89458635957608	19.88796174163681
31.442778209475733	82.16010426137828
-102.82387747100395	45.88984996182724
134.80336247046827	-64.1649810296017
-125.84809277789539	-14.006170208239826
46.68050511076799	33.771079740035354
60.50274890216333	-29.31121436837319
-55.74588634949245	117.30950276720952
137.78530537252098	9.65125931525437
144.92568717016843	17.15617483775675
29.513497952892198	52.97204058920006
81.31905420568798	59.86689535526763
16.02769968426123	54.99672898459998
-67.76216777677402	35.61029531490598
103.58682367743813	-90.00401416051014
71.58349998477297	-131.3840365198022
-113.71066643247262	-42.96891384699778
31.583064830208343	64.44362672602563
59.20254276845361	34.618859842067494
80.09351926434788	-123.43132166980773
106.0717764842937	-82.65418511119651
111.19792458927489	-44.415482810329586
119.94807741092556	59.655964308445775
115.68351442688078	-57.31832925264652
35.65086976974461	46.80997686335255
149.37027866057915	-4.752936241990338
31.97340099265068	62.7668847019235
121.5975255641924	43.740716544512
118.54629674686605	91.78512764541355
78.45276136207626	41.67286628025023
88.33347907241716	-103.34160377684066
23.098569800221636	79.2713399890391
148.57679942868344	-18.965198229284525
133.6337278997147	-67.83505939823492
115.35462305255201	-33.97787377942901
-95.56624803389256	46.176018619497654
119.3693861639952	-75.59280638003557
135.97976438414273	-62.639073270873425
10.621100678639834	56.775402119928934
-42.074678955437534	-115.5116337749229
-94.99834043398585	25.44954395045511
12.572116840796586	57.83386902768946
129.48053672441804	-36.988596761550674
-98.2293054750538	-3.8857601004102973
-65.63130595680371	-127.13371868253658
-104.48371416193281	-44.943180475304935
95.86803064742021	-31.59579298850231
124.50429922477358	-63.40077015324174
-46.62254707107975	8.953158094118512
-108.60685030813373	-29.046576665502307
138.8479407424806	44.885056565476035
64.9406373197545	49.72394914423046
87.52233946815981	-0.6806976204917161
129.08046273071557	40.52720632360492
149.68720702273126	-0.9308991566237149
49.76537788623655	87.73654053286724
100.2796145504597	-107.03824982504194
8.757054328243875	57.488588154337386
139.03822177230606	30.747870086359566
27.305567652200356	-87.37547249322161
140.28599233136072	-36.23313971148867
-56.02033705897394	-119.59983359127692
96.50745654564602	-62.463138738502636
27.853019057969785	74.70482464665118
143.35759062773772	-12.150933788275761
63.6345503589802	-21.56914850747245
-9.891303577847351	62.47715024574565
102.59966163140633	34.795193226038535
-132.59751085779214	6.080020420178356
99.11413682132128	7.985395437991113
-121.97118209509436	-44.732278004758065
116.42394573394415	-18.664391749451045
130.90118637757038	31.73517651626676
123.02757256914357	-78.02728459545853
136.63680741568334	60.30915813431412
-112.47642715441425	2.9313554179262287
104.4006001655794	34.2581578453665
-74.4204123929664	-119.78025932088622
111.1922286058466	-92.657359219458
107.56105099988316	-69.21717409535664
16.109033784237837	96.54301575590932
38.71877149545523	84.72442247988641
124.99577124137947	-55.166983738266936
88.23018267502998	-111.88091749451937
49.21325832072446	65.87931022768565
78.48211490007183	-124.20466379692229
127.10929299803769	24.85355824956753
108.2536979104828	-79.4854733458076
128.17567266697262	-6.681325189807407
114.85287912922918	-92.81422585583691
88.70164335222144	-96.97591959661932
144.4805399636034	31.66749377729682
-36.034208052869616	54.29304046480359
17.320691679780083	52.44658509517221
-133.8428774409321	13.1122229685947
-133.46780272444647	-9.160926157610321
78.33756754467082	50.080316617423414
138.55234718646167	-49.39235487035995
47.28215954183895	37.571912299917244
32.31060732679281	126.97320837666899
127.18280932553331	-27.70487443391783
66.5721969267729	48.05111928960578
71.65213315890166	62.22244029045046
135.96731807948115	4.817575725675903
141.5324085317365	49.57765057732783
135.03082159325754	-64.84936603201311
101.86806547571743	22.60558728093576
104.82997055295336	-63.19121751559389
128.7570313025398	-50.037664941081964
120.63555087162902	79.9211498294898
77.63315982459801	96.25779188081962
94.02323962963831	-87.16292553407041
112.47984283532145	7.862531683001552
22.783330740012	63.81188134988392
122.73632915384043	37.24097417994496
96.98545699864131	77.50309070291613
128.40402390296998	-7.526691961779633
141.728689163103	-1.6076670987301251
75.23061223111654	83.14317963835319
146.3778118986076	-32.61966803498531
-110.7409193472644	40.468685766062
108.89550152742329	66.6530040587793
-135.14063986855783	22.542989939299446
69.87093704563281	-113.97454227630378
26.29466460148182	-132.85003524070572
145.8825340607496	-23.8537853772593
94.74523021935498	-92.097745810978
124.43192832742199	21.91388789978315
47.976141309465575	37.57941488171278
123.34884168134077	-80.31288507665771
38.48055884290924	70.03068157514656
11.01712385533838	18.62080678227607
128.8582387400476	46.654254576763655
28.47675312417039	57.25231409517279
61.70234986727242	73.58055337192532
128.16742260140788	-61.81926367752457
26.700992707655683	26.37432688271579
124.62897224432416	-33.2106720234737
-130.1288067590406	-29.421716141874125
111.42574188631765	25.869837454447776
142.84576292898413	21.354950380255566
144.61582373372877	-16.87970650487924
-112.06393690246422	-17.742976652603296
50.37546595383793	71.9125800772299
149.42073566627136	-3.3061953995583484
80.23183908493382	41.27825220057963
21.732518865323552	53.387397493391894
34.69923243859178	60.18823523123027
66.13966902777096	66.17581616382333
98.46984775800661	-107.27530567421879
129.37502986433734	-64.044695156127
70.5209977936645	59.52759408820103
147.6211196520251	12.258906717626338
141.17736099305645	-47.30240109315768
70.94101381152744	104.40892445264127
-98.47798947460774	-92.81460036724485
125.3514825633368	-80.33109276032316
75.98157069692294	-111.31636490006994
-109.00461793553366	29.6980067773264
139.56128880747818	-37.295382879877295
129.76373516007624	-44.90740931566629
60.6778262593879	82.63657317791247
34.29838149246112	29.46081103330026
134.78524806014508	24.54244143222049
143.08231376735972	-24.691001725765467
80.47790777460737	-19.70265575525492
97.19127840326516	-81.916967988606
130.61852605715495	70.32712066706515
-89.07647709589652	-9.840189176572569
117.31944977115053	-86.86875999252588
-61.5102625489332	-67.47543115575424
16.721144155880147	60.3020499324356
6.9447816115923935	48.29822694815125
74.64602561456714	37.199530458748924
133.5538596952237	-32.732572461951854
103.96873886343211	-88.84707125930414
-85.32981488329521	65.44855969025434
-92.70377202800121	-69.89063908317972
-8.09728478065605	83.98997322795005
74.81901610956027	49.091206621689835
