104.85976402526143	-106.98950730486901
135.12632260864615	-62.29008150135399
-43.77955821545609	52.74265673590398
120.14055083815384	36.35529841003716
123.60911515894149	-77.29112878076212
130.85540705317354	67.33891170259106
86.02314534043549	88.98267158220082
-35.55059039315366	107.87472039507725
94.79616712674205	57.87379262624635
35.97967839334054	34.00469516378042
142.5196418658587	34.05108181860354
77.8108571184973	-100.82650680649085
141.05307294151828	-49.0754345138416
16.66147306100563	105.53608560622148
47.66876761068122	46.94837599972582
59.25880098997903	46.23247412595811
120.07038857715338	-82.64775594099763
115.27565986633515	68.84773685488679
33.8189773466626	-146.0251337005051
149.82716387668745	2.4593943248880765
35.1082780715897	81.75756281576824
26.24975596449417	27.013656534590144
149.2462074849706	14.886477182910554
132.70969181316033	50.1684442324877
56.111214990973686	75.35873942993616
144.83755395784226	-37.52040915818757
148.553208338513	-14.493884859106629
129.9050319064305	74.90461242403686
39.946572100707776	84.35321453149582
19.846392096431657	38.775796757773335
146.72707110242197	6.039516122007681
112.2223398766887	-60.82761922001966
-133.82063064431514	6.936273783107946
29.15032349166453	74.59607936059001
-117.93742776262114	15.76461331282114
4.9327813766782205	45.71067483218763
16.112421153410455	22.924772639183452
-81.50693472719199	-89.63853472204562
-18.399315138940516	-132.67758105913782
147.2560288446803	-26.23270220058479
89.63456976683389	43.02759704483328
87.6346622328827	-121.25909820715776
12.659817247020742	55.41827777503841
-22.00636865737105	-86.70645397999702
144.47038269851103	-38.32557388239213
105.19638657123123	-80.2788916313993
135.2127100793439	61.13257607750379
125.03152110220603	-81.53536097175842
139.67317374183494	27.196503731221988
137.06257746891688	-58.37765836518865
-124.0199890422708	6.5039748679171545
4.469752725496027	59.94524086068182
132.48144976267642	23.925417712421527
141.3597905715339	-16.17349405939103
-118.83996517089469	-8.579462355329252
12.25221382238502	36.616825327286094
32.531653775548065	50.15910480468415
100.04923834378997	-103.14688665137369
146.0030914999716	-33.98384514941363
133.8273628504759	-62.84399250516725
119.03593634697637	-27.409518932392917
120.59487400245442	22.9875279221916
140.31095572194414	33.37075297738963
142.40679510574432	30.374239775922593
107.45931569255316	-58.7483989741718
42.723506273611775	51.378276997800796
-52.45688066783446	-91.63721586903125
102.38658331574761	-91.8054902945853
41.48645027989192	63.56112226725155
86.27359956247182	103.22305358957911
91.70367843681908	84.56417468120847
119.23619154683877	-85.06814597710004
123.71485129114666	-33.21659394114105
148.8361024456677	-16.163818508689907
104.2568321604016	-103.94935329142054
125.25013550418878	74.83717317135431
95.7881878176411	88.08032071500553
49.276506213038815	-103.43251099193333
30.71182889991689	18.977038005659075
109.27052111515928	68.69941204300673
143.32039199633968	-43.27941779532151
116.981644873353	-83.77215494763716
-13.891579048896345	89.56269881205348
13.987545285933054	47.68179772729667
46.94386521171737	47.57021582575548
141.76673985227933	-48.93687588481737
132.96890042513667	65.7631799401517
112.04355061718987	36.130146339516834
143.6402976661884	38.398988692080586
137.01470547363763	-8.87524640595564
9.528404152537057	53.10777312705115
124.7528513158252	30.645973918025582
-128.71247838399603	30.599488195306453
135.47176993487435	-23.157134714036847
149.6837859200079	4.267435174166218
85.08956302302501	-103.05307438183408
-52.37083910615503	-116.71852322532902
138.5444278222461	37.48635446632537
128.9480497731071	19.726438770175104
141.3710507426954	41.68802077968491
-15.60624098694592	-92.28663383688236
81.16393525911279	39.11739493408269
130.0962778184972	-40.544718538067634
24.298256140354095	25.54558271295884
55.20356610134675	-28.544620223574963
148.1501687970984	-12.220838452140885
145.0902587520336	-28.00497809820477
-15.526790051884584	51.02259139430484
15.65399491640926	110.58343482933918
40.887377992676264	66.16229035254892
37.33119272493065	-144.52474296647736
118.98151457864036	7.91086724060233
-14.759762972702312	41.955565532322176
147.23407890201796	2.925241366370234
-42.29270096563336	-120.54544927129888
136.1641401424841	-21.44386866508485
133.20936501931527	-63.917130688531486
-120.6744988263199	41.170958595083555
-5.399572314979835	38.34511446410456
47.295800946636625	73.99120014149379
21.421854498449665	34.00920925862611
77.77226502695358	-120.4462607919448
119.04575235639045	-20.375826101532905
-105.53689590888929	24.202557218945394
147.21584462036006	-7.940040242098683
59.58698951247965	67.58554108645427
110.13536002315594	-52.868238529389586
10.918593294777754	61.08782941221211
31.906477375827762	80.70453507151902
129.55996810904918	67.06522683376633
94.57299749240009	-62.20164357154305
11.724419661609684	43.968163133604705
65.54903255150013	-85.87192839183507
137.23967780871948	-50.62823769810361
-121.41607744318068	-57.30784380542791
145.4085498667369	31.914412323607362
138.8897875847271	-12.403255581221131
141.28677070169692	11.487373323393639
31.403582377581436	44.42643326394572
140.25413030230388	10.67579561400832
-57.446516501841565	-57.92889860182631
144.20156425924182	31.728608319194343
129.23533592377788	64.2045842465693
94.39867018809544	-107.20144101294225
31.604818240080228	41.930033862315675
24.065770412154663	22.623024194579298
33.915249416706324	-129.01185217490053
125.77914253034179	-20.353918921394126
41.52855441884981	92.85949163714331
140.29893041603515	-52.08949467887575
148.9055639811695	-17.48935645200957
39.77714986657039	122.94877926728277
103.27341861487564	-107.07570992765795
7.660317870772058	84.07688675364267
130.07585192103087	-42.89854526891202
94.40644476578427	74.62365376696891
-73.96265396949242	-87.0136454176971
95.13382899664602	-93.22664570476708
31.786040070766457	55.36143142271064
-91.88243011048156	-65.33204216179183
132.3449497440479	-68.51952818287852
-11.008620867368837	77.0448824128467
44.54411496575013	42.69013431598229
64.83026065553325	69.98418322373398
7.487874009026117	-148.22310919276157
119.65535242118224	-38.50513957526842
36.041572536515446	73.4562214786563
35.39714323330927	42.87173061561434
141.85501345855272	8.584928720409303
89.57434751134276	32.78310468500683
113.69956551773375	-97.51424526849289
53.41011982869465	96.83233365623248
-4.367085079623521	69.96716768990035
-121.20093282328118	-17.975236836137395
73.02473012480979	47.64435479188872
61.33928272648137	-133.9241705583772
141.82312867422235	-43.73839219079338
48.671794064822215	78.56765026194469
144.40039103223592	-13.473351931776332
124.48720484638282	-53.07075829079828
26.386870810144885	29.830785034617243
45.42832278619732	77.02111524827289
-53.55626283663044	103.54651418907162
71.68922406362542	-107.93741916889009
77.50579295367656	-0.07463674132209816
27.166218301511257	83.52670769154956
139.5116282110824	8.745501283544666
-14.866939221443392	89.98149264084283
100.34478635242701	46.6034030655815
44.34943855931226	-105.97628595879851
139.51121578700972	1.3832568820846922
118.77293585310873	-71.92801373541973
124.69371131887262	-57.14498893163573
132.70643153545285	-1.2661418131083646
-50.441075045381716	-118.70995237138747
144.38497781604175	29.676092114778243
-117.07339654678367	63.09407891411905
2.0149172552461736	58.20271548027176
129.69140993770034	44.29111525049875
35.820000741468135	27.937043071208333
