17.070593319971255	-128.8198460304545
117.45533284993128	-2.2096638574711527
109.54448598861919	-7.801307022849099
76.68999915974909	11.52116437229151
119.32482420992226	-18.58553296722939
116.93704058843943	-8.691576729150183
28.17740609237347	47.01353542333966
108.51071683664657	22.651444322063504
138.2266208567245	56.59938239477426
0.03599310112311228	23.54952462767306
18.525280721578397	38.71401353693829
112.91119783439032	-95.0934272622583
65.86488641070451	-87.55156238919369
82.17288173765266	123.73649999601011
-31.311510258009303	71.89276199959971
142.9822888200579	9.844459437451587
119.06417198140105	45.717041314474
95.19729887146732	29.70059532919901
96.49001311331693	-9.146807518850752
41.765025261383556	14.181916734727343
37.19709204998317	-123.15839073204857
-97.2461993500641	53.39396155040382
44.52402155946238	47.459307831964104
107.50716422557758	-104.55444711729653
120.7597986404941	12.560479494671483
42.59312243510627	87.11202559806561
124.26666730572394	-82.44517055512037
91.83461923867976	-3.3507890807744904
124.17402220954664	49.04900495494975
146.02728074951213	26.59171579179219
90.27267702752292	4.381180151385196
43.152576022804176	64.605806680021
24.307028416449572	93.9708653114645
128.3775285308982	-32.71276992639037
107.22547848408992	57.82268120876649
42.31335488118576	-132.83540793329604
129.0724093979482	-67.49137071043577
130.57589176536723	52.78176423967081
116.31925885633864	-42.7179416382288
133.11350165835418	-69.13218057207256
130.13329102934284	-68.68201565593507
10.56957797608535	63.75901388892416
22.600435978005052	52.14911237245404
128.64385012810564	-56.45295137463079
132.88675905984752	-18.139158459411103
140.5695699959512	26.073985216406292
124.8074859446862	-3.190449452368585
146.2421189919161	-3.0023818114161447
134.6995991228284	18.970968238343723
82.53007713833605	101.22336318350756
61.2747484192814	57.638143139860716
-123.17644867242228	-34.06889711947115
114.34957133289717	37.08032973011797
125.24836539258844	-4.1155244358759955
122.44636652536452	-85.67833825689785
-94.53954717892405	-19.035788352643078
51.710228576143784	-131.03938229446575
28.952135222022424	-102.35738758353561
-124.33871951331996	-31.635240691102364
100.1656079656175	-111.31741976375109
64.39157880312796	69.05800232309743
19.57494283639009	35.1931093681622
129.6306607684754	-27.695039079574183
135.11715689048174	-49.879724648731745
0.3263122912181494	55.88562731371967
132.89943705125282	-1.2720189169386684
148.0168546652395	-19.74472860574612
135.60623679997633	50.2832909612307
41.12559284843518	79.77796549037957
66.09674555472418	22.437390361741567
-146.07610476854734	-2.8811428776589407
60.3560545538734	50.15466935279319
67.4419495388867	90.72707061951206
10.911608812397294	37.50375506730795
148.95304208922184	14.001048507842821
137.5214857922088	-25.831380597609723
137.77648394078514	27.833180312271686
143.97787888421763	39.22314107436223
-95.42559120113347	51.53907541544137
91.9554290139645	-118.21469975370071
137.85469068924115	-47.822794283816904
140.15016020156054	34.05414747920014
15.513916770944258	66.77643874178963
14.545835818112392	9.971481556307722
-44.78903572322135	-49.07203153710274
121.08655760330878	-88.50344956714707
137.9545817623532	-52.79348669321766
18.251504782355532	28.755798342889555
107.64331316231889	2.3482682550089766
-68.7495734082211	58.92517494206636
142.5964978411452	-14.085441099452671
-81.93001485999382	-60.01499881542635
129.56097741934352	-30.280510018467872
119.97245700499732	-37.52280174768047
142.2887905030318	-4.4928539595187535
-103.00818576965065	54.633576350168546
101.70146975100202	-109.17593094806365
132.1902066914056	-46.494168041424935
79.71214638539583	50.25949033523993
-21.345012932095404	57.070956894115206
-104.41363488097504	-25.900376531352265
32.9864047418574	23.313976092842566
30.70238056612009	46.96325393393831
149.56186581729284	10.525919182462818
-56.25347446831221	113.76290251011302
32.38334134727665	80.82662044808617
107.20646161544113	103.84084573761834
96.27776649785474	12.627503633121536
120.25661362073717	-29.849222944066817
10.663065010018686	94.3589089195081
18.04352720962977	27.880178992080097
144.25275975340094	-0.5094486405174101
146.70397721908378	14.766757963815417
-136.33258207222866	16.56426271430653
8.64606073317891	75.03183069977365
50.68869067193375	35.82106940104641
133.31973253723837	-57.4959508465974
-102.25654738645149	-16.700819438636817
8.705418354583049	26.81501633956052
18.082096825221328	84.20766223758055
133.63983844901645	-50.791428619865904
138.64320025025782	43.47561964632031
-101.22093242314467	1.1946677642551522
15.708570115586838	60.253710353455084
57.56893016232983	92.56771141562123
126.25132745042971	55.07490765052641
-79.9880160335464	-29.032372030697115
92.70160621589078	-5.660206977367605
90.07961791690472	-119.79734551009554
30.926434797178345	44.33651837101118
51.01892181216974	106.36992126130042
103.72530379787021	11.86848196835908
97.8944899612548	-87.77578870951403
105.24462615961002	-105.94774474984311
127.799493676236	0.7841180888716032
-121.97837366105671	35.958982693954944
146.84560485121284	-2.107311150295673
134.24329090032623	36.25405848507003
149.3011072165665	-14.316957665599183
101.49829677049357	105.33692856825743
8.236378909737875	105.24125752897372
24.68851220450624	32.650178218768666
140.06113706471024	-4.084590841887837
147.92830715037047	-17.110531241349385
118.40669150263645	-32.41520599596837
23.07984396076596	95.39601484599469
-115.13469698665529	-15.881088472519597
131.36282081064516	-72.39011602797159
23.66362159333404	96.87061362769872
149.63439371174098	-9.865471221392387
123.54087040536324	-77.73868364247916
-109.16872201934578	60.58120706164479
11.467246195920328	41.840112862466185
-106.3138858436547	-34.990657455834416
47.862053841684435	37.7142233623304
106.40902235686114	71.34783959245492
-100.3918929652978	5.999876700712715
125.15704080126737	-70.81134819306992
22.62170375887836	28.98760737070218
137.40248620489714	7.298027920035902
2.2351190084369574	83.08075609300813
111.48969625861355	75.95262576695714
149.83140033818165	0.81500738378035
135.2844039443313	56.64182154971042
3.0895114745506516	47.34472865353283
128.20874732467115	-62.5399650157727
145.08704710721557	37.533898026701195
130.82593645017658	-43.878578415900314
2.5759069453125347	51.38838098231299
142.61647560480498	2.74354918585447
-21.352529727422326	93.16984005586703
116.16561384921644	61.674139437897765
108.59065388072995	-28.372277407075902
80.43131054438925	88.95558636711803
129.97497034978318	10.41608597657036
19.288476450119116	104.52479340294684
55.05043063254071	55.30772648406611
-3.169497901826886	29.64313436021131
-61.72499166575848	-115.4535188193809
29.541068715910182	80.39897780113864
25.483888188877906	49.28341629718968
142.56528642209554	-15.071682117082831
138.38524923081124	46.001044712215176
49.904494316531725	-108.69271908428694
124.39620825949082	-1.145503152987363
137.80930197018938	-29.90842008998711
-73.80471522838762	-100.46024328543294
99.92098228450894	17.28814391659864
15.608750624234588	68.7892508228597
131.89088938821274	-68.60254179631835
123.64071830893842	29.625058875114405
37.63410236083739	59.64130583064793
140.4706834261081	50.155298903013524
136.9824089054055	-47.73740256855232
4.859184249890812	2.556398445997726
-17.378237543188646	-78.61073125809074
143.5735900192031	43.37642856140616
135.40954567409088	-56.87283237368769
96.1975818092824	-108.9680490527237
-96.8914290405388	-46.23669766048283
