123.65439819301557	20.897882001369652
57.25906270508889	39.155240025164325
121.86412151745492	-45.709482622796926
55.38545026517191	75.89313058992045
135.63068056324994	-18.42295870751104
45.15542260478855	56.34451135347086
147.41449641743145	2.975172136236075
-9.409768460722498	48.44291329450074
76.27035078514989	38.28809650317568
127.15133288016027	69.91356609983659
87.82137986272613	-120.01151673098941
123.95161543587821	28.372357998908633
124.31025734339376	6.408187106899
148.09660705698295	-13.788676433588792
-112.71505432439533	31.233088176905014
129.44553355626306	65.37919962034961
-95.4217883788522	13.612334912323877
65.21812042538512	-127.65557189925592
-35.074523325168514	84.76992233464371
51.95306072865181	52.02591281601412
34.575640931696974	-136.53557862947946
135.67766667670367	-22.499700707204255
29.297854485961622	37.12681875674515
112.84356606947537	-47.81858384779471
-121.70379682222503	-67.764382090513
143.14193301179589	-38.59922781528134
-0.15123537274714197	37.47094829559878
31.83586638261614	48.9823866007936
8.051765374066916	47.5908644857466
-46.10117299701919	-117.58892158708167
148.78711583155672	-5.150204902346753
-93.85688430186137	-67.54537409505886
109.65054996775432	59.073090702776454
121.39287727547998	-4.21137916388927
137.13639459801263	-43.81111389835363
14.546231496155873	36.73055787039446
91.30810484172656	25.223034957563208
43.66851122104415	94.21686385073366
106.6706884155156	22.258411912464307
99.39329661042879	22.779418080023095
75.09224966060954	78.69855471927882
111.6776976969828	-72.72431366975486
-62.18626101053256	-71.46502975766106
31.34655069157897	30.75902749463255
51.50860342856804	61.71446007668863
111.15662580774944	-93.57733062042918
146.2407362109991	5.22131650546998
133.98841001011684	53.71699827709069
147.01728921987583	-24.975497525696504
-86.28598136364586	84.44793642960325
66.00882635678508	93.39323289634208
148.05165781231466	-23.524133768644276
99.79623969283969	-90.19439376247279
140.75321878632792	51.83347367047862
-67.2586786865822	-111.93817777957847
144.2641974906096	-13.713694737049487
80.28026238739378	71.36236808840928
21.134049665081367	53.49715500604753
34.824269199389896	82.87799725718472
-111.50956087016073	-46.976282639987055
122.17230156202284	-86.24975909775257
69.92406893188245	-124.94442255806874
46.24953326836106	104.02769653805127
2.5001869109457675	26.203284721243342
-101.0279779886174	-1.976250522956335
121.43525881661233	28.860886633813433
18.274480124582176	82.04493738844381
146.05176468411108	7.997021422022095
108.78285095014441	-97.74523168719506
-21.10662640264175	-103.65316471597143
70.11582745597177	-94.5089970531847
108.30438361228154	-46.11644624223289
17.61268025305028	17.42457220237905
2.321513539334445	115.44432432735451
148.8540435654691	-2.5332264378031164
98.69319174408237	-102.07119413893528
87.77031204178984	-110.13140336294383
-60.62571505572131	-93.05003602719067
53.41843301010916	-38.01669617370917
106.43728982139308	-95.88769232274872
18.42309652509874	67.68529957851287
142.93732140146315	-42.593676148026105
-108.3148261908627	-60.70160842646552
136.92453505615543	2.78574134212612
68.9152001192057	22.471463576439973
131.91698109964315	33.39568359933974
89.09687091439535	71.54146925101992
124.0854956213695	42.75036243004954
6.6725285013531765	67.705419508882
33.55510967249525	140.44030996556086
75.61289160934498	70.1454054472471
-70.94243384892808	43.381964128404434
135.7059940674139	-38.53150528029696
142.51032205480038	24.974039043256738
131.43773210259076	62.239775502426966
-96.01844897517222	-96.62289572268458
138.51630191909044	53.53164571790052
63.10422568536314	49.443122312989146
140.41331980446742	20.419727087991625
65.27928955795075	38.96392715298155
70.12157562022728	47.46487974167532
49.58950411605251	59.14368273068865
16.060723318581246	108.2164783641897
130.5500118642529	-60.14560435925884
126.56343765038716	8.037788104213922
-99.35433478919515	-25.264134810148768
121.30881907138323	86.63661624780505
11.725412958846453	47.06500461029723
120.27258187355508	-74.21562090482975
113.1825229618415	-9.527554638505881
47.32454308968572	97.91998685087951
87.84404078492288	-100.47033876231134
96.53495732605022	96.4436096009607
136.48673011478235	-38.302767416029695
-105.59211114730908	-42.42189203103266
68.08340901361571	-85.2828041562104
59.935032501495485	4.1296685814722265
-115.05259512258235	-31.31968905154076
10.800252574647464	-126.22396432685758
19.1865945670496	22.72714045641802
26.41562287250629	33.77232303528452
-83.87479953994134	-16.03298387188578
118.29149988723658	-81.766744411731
139.56895021100874	-0.9248377137522994
131.838901346649	-53.05438281802407
127.59468529384223	-57.37090824465282
30.543587708053366	55.09490478118547
26.822211366209377	24.71369837497545
55.089052251447946	-139.16494882179978
136.66112828834872	-61.77471634483251
69.6097856793248	57.46007340631304
90.05828654663252	-44.748341073190055
146.0105872218447	-21.808203261813798
20.5479311431834	50.81964125731931
75.23438866739087	25.02914610887537
26.879586135260162	-133.52841429301571
29.46490406643312	55.708185778120765
149.51788084754156	2.872210101749685
11.0474516824178	89.12855227745256
37.09569971147182	74.39524664830158
-1.3242733114592187	116.9816121012009
-139.62289499255445	-3.952690013906661
122.50701876491019	-52.975705579045794
56.117740756289805	62.14560902567191
139.22730895928623	21.909139227380365
98.14435255079165	87.01326257475183
38.593164429370695	78.93987293555064
128.9164182053421	21.177323440754375
110.20613141017616	-5.663343168914561
134.95324902467598	-54.012457062197385
79.29658182683485	35.983005031490315
149.2201615335974	15.129946349590638
41.358993335426064	91.42529641650948
141.03371041552077	-15.776838250131545
63.600553291578706	59.40277503109803
136.22760889816772	59.95105114959568
-104.12919192593594	-14.692861676601472
-93.93583578315616	-92.08610639080601
-99.35371567141057	-55.2489264966966
52.75825181652121	26.96871260743308
-85.12273732446205	-15.560678875881122
99.0137834147598	63.097945454914814
56.884047373405906	45.33259277454907
148.29708350971174	20.814757024746033
138.81629022407753	43.78319889244728
143.90691785234387	-37.359635531197405
101.17731339546509	71.48303137621235
14.90337862457285	29.991256584323214
16.711824607352508	81.8274383520539
71.46317171544139	-78.58731507906919
110.25941217668154	-14.033578697257756
143.66134089262715	14.06693331327942
133.48411323614633	-43.388120589394624
-56.63320445428479	-70.0129781087802
101.70816988306834	-68.16274414113462
145.6629082373323	-34.57893999941978
10.924042835496076	66.57169960551239
73.37141773773996	20.63342629206947
139.46552297096946	20.131962303018685
146.82250808663926	-26.49110895899439
139.22015470161764	9.693603624434168
30.101280084584026	66.04006463508695
146.20014654518462	-21.246194388923186
-52.140068777780535	-114.5306317817665
131.43080698078174	58.71881583081978
18.431232498110745	85.82280282753605
59.67922939844379	82.54650077478797
112.64560923004123	-97.27117660079224
67.4149887807508	88.61683761532646
146.3305675203254	-5.15562088283848
29.87383175480013	67.82344101940092
149.05252393441555	-11.384895508341284
106.33190897076125	-84.61188369331028
144.2793486114881	-31.027787194434477
138.29689931439862	-12.872856483594553
110.69852888383384	50.21915635826643
-114.27680279573967	-28.878348270467527
127.96725696100691	40.22554161820312
133.46066211286814	-36.41733466088204
123.5856778676672	-40.61103055518128
