20.120630325984195	49.11790076752418
-121.7204329945833	-40.08395136238136
134.08333963112258	6.4682636891698255
124.28724932181535	-82.15083336121415
98.71505402864842	-112.86499455822587
10.298317748895293	60.95495981943655
132.81164550736065	-69.6882296982784
110.36847937721052	3.965666750010006
61.196811195882624	71.16941151718287
39.02110151725409	84.70310151503087
-141.07558916919743	-12.798292673949131
143.8989050747461	-12.9100223546103
-81.40675895240689	-47.455167183210584
95.86179934194855	19.511623339753047
41.394675840057786	59.98931744891221
25.298854662206754	36.39950239068671
54.22379003726418	48.82825224687437
133.277583704886	-12.877126220035047
135.30556236467376	62.2983503103321
32.24353016087841	69.6778707631744
113.5505457723643	-78.79981957751826
135.6916349426858	8.495341740907943
122.01841737175153	52.75286435170327
104.78591784515032	-104.46064986801366
135.3484146916533	-56.21409671023156
-14.162505874780358	109.66415470866755
115.88972961023256	-86.56825896234287
141.2891137315404	47.00274519691109
148.14323776497437	-11.952991898047328
-116.0870410909756	-6.2596973014701085
-73.319558605235	-75.38935677310221
137.8180556161979	-27.082069485634452
84.61347043506171	-104.0546300803023
149.08754235786233	16.212269425385458
5.833770827033996	53.31487293646913
143.388695826578	23.004039059020677
42.16418133982949	35.28354697940927
21.89982450370955	78.01337605464866
-16.372704919856385	-129.5310507984965
113.42936774815601	-95.15978533682082
-10.142403331452554	72.54647082777778
56.4752302943847	46.31930407159736
130.42136525052612	-70.55213676233109
52.24261784609915	86.07234831488543
35.744567323596776	32.01275772316163
23.148553863144155	29.082386944129247
-105.71631532591348	46.3599719997378
148.5932879163138	-11.18264823411889
17.097487400712385	74.5484460498583
70.28505667899903	63.185194238324215
25.732794679347755	56.13629362002076
113.67492610890125	-12.563051161959748
121.77185328349569	-36.250254891584625
93.96488685245951	86.4543685133003
70.91789353053154	92.41200228094336
82.64799442278017	-60.6144024752613
126.28443883002967	-80.62159225567392
-107.39928749011544	-30.241417457769195
139.05462712506784	-52.566862414602504
139.31067417062187	-53.186000460494114
149.68966151611872	-8.03627708803361
138.42422376400157	9.576015428674511
138.35243871003627	-45.84680963786751
-67.8251972259893	-33.450809303257095
-75.26801992667062	-50.59663517596594
131.68366624112087	64.42219410605406
26.516644270535785	61.37466860340083
119.71576421478301	26.742280923706886
-49.75368375916565	103.38349126996515
18.78778006258301	28.280961159963585
51.120681835350915	52.68948013106095
-89.00825330248487	35.14009983859043
144.31857344783907	-5.508057337996692
140.47060648786407	-42.10193599105918
141.5963543541068	-4.630233929685428
134.40812781251194	52.39177004461627
-4.9525160155049095	38.13095896368505
141.34880107322792	-37.078359106145605
-89.60363925557229	17.7569471467222
48.26114989338475	38.90324804250618
80.77450225065867	-38.20991434781962
93.2611854219994	-117.03569657634122
88.47459766966598	-58.21030125300776
130.85559820966526	17.261196816726056
-123.1401315997433	18.9973056876861
68.3075144951981	40.35951407644802
92.63636098479172	18.23157185326192
-7.925974342712873	91.76303906994048
149.91273679008674	-5.1133814331426475
-0.8644282927565288	93.4229831863804
137.53092872388916	-50.80453944837989
-2.237623766588092	83.88973273375622
42.56432388753557	58.08877767361687
34.254321322571585	35.15113485920582
132.45561771724735	4.249169889192786
51.018148262583104	82.04227711882388
28.363298653639582	71.68906344537528
16.658153626948266	33.647462753343625
-118.43935555005739	8.672676782808848
143.5832364974096	25.36122654653424
79.42312394692144	-51.266678342801285
148.36418281416218	10.556664458058922
146.95929194599722	-27.90341000910191
49.8615475691128	30.291025126336795
28.26455212424598	58.22087245057743
147.46615943862307	3.096195126797102
117.02422965148038	57.42662974777949
28.878096902488352	56.327325849078186
-102.71799090712364	-46.23260030243708
27.693871681300077	71.82515457977418
88.44317196039304	71.07663182378367
128.33546081420957	17.148439292858747
119.28236027928942	22.630380400143483
83.92596067118596	34.905099136911
-88.12166426932838	-80.54803620401489
76.5571215899788	-127.93454737683744
91.51496070696308	112.04147905485246
12.999323096025366	62.95511035077747
18.567329147430755	71.06718409021536
35.68653641993093	70.33136839808603
72.12131575999256	-10.991296817479933
136.37176656303947	-56.846026482252
16.445834169168755	71.45705484380527
-6.686719438068267	95.68337873833698
124.48446777122463	81.61313295295682
-111.74402629549087	-71.27166061402335
-86.96886763106623	30.06995641291974
125.86419818862299	-13.532805174691442
137.20390901031487	-59.892840621986885
127.71197746969152	-20.55564026194968
-119.44977779313291	-56.7444354682647
34.474608016973555	29.995081160586
29.689640443722517	79.97106809606322
138.82436607456268	2.303188658502263
50.27340009739095	114.43368095199436
115.51156613237836	-91.09059853563758
113.35219477214332	-94.80114427234136
33.25563307676019	119.56099882375328
132.9885758275857	58.36121353084358
137.07439489044168	-45.76896499963902
93.21748165457605	-107.88269098127734
18.438892069630416	33.58506540826594
42.0095429632957	48.27940451164904
-106.4812357670523	32.48216483703054
77.55789096938886	66.82986573318965
129.63195334710747	-70.94442798975459
108.2358512459832	68.53391607465426
-76.35394182350191	-86.2365583520556
136.9419204265558	-21.129259452069
-104.89346297533658	51.89344686365617
127.70629646012388	-21.837376936993536
124.76115205905779	21.468227706534737
80.2950971778423	-117.86413131151434
20.82452893311435	13.621975130757585
84.152445415675	60.55969492422239
-13.387077755882258	99.05250960663916
84.01452608799893	1.9221782921818702
28.618514716457835	33.071558037170654
42.7157582932818	49.538184784052895
16.392238485946052	93.09555743432412
102.32578568397906	25.456975162976796
-91.93113638699236	-56.40558186850854
63.92106545744034	-135.00697106264278
39.18207700832669	37.81305729177517
141.60660065414893	-1.313944440429865
48.6241779525789	-45.45298196270826
144.56345391859452	-28.79113110742057
33.18103083314999	86.14728838139862
109.50321929133337	-91.65630381501907
135.4069277022443	22.497209518962933
118.52286527017964	-76.72654838896806
78.63605241138322	-121.90096456864347
124.65071744093038	32.47359063010463
146.56923244691404	-16.12158344417218
-78.66730454797109	-68.97806584937966
107.81886220696734	-3.8260339662655656
-39.77063010736119	89.08285118845396
6.988986503062386	-131.23627842289432
145.34644166261253	-5.727300017990633
98.48060674202783	44.06882160594216
120.80772444521448	86.83488344800506
146.38066081261366	-21.3323500638032
131.75452920895776	-53.04370526665983
141.81427366137976	-38.72459801275366
124.96577146560348	51.95367346188533
-93.91525717560636	-32.2608555198986
-142.54204667613274	-19.12488426798236
123.64570445087458	31.30547366796208
127.84337668131553	-67.24996284052797
146.02873529147354	-7.7023185427801835
64.08644215370589	78.36430933442445
62.29796638824081	-58.51632954883345
127.51557848943703	-26.52479162928495
20.934600732517037	103.13816778194844
109.18944769516143	-64.85124647154085
86.4239093367243	55.334453007264486
-87.90198535458363	-40.1796210800896
-103.94037985517906	-34.219451609004935
99.3623431189115	-86.52315548364017
46.69758251572302	69.37546472823568
