83.94173272643788	123.79438684881652
-13.791659388717939	103.43122376789506
138.193260868738	-31.448662741575543
105.07287670637271	-15.533601798147883
117.94595959589138	87.93908767716653
125.5931838154999	-70.37150543401516
76.41822501531044	-63.955689252450284
19.0145962186214	75.03632407117843
106.39117366608177	-91.59540524116828
37.39981962861814	55.533102842857474
9.784330513923837	39.45617066971701
120.79700737282735	-81.55250821380395
121.57063148934317	56.552969794208714
103.3483447211565	-53.12958385698277
134.5411781513399	-17.129084966308127
94.80812335385338	-34.33741869756436
49.54827780420113	87.07380178345508
132.0430114933732	21.433819112402432
145.81354027862258	-9.11129198129789
93.07568929166865	-110.00595471483115
55.09592124786573	61.332896563282134
-89.34543745889002	-42.643918113050624
-45.90757588443338	101.39431569911842
40.4973393950049	78.19273880083176
137.78009104119457	-15.435739765268341
1.010755513754566	41.818198430733965
62.53722701789262	85.03898622637078
-116.43065229956925	-42.216506947549455
90.54154116864687	-119.08732699151616
116.40838608334887	-35.98189334541024
-2.6126906001231798	103.4356989891105
-97.67870461543995	27.86389052835346
86.01767065815606	-88.67663670147826
33.269850061838	17.684893843080058
57.86113483431846	96.59410417887912
62.92958139651211	73.90145082483495
97.67383710375837	-8.343450942233309
-102.0401620244128	-57.693873424677804
104.01889551093952	-84.03012652113921
-30.689332349544415	-98.86148709787243
141.55443303207423	-33.838710040008905
145.16730680177682	32.129037658571725
147.92349045360544	14.940473869905984
141.09990327607505	-48.06075738352511
-99.35451718595198	-27.077092250324487
21.985148260489254	86.74728452013086
65.53597430574882	-131.56405081821433
145.1193913235906	-35.801163697047876
143.25579056499913	6.830474022769649
115.34165616265543	82.76898220614582
115.25169144324815	-94.41491029258256
-118.54291093772977	12.52839838500906
63.18751860194173	19.765278127026757
124.91915745192907	63.38923998134626
146.17076970705048	-33.481115904139536
134.94241873588663	56.09743170500666
105.28010764081597	-38.9129692500389
64.83293147571243	-133.78238990810024
-13.578596153368595	-117.90541100459009
88.97548003119267	25.880155690286063
117.20683932683816	-4.094528203361273
39.626540263879036	27.12876624972934
29.36980919339341	107.89491369555986
-75.48234114169996	-87.51154332404849
119.42460449679915	68.75690066651691
-81.39190271790498	-46.04173651775595
49.18900070459934	-18.328501518582026
124.63353370436774	-22.180384433159887
145.4204107801778	-33.41928671432426
126.31496367042017	-18.471533374003094
-123.86094970341901	-24.703856174347774
3.7332396208565344	31.38162805923358
-81.43050561776633	-47.75776662914483
53.28794333116302	62.55243745742771
82.82985993200428	-117.07537381335433
136.80441900308085	-57.74376485837852
-83.02909420336923	-45.659694417031865
6.746333318568566	69.11306509959141
140.36124412627925	-8.286221179172708
136.21788872489105	-58.83193512251327
72.78106907571603	37.828344282083584
105.26485171076368	86.7424568449221
118.69179841899339	55.225161444256756
29.33461408892884	34.88554597689716
66.17281702087134	47.527306038906545
127.88395618919884	-60.57967651360472
142.06172143828954	-21.909473691220338
120.09348926210515	39.56849591298601
107.12497487195402	103.0152871594366
124.0389776895923	-81.94196945985371
38.58371672485003	62.32663382664504
21.12040034582694	56.0843531359994
26.73288296317914	20.112504171066988
-118.81249195385863	-9.66099187719096
98.96314628213975	-105.44179795222466
31.536678550436434	52.29692747228512
49.459523714220865	-58.65554502362576
103.12601059856671	13.172619698503654
97.40790476523725	-92.8732422871438
118.1629075503835	-82.93555709217081
96.77927392120611	-114.52899967006906
14.212753990115264	49.49307172228535
147.10192254955658	-18.403139557944503
-107.85143251178216	-8.758084683564219
115.3447793468814	-95.88051800432798
145.1742278173791	-13.713794222132442
140.18898842690714	19.191603027897976
51.961680376399016	42.35835310526131
34.299805661625975	38.68058533648531
46.275325104956856	63.41113113061055
101.80345374991938	66.78125855415983
78.85562540693111	-127.03148603334277
66.39240680772252	-112.98795465313407
108.91754260673734	-37.46714934146117
123.76807292690984	82.60726443076526
116.34306843131291	-23.29212776640968
27.822847912651177	66.81204317154624
107.2514907811294	-95.6510581189751
65.5037740419727	70.05840906020559
84.1137416677601	61.38194661436044
17.118032936515345	49.4225723957462
-2.2073271841603166	-64.38566500536247
-4.8382129434654715	47.13401010828726
39.1028700037667	57.730645814084134
127.95583347069396	-76.4410974402376
51.54004535634647	-57.3873232108673
-2.0021077973047596	28.775433539671603
147.09363387177936	-25.01833427090752
-102.4835351033393	-62.02895297017992
-48.6829041156392	-63.53712230881095
-41.67011679924143	-66.83971445701783
133.32890931459247	21.57095706736569
-111.54814472389069	10.592321076694631
135.4010779304048	-62.086929851129774
-41.083915210403134	-72.48813153440359
149.2701998175693	-8.294858705530851
140.7913310956534	-12.509747874366019
-6.876981232675268	29.536452308063335
142.71640146399503	23.86432047979733
143.87129949790597	-41.75164576463263
91.80920108230076	77.42788554061767
96.14398292291575	-106.48595009538049
9.478202747819642	99.09311519255733
97.39102679007974	-38.45110391622593
-21.943230066806056	67.4980510768714
126.81381997390478	31.31522353135284
-54.77384807883548	-94.26540287692755
149.1504262832749	15.454391848274147
148.11477655301232	-5.120766928458339
68.98982361064768	68.0430888419091
13.990228584162471	48.86417304600607
-117.35557916527975	7.009902387217033
144.73506219243666	35.65133562894895
-133.48058515578953	-12.787472439057924
100.87697581393981	-92.57329939748817
134.60620108379217	-58.475864957269316
124.65131122896989	-34.18639310341162
73.45483544573814	70.98047907150193
-10.746720461898	69.79533369535486
90.64635245803136	81.3084110119937
84.62128004357659	40.57997673836328
135.14215187844945	-44.68233267529246
53.3951900662198	92.01200218425144
88.96926500232274	112.3359975842465
100.20409648404426	-91.1441274759896
145.36247203760186	8.461044186206456
136.40494684724314	-54.404913337571415
127.95664078242623	-68.32607655131719
-118.93287861506522	38.27263895845876
143.79236280299767	23.903475738793055
-78.010995489601	7.024586244026063
46.32092857555197	79.20917508292123
139.02670554172394	-44.26736640082771
-26.876900143187015	95.5873754013969
-124.65211095668045	-33.97793374107787
-12.934696396874168	-85.61940225938463
117.28060627517999	-90.86109963772569
69.74031806823291	-97.23745908674611
90.23073874206193	-3.940496110871028
-110.16483256682201	-20.188329114066637
119.47374568873708	54.36435788011264
91.24242038127831	-67.3547495075845
142.3375756773	-13.201749506541207
114.97958511190517	31.192515442549393
98.53807079050848	41.531511416770016
129.99172463558963	12.189294527320849
-113.45763563220633	-46.90757436502839
139.594445162218	-40.57908616322339
122.68805037674504	-62.96549340761588
31.587643903452587	35.80858897370866
-57.49893724338028	-78.84898728896093
-108.61172852446585	-27.284231878032816
-129.80422519496116	39.51066617398867
148.8702097441941	-13.997793008059451
47.476043226144704	34.524756704838154
37.8945853737113	68.22243097732876
121.01820614788116	30.32340596511925
115.16953072352081	60.05143527909617
51.30375535782576	69.48012900611569
71.3434268899142	70.21272693092185
