136.80131565641992	-54.055106295611
56.93271832423078	83.44883215213896
-33.81247210920814	97.18043089272386
34.163054161379414	80.24855956600423
57.82095479852986	-8.13517192021133
-108.05122832078271	-65.10739903501808
105.80620266480061	-105.65552312515885
75.41858830513922	-77.4217414573736
133.64355552695537	66.35891149858509
104.68488175698161	-8.953645436151533
93.7937484648344	81.98689987123099
43.36522803697937	67.23432827420045
133.39041460498774	-65.56679153361108
109.93130459229067	13.880170659820646
113.26650631951188	88.72131700887277
30.80662020997627	48.7261302486898
63.04404899913988	-62.13838297734211
143.57694255953172	-30.284866633140254
149.85662050002128	-2.6011902013535035
122.90711140658397	83.86182469640377
141.03234480684998	-18.128046910069532
57.76336082239499	45.89771103263825
-64.30599402928105	-98.3396517943865
115.47279904880412	95.3108485504192
102.60447309551022	-57.921252300140544
101.52379277424181	-86.56293598871592
143.47112901418063	-4.1266710732400895
79.22590559795131	-105.72465944527791
25.88535166419261	82.87112816345275
145.8279702288893	-9.780961866239018
-78.0992852316555	32.16819256930257
118.58311999493093	-32.55470601599246
149.54518829643044	-3.3214648845108474
121.63746668828844	20.693662567336975
-89.89052413084178	-16.457367126620603
81.73545261593402	-103.0652706760156
114.9903752146789	39.43884015062435
61.918845426941	113.00482719178272
-124.55313058686058	-44.1396294912512
140.90744246033398	44.181586832928005
131.98354410478765	19.140081099923197
2.082944985614915	-129.24384502219326
105.52251011783265	70.63771129052752
98.29444005728242	-110.99507605656315
115.54159994789677	83.62905270111771
128.8991192059382	-12.126986390259841
139.3153790420096	-53.94524377213863
-117.07537894146184	-31.81868030871353
142.8780214593433	45.01522972925256
11.0649899618533	141.56441288425637
127.7168035210106	49.473458532680084
116.35317097139618	72.27985856832336
121.91306199406286	-31.902056458990366
114.84920929127958	-56.645598821487326
12.986460873639048	54.56605695356578
141.08937687160295	-49.235611380451516
148.18505371335957	-22.21191477067756
2.1459716894743823	82.69396159057949
49.171535145891184	-128.80871573070843
121.09083437417034	17.945581524114605
142.03799692722743	16.410706382812943
16.634422627154745	39.63979281845978
37.052146450545614	57.356732754028386
105.32660790524984	40.054580133226665
-4.249541203333542	78.81900439948726
3.2014264671841146	85.63462498641528
32.61416364469423	49.52017470654214
145.4886829650771	-28.57215173121874
137.43907922705856	57.827908826298184
66.74695203498885	-134.20951718691117
7.201529898959124	97.64108132186456
116.43192004227896	-71.27793255812206
41.675733170109076	48.94135487141545
148.6107664973551	14.046857401678505
134.79779613050331	-61.81729811724675
120.28660044719349	-43.032167405777564
86.12134801387585	45.50638982015987
117.73956714756595	-87.5799641221881
-28.968264531743927	102.90455258086348
121.00626150667792	73.90397819075747
-40.893189438815824	-115.02769648763262
120.64102115267143	-82.64458419150365
79.4800596205134	95.9688732177687
-3.188512242246548	96.15156007391413
111.30676733805464	-100.38260612753704
49.289049356353416	33.60546620071303
34.687684866089796	53.97455469768022
-29.18878573460068	103.11145827270828
23.933289566604042	38.98529040387755
21.60178007529304	61.3300850097636
32.57028173289931	56.9415284222076
76.38751052388282	-6.93455948915552
93.66732632396173	82.29708723292568
114.74223047565972	95.23272984906298
139.63963450036402	-15.712361457105496
112.05633528094884	-28.49387174539615
-64.26008597017976	121.92582446795213
117.68316128325283	-92.58704882174878
119.3718399474719	-80.20706927577672
76.44240116822161	117.18269656835484
18.811784766617336	33.29922744863541
25.773340634490573	33.41875009324753
147.15576046384103	-26.581175277660538
119.29771234549588	37.973073378991785
142.3453105466478	-9.989579067606876
137.84733167355753	8.438203857460982
105.8001069951622	-34.09993578956821
115.03506931250284	-63.138241269996286
-26.120748156205767	95.17647659891462
75.91461581874734	-9.63775501416255
74.37816945597164	77.23436511648553
70.26983209701967	55.715635473782264
45.70932557599155	81.57060296995098
140.08569280550392	-53.58240672904189
129.26214765557748	73.89600750665939
-85.14432328183763	-65.29615086417655
-78.8260124977572	-11.78289687250768
127.44939256983061	-19.94915101330671
116.5770139788087	-61.890447556641554
-99.9053454226826	-27.39180981729263
73.16743394495215	-101.89021651381219
11.160764883894174	40.93255363294398
-115.59919694980906	-12.410511713199979
-121.84586998771448	-22.74886561145115
85.00176834658693	-87.67154500925393
-47.38542865943272	101.18624711451724
137.2905404586532	-59.58663935639228
136.85180978975302	17.797207984603002
56.390095212833074	65.05198931827755
10.156312684744934	34.2702427741003
41.40251515948527	77.32394439823327
134.26763556744478	0.5982587104250967
84.13981153343447	45.71332596357986
147.26259501257735	9.391430843035575
64.11452429091418	31.47082211685493
143.03195290162853	-2.263738391393907
144.07318983731918	1.004761042783378
56.820353839459266	-138.60713600165505
114.89411151449646	52.13253262648075
140.96101836927974	-50.06476904054702
-117.7261087157444	-4.764099005661521
130.94686365768192	13.006546038528588
-47.919872269271906	-99.57429372256797
101.45156351682046	95.0692187107929
-2.8848033768560337	30.94879746504136
-1.9316403961292974	27.608764545421568
72.84315891299926	47.244207423984854
93.00723526557525	-32.866766785951356
135.5927598904338	57.45570731170553
100.93464329020689	-46.315735184845074
99.24307516753454	-69.60636379433437
-75.27085102071891	-25.5507388647446
134.63313160408885	-30.958079927241076
83.00477115141126	-102.67166317114015
13.968681042375932	42.764772904852414
97.01644555535941	-21.546474160967133
75.14751455147193	-127.53865156321376
130.34382823341403	19.272840757637212
145.83214136992976	-34.66859325637066
141.3940144262457	49.94164288320793
-27.767736468224136	93.02133849756541
-98.33370064928972	-48.93184902894221
148.4457211513768	18.845591510385194
-123.23336627109288	27.880035716323295
37.48173549267618	88.09396833669354
144.0353840698101	-30.871719967396107
139.74054505904382	-32.55833638938134
-113.58035925200716	66.73079885149043
53.0320661058505	85.85918935887928
123.04789818457058	84.41547468906369
-111.3051119036497	27.053934400515285
144.74676570609537	39.29766103314992
22.248249544096193	36.90666792192437
132.18212883646837	-62.191400640100206
123.95806633638841	-11.707541873447289
-103.0347544192047	43.667207706960156
119.54114796252588	-3.4151245547551596
55.808844555972044	-106.28715100573812
114.44658058085555	65.7240723609161
107.26276915525595	-83.61664099297923
109.49456954223754	-102.40195168842065
110.51109718425484	-100.5536646460967
75.9274684710375	-126.1181368775025
129.47358758335895	-35.72739877754395
15.29551489927251	42.81238897296678
138.08427795907863	-58.146851620457255
11.896079379799385	86.45605601149312
-14.183022074891706	62.59808688310756
119.40349885744858	-17.461757766336053
26.017125644682356	48.0528160329061
40.7558507120241	74.42141322141468
-111.58233076481993	-32.76827088389036
118.60980651575836	-71.47908183266306
25.390232664387728	56.35447997523207
128.72459946635792	32.588578037614646
19.25520631737602	-122.47590703332686
-2.3888402027414255	24.560833213052454
44.75813127296349	42.4064506617381
-22.75145963604629	132.45786620956503
128.43489423388456	50.690954644352004
