-67.32781088317864	-108.39542146437873
-126.68270357460413	-31.259919381652708
42.763900953147825	25.751444698347196
105.70823538905509	96.05145408963668
-6.607720081303202	58.12874075578624
44.890378812853996	46.700277758436094
-11.421143550397451	-116.9748559677141
111.96110711825108	64.17243420485046
-69.42482165617781	-62.3529798350544
107.78202204332361	15.901227699854775
22.883699657639934	51.78123796812635
126.77455197152514	-75.30127161657086
68.90061561641868	89.4812750852111
35.87760590303372	28.46938228072049
-127.4617159749646	-38.858562013173405
-99.79493221771256	65.5615493085209
50.738364190248184	57.873782494819636
99.20860221929632	-88.1401578851104
20.286958087905855	60.51430636026476
130.74033534265556	-12.407281019827012
6.683336513243619	90.13914829120013
67.69536536010214	97.064486708645
59.40693674582759	-73.80174101922557
109.22603444659273	-77.52772311877627
44.37060795504652	89.90992239352427
106.20030940206928	100.68614873227258
-102.0357619583486	-54.269675880725124
121.30168950414213	13.776233170393573
123.77840007153446	-57.505930283391386
123.32624611474465	28.9713063772618
-45.92259338915847	-62.13950581850761
-83.59360805903594	-92.88966308189129
-11.623350018108209	84.13685802954404
143.40410655369487	17.16810693864594
139.75211601254043	-32.09576931266652
123.57453241053324	84.98085593469881
144.7601603449264	14.482840672984592
-121.13412761075237	42.91884921777249
118.65672200687622	-43.45640786753764
96.24104138252889	-100.37607469583713
142.71632809008224	-42.32490436732916
126.9857590044302	-54.29468615670292
76.28145784697583	-113.3763052043503
-66.17734961247535	-115.34732108804378
113.16141965420688	30.11597744799706
24.536945202034246	81.43815634324521
21.629840806432405	26.095392685583057
3.770330107339043	12.871052788342189
108.06463360001146	97.58340589430897
81.64983359079476	-80.11863662551642
92.99310172428717	76.0200729263548
-126.12017622547809	-10.557284716189033
131.99421644065018	-17.184402309225653
16.1574539344451	42.84975183196525
140.22711328381754	34.183250675766814
126.29715747348388	46.316159920764356
113.18886133158364	-98.14155541710127
134.94952206319704	-42.83936186789049
16.303183647997464	25.85760445529118
117.8720020201331	-49.58414079950525
89.38046356833485	8.248668548990606
49.09706629482697	-104.65316216147399
16.38999496010448	53.828316783818885
129.28982971611404	-34.773716860772666
36.26032942209543	55.88040147111346
21.056470825081476	41.027731105252585
-53.304194757395244	-65.09568583152365
128.06790112176142	73.7566254677124
25.944003458520694	57.54346046963021
128.87038170797274	15.746612441930054
109.7838224893251	-42.64361618276265
100.71584715244708	96.85794756600819
53.259161314270486	62.664356984858564
26.259126473367747	34.008730740049195
125.19710130905463	-48.72207004921871
19.978155951635582	63.5665118065461
50.71097996356369	78.41176549368606
149.19189408191934	0.1680434135527847
113.59531767458988	-69.96289815841465
135.1405432915329	-45.11356035817417
4.812983961950495	20.870767488566507
140.84355089845025	-2.1125734161989786
-48.104318069980934	49.185112947186184
129.2839881232636	-73.15815690658918
132.63265067593758	-19.86997438644638
39.29627799258961	65.77942043136
41.93329103190888	75.81269483266472
106.3642601935432	-81.85693381736671
108.40257355633916	-99.79172979429403
71.86513940532426	18.615571205350683
47.94152178790145	-142.12655556348562
149.48398591545728	12.234897659032676
147.8051062581733	-25.540717766079005
46.594829296791154	45.13137727191559
-71.58895487548442	5.907469595533604
138.58644588085482	56.486944184828566
19.28313917030364	26.58496289066997
126.28228453288315	-13.580108399060244
118.9469627082331	91.05615579256919
89.07962156562401	10.305941706144099
124.19387503565967	-81.96645063718543
87.86824751793873	50.777767177106675
71.72066595010082	77.8227777129378
10.70118339151991	26.900786612887412
117.55295137369018	-35.56133621740429
-54.67621331006476	66.0639354633358
41.750864874311596	48.288445319524214
147.2683027257614	-25.201206360668152
37.081272431526436	78.36222791742516
96.9175095021679	-111.57549172330005
-80.63431802662043	-98.74689633847998
116.66015298317825	-91.57530829370721
93.5997955853279	-32.06001209201156
137.47423389223798	30.360509041518316
98.54218377126094	-92.14152683203523
103.27121098401996	-65.42743322074598
42.665294741991374	64.23142332201287
55.92954845920903	34.51550283062535
131.33501260309916	53.2958079353378
147.97885445602574	-24.28391833989298
93.97999483013851	-116.0318030243082
103.42848022402522	-37.39178603353723
144.13371051362165	33.84740246352596
124.47579581158018	-36.28769195245519
134.17431602835092	-47.10767547977155
121.1891249253692	-41.94565931023064
144.72381883152312	-36.8864472983002
106.02135815517349	32.11465234195605
133.58520371130595	51.168612436941224
146.8703236639581	17.901483134946982
143.45076108525035	27.587625085515633
104.59539368656056	-14.66238541620354
-6.115221474757475	91.97308163598598
28.61342905639975	94.624762418114
130.09762607318947	71.44411403172704
132.08758026382594	57.42495327059911
7.59329330894101	76.44475132339792
30.295136332715835	90.09753752320506
19.957580479928534	72.41965258723326
138.2390677147681	-57.92727242056435
-126.49710497671443	-22.801410218792697
139.1385081311157	35.48782528302705
102.919464174606	-9.591182828762081
126.6271875392279	-79.39197981551253
52.17990745241698	-135.24450708830423
95.32727097861729	-102.61804403849538
5.134718330992378	53.30051433696763
24.98292746775247	21.44650133243852
24.2693288571627	56.42298950091902
10.274363107152647	93.56364777381569
60.15094108517964	82.3586234141868
116.4387171764396	29.110563012147527
62.032938809360054	32.91071709894114
21.711990603312657	53.10455233073144
-0.9461114004849194	73.03565481305523
136.881993623875	-15.077086899454134
120.45837571139872	-87.39516100886576
144.78469165363288	9.07687221427154
24.39508261334361	63.04953110973971
76.5826632489516	9.303607863324332
46.28321208820172	67.68465793445262
121.31265508538908	20.444381440955127
93.25167212143394	-89.66182714722885
-136.19168252067433	18.738298385658563
144.319918768492	-3.045502371021435
91.91188804049976	-107.45475639692475
25.671273623658013	63.48453339478391
124.91307205020271	-53.62536605245984
-138.14558413486134	-16.40227389275223
-10.841041056966437	71.33771358439786
31.126316527635172	65.42196570307425
121.43583728406226	88.0514380446618
149.05540818216897	-7.915495734767701
-11.224307952135	-82.20019022319002
112.02059376879551	-8.991695280180265
20.717304740020122	34.98126982281162
136.50001299535393	-51.34956037342408
26.715247036891324	76.72653925528438
134.5590930808217	38.02170290529299
62.309007812616336	52.941529685012775
94.59400827988665	14.780569596594743
112.60497203134351	-99.08581970443994
112.19555007972944	46.796034507246425
108.40628476949699	-78.49930200857119
115.68723200601724	75.47232768132983
6.91766750985692	63.658831567527045
133.65054261559536	17.49272589992582
22.364064219815596	58.66929382972446
127.89947452898747	56.374204552641714
139.02488096266856	34.1219998988095
101.02486091395534	67.40777093570982
146.934808203108	28.165681966288528
145.40678501698147	4.786768904988892
96.40811907719043	45.43312787280155
125.26371691989986	-38.82516310027082
149.24719609250027	5.963046796771917
126.01220449733074	-81.33773966889447
144.09175718425487	31.979705199168677
-113.29476962423492	-40.45695800353821
-119.96049117252957	-29.48169887273183
