113.13635981420087	67.38284396083534
-118.87245692655499	5.083595429688445
-119.49323180197247	37.96885472246917
-101.28370692289424	-33.546079408951066
12.234015053637705	57.257591435203786
114.27066288640134	66.11454213077987
131.45682211394993	-26.889316113080064
95.22991945245431	24.180022425868167
-82.89019119464645	-95.84661666755262
-116.08176767311689	49.6844694614991
41.26975430159516	31.854999964250695
-84.36580968424646	-51.93926790518041
13.653729396897054	50.5482286647565
116.33212126004396	-92.60046352324937
148.9807478900698	-5.742847859426864
-102.15508301569739	-48.39416534678432
135.9534593919534	-30.42263376325406
126.19692649329295	-33.6463109112638
-127.12295593110237	-40.66456175333978
102.92679688914676	-77.92810020688552
20.655893716193077	79.66908670774464
30.84353751778768	41.644802327977686
29.370773878772113	70.21747944491335
-98.95216711235796	84.7175166124625
-82.7309305579532	9.39078232639208
124.7013022476184	-25.471738416088574
-12.815374746363007	60.55997893253191
92.26712506572777	-1.9222194904158878
75.46405267634155	-122.85978295810209
22.813871866595427	61.175960722602426
99.08410651242328	8.72036931314885
93.05368544272156	-69.93134843038293
17.16736103773036	41.505403387620184
44.0043927950571	82.21143063417028
122.4996008999828	24.965008246587214
44.80052192130373	70.74870721341391
84.32676274274928	-67.5133274738138
98.25884736223469	-48.93216693599177
104.22512115589423	-54.37641111087429
89.16154731745883	78.05741906924415
-63.593160017529925	-111.3507190873838
13.411457972077406	43.15332464028737
91.45203823100428	-6.66983632804166
36.647038300915526	24.89944226910429
137.43862004239162	-5.5330421960869405
136.52619415754071	-37.33791312810951
149.26032141955	6.244874205575313
54.08206557608715	80.14322526671542
134.15949361278322	42.92707120470788
104.5879291969455	-98.57959924209237
114.32660934821467	-6.913739343687808
-65.67848952281273	-88.3175685523954
103.99230497436075	-12.566279183276743
24.11618158176926	56.452320987734616
52.45413925110696	93.3971340965402
124.81943232804315	-45.82925045362556
19.43255122214534	71.05350128536222
-7.040708536356541	140.915819934964
40.44634003970624	44.303609537390365
137.84733009645743	14.789435214459957
132.99816566990788	-56.302369107437144
-73.45019421516231	-60.40248025921767
139.7958935124859	47.91948454127145
108.07398001151273	-80.11926942271363
123.25845825882536	85.1073519366753
125.68591766505165	-55.63946698057914
127.39144310785004	-76.98298209686774
45.352429773533125	62.84567681583843
138.8921569412587	-50.11417108853892
50.480086531940685	97.40675098031156
67.98485374732421	84.14474029809945
130.80653009308426	53.283040838310576
92.96497970288408	-31.020088496357808
12.77657136897636	-103.89135746550242
28.28981128276361	83.15291537797033
98.48980862491914	106.58593220075358
108.13885457672683	-67.75103372648378
127.3510561486904	48.34530187677295
43.34745756441424	96.12852298078923
2.5698286287647445	29.83680169697628
72.36955176479691	-76.5504862202507
114.61758508837552	-6.353655730247559
48.995091720662394	-55.953454684952554
143.575590011136	-17.676994315417875
77.84291671918277	47.7900179131708
100.39213215898512	-97.40591770039649
121.60686739735424	15.608141044620183
63.89459389005131	31.131552946712134
44.74389790949215	66.19053488625305
-86.95247608706671	10.695475524155334
144.14592627036677	19.921732522447506
75.18169840125948	37.206077717840984
64.29731030349473	120.9180168351165
107.12513032568545	101.3736978086334
116.96092798182912	56.69964672349719
-110.05522127107133	41.56585744878022
104.56541830726185	-27.466730587237766
24.566437147257872	93.08132204090866
74.0707413522066	83.56608963059836
108.2017832793513	91.89597248252724
122.37685123728845	-85.44326574605425
7.822990548017252	68.102161144136
114.52954651973687	96.8202953760441
23.18709010706788	44.73826432224579
61.32750756772478	68.9504442047465
128.6767174841648	72.31725961560784
115.24720893487762	-87.8525884067609
-121.18386207517565	-33.580100359353175
129.60774447590106	48.364286896524064
-1.1110497536252069	90.12967892188426
100.56812736332311	-87.83695403100667
-37.294425213873325	-102.00610810157447
131.1195740465054	-68.35734941125028
116.70650081653352	-69.91398080924384
144.56625722150307	-32.205904523361376
-71.92675237545886	73.86863158164282
22.843897069981118	45.67665605327503
144.87128202284813	-3.097527210828279
143.76146652434298	-7.514581847883978
119.83822061700451	-85.4597590731744
114.94366026710233	-83.01522671844293
-132.08846561051624	-20.92961243265122
87.74165396217906	-76.47954237524496
138.6857863774894	6.294181309566293
80.66078499820604	82.57683425941048
126.08574424435453	52.57582820697481
100.23120210066625	-76.90593939220129
-18.90299293387977	-88.79683202467885
-113.92523744216479	-42.69978982443099
125.61604667450905	45.74926036196276
126.74809094953899	63.20691750261488
19.34731748707559	47.82322928748563
142.59545372311402	-17.914207981308788
116.73061452078166	-24.93763346451058
77.97837877436658	-50.96260154405664
39.48903721451916	97.58797837021635
129.75332309149655	3.78106773117972
35.713750341579015	86.76730557463284
136.97493710758562	-28.16136503155543
51.3536419608247	22.975688472402698
17.63788501987096	70.29998129646808
97.28287218724978	-106.44109391799988
8.830801815514661	48.31051348191058
11.415355106034946	90.45485017331465
142.65034791817425	3.0427709410608137
-4.661039960254123	-129.45523398866007
73.30403315396369	-0.47369507792561294
119.46489557645528	-32.74372569555872
118.167199901554	-53.936663549047125
144.69257462251173	38.106756274831895
85.01619246826587	70.35037088304263
-110.81057655847603	71.87635269180444
39.85338713405056	86.5313583496026
123.38899739676182	-66.35128062053688
134.90636074460986	52.56726371595729
133.9781449385304	5.668937573293436
-66.93327399029589	-106.74311407019327
110.05412684023136	99.51219055118571
99.77910623404455	43.060830132245655
76.68149081856467	49.77698213009869
130.81389955206387	71.35669077071125
-55.23623693246252	86.15229776759301
98.08017675697546	-109.82596592593268
-12.928566007014966	38.587499919889304
26.57170826531603	64.06272406381271
140.2467447209163	31.324592712444545
-49.62568753490081	-97.14213041242806
137.44401220593016	-49.19087065546284
130.61796850762522	-66.03250181241451
-67.53603356029254	-49.919590889916876
58.10507778316692	-111.3689238535742
146.99029844281134	29.779104677005037
4.623702653720642	72.58710836043993
38.34575502860613	100.1009430569546
-82.7385807580515	5.339608804077044
97.56454202828769	-87.0673515669583
47.20120178034891	55.57876271312441
17.29470573962314	136.2248904699437
95.35826268828207	-23.066685005424187
-129.82257670417766	-14.40337229840664
147.05908309651562	-22.51607574975797
149.22594972746862	-15.120473281960253
65.01592405662309	-47.58493492731921
-115.03014926212758	-22.482058019301135
4.899803081885648	30.680103773384534
8.369713837534876	63.404770871627235
117.59092105533834	92.70588481427455
-106.41393013034738	18.28177945951185
128.9558454303034	-67.62331962155758
52.846007712544036	-80.49311711565228
115.10254146216258	5.083702114496795
-84.71873625265668	-13.178184566355533
131.4155855489302	68.47498966701703
-10.999458501404412	64.85998911684028
13.592472425069687	32.4244787559722
146.7913218743784	1.5052622016896087
36.50652417245042	37.026767732742314
144.86900580887925	-28.63795254172484
40.480497349103864	46.8567612224183
37.78621862708886	66.15531883608757
