105.09061121966145	-34.112495555277484
142.86450772505498	39.938273265825366
-76.64556479093572	-101.78774293578937
118.5789296791489	-19.287193865937116
41.8831713116896	51.8334950298055
55.56104680420029	41.01594309048267
-131.18793417724123	-6.22517943136409
21.00574195596531	29.962583393157644
133.9959499136145	8.775270889463776
99.41258305566635	17.195923130782763
85.63000252431704	46.34650749008875
114.3234558372954	-70.70864898942762
109.18834840379836	-40.456531224717736
123.86737907992284	50.67561122970136
140.54930108028483	-16.15430993320038
68.04787187353688	-86.15974016872082
108.10500822384421	74.7610629410661
100.81908166066926	49.65604240089584
-108.88304646744938	-17.371568593107874
92.0807998154696	-59.92924783634893
139.2134714748521	45.070984819290615
140.0878463257054	-30.792157610656115
94.69488608490433	-83.64180220556585
147.65677866384476	-13.811461558462552
28.160758322664027	64.05825650513091
55.46023300254103	43.142359964164605
140.71225954113902	4.6397170015821505
121.57869107244629	-74.5110885134602
131.47236418563136	53.51520974694572
-35.28656234383752	-91.36935438627403
65.13561269005443	64.56840790847698
56.03183271219932	62.91097319206691
104.16935598462669	-90.62629043225026
37.99841311822709	39.5760035787553
143.04618429777904	16.102547961669185
7.886545758515068	28.72527807920314
142.5397268475284	-38.63786418158547
124.71277096299325	-78.40181109831006
137.25859701114126	-33.99306530369016
9.905155868703961	39.089272045637806
92.48176004030437	-11.366620198637952
90.80129234574753	-92.31349727336065
139.39312606073094	-18.753267777173864
147.75187614863387	11.298664445447638
-55.233394650509176	78.33486237416986
138.93122014381714	21.737685212827646
4.311525217663869	70.93100646945254
148.42206482120676	-18.29991837074599
123.48198915125398	-64.89994696279349
146.8910877063839	-30.360025621939748
147.7466528932789	3.645423506402963
141.57214011778635	35.66891219988204
99.64416059985497	-56.05422511918745
39.129872660181356	20.498824679794144
2.2711015485679527	73.87171353864284
-101.02661813795991	95.57391968919782
137.8089074097287	17.0561861813959
80.21513892525607	59.678544391174434
-119.83132320058021	15.348316702498925
68.38930041483611	-131.02729396763038
32.15414414557298	47.67669176928712
134.18113780673175	-61.64136158784064
140.5781647323491	-50.67283425755135
146.95819010094507	18.959634764357126
33.3154322749041	90.52799923632796
144.4350037362285	-19.14724476544211
-66.51360660875632	-95.77437946954491
-80.5242996952013	10.58934847698295
-30.30100623789069	-119.63850900148003
24.52664440530293	32.90350876156596
146.41121308394952	31.26194889256232
67.5469728779846	78.36105267710282
-111.92692885853924	-0.02377458582170296
143.14892111071023	9.284694662157452
143.105518256053	13.051194790640931
64.9871248081028	-39.05106227693776
146.84107058636948	29.36173708246278
110.69473718551247	14.63371641621704
24.975964955707266	55.412294604471434
146.14190456749034	13.14291156799667
52.98748216492823	69.91051044805468
26.99868020666264	99.27324386507975
46.17289310601558	36.821148114458886
128.42056112326074	-26.727836085129116
145.60963321431652	-32.717517302545446
140.72437541128826	41.56466130651935
125.42023785299463	-29.972939428241318
38.81219536131371	-142.4665413360033
148.42071456655844	21.7065185306379
133.06949828425994	14.112496622040887
38.04484669450023	67.38043032147375
116.96352323095057	-45.5496844250909
146.72164770204708	13.873326809627583
-95.91219575104783	1.6250384797546
31.498519483244408	86.8526181500386
-76.95101372861211	-88.31104606736854
148.5948092857307	19.235362050333066
21.234157629406475	58.710339041115596
-35.70319108730191	-29.4559363595329
39.591626128866544	90.37517311826015
136.66259401384735	47.31837007633194
-70.57943507239698	-123.71920007624288
21.258922965593033	47.10603085524256
84.66868309823508	91.74432545045109
10.955484376369085	90.15079553011542
89.59244856008235	113.22372816416328
94.34895769364242	-98.54745298723144
36.89327284038329	89.23458245312708
118.13851274927715	-73.18471626592113
106.47676482802106	-98.25367191106533
-5.828476704585177	76.34471147571257
122.23720540043215	-33.124716082771315
106.44116094267716	-33.040957819587895
47.97357418075716	-83.40783839355272
51.392437209549044	59.3735104194289
45.15063191302685	58.515537754739235
50.95320516836574	124.94949245939922
74.05930310091912	-79.45412267992792
122.29198373255554	-35.00828112735772
52.50335434035166	129.44829859472728
118.16850857957456	-90.27477931016811
80.1615535670675	82.03470868642438
138.46784439884678	54.31041393055894
122.55278789743802	-17.051103681043273
138.7333475846633	46.395798985222726
71.28961117768398	26.47759059136691
102.60658941971715	-40.62696149537196
121.73437664709705	-86.89304602795973
27.598800990207106	61.525760029570826
146.99629107049554	-5.611646509033802
143.0892494096621	-43.54038799138215
14.926706258938916	52.67438672243408
30.907888277206315	66.28648855964153
123.17806202869514	-46.05139169650833
49.21452727401304	34.06547405473334
48.56590006769026	56.89842476468503
122.14248381536657	66.82454609061361
34.51813459768957	40.05112757638493
107.45380893645861	78.54708486307462
97.34107966197267	32.98847457609574
120.76129883916755	29.593019158067452
90.30167329744124	25.422997329547528
12.00186935070879	44.01153835765048
111.56206626758082	-95.60185433966183
141.31999057939504	43.07478032706698
-1.4235528342345143	78.12708458429428
85.27440846818499	-0.688518665716352
120.79242485572364	-71.9914832843682
123.87694890831447	51.554467260431906
98.87236376940115	108.86709331811335
86.82856927811395	-13.754368583841007
29.905376197074624	7.891149127688522
134.4075893826168	-3.6894952869065927
14.623022198230645	75.78591095555677
-69.56578386035447	-69.78990901566085
20.26185981961519	87.99637530145515
128.3603693300196	-49.762898485257054
30.23386382535251	82.91075730294719
30.27945028176705	46.043852500933944
146.43950832236897	-3.0766435913780077
-136.4571363948671	20.994665063224303
36.33011944941944	87.38186036543641
-79.7697369511589	61.465325633488014
119.67839976503961	13.387702072245517
115.62421475019018	87.97728835495947
136.86576720325917	-55.37021675094864
104.10599012884738	45.067777480781665
146.65446926282794	7.576294544244342
111.08641881752294	41.19466985366447
147.6953931379377	7.555511231852104
93.83361204671799	-105.50712207460079
128.27754030217827	-9.60112316083417
149.61867965990953	-7.308828075158128
66.55959306767441	-131.0934934316019
43.4014991767051	58.07563464313428
-41.57495441987612	59.59217589299208
-35.58378084160863	-99.61823792440353
118.72147203230081	-6.986123960872733
126.05867695956807	3.255316318214091
146.57222028332964	-30.446029927978348
65.3900056172969	48.047057674332265
-83.9996501698727	-15.896123922480456
118.54587664797931	-71.35971457670824
37.035935534134126	47.19697460778519
80.34323780917515	-108.34225328335702
116.85291727276416	-35.11364676208094
-88.51204238207903	71.43884182460197
125.33227934328795	-79.74862264691326
149.9751586932303	1.9204641770217212
123.65554922601052	60.081452178558386
129.37919627957584	50.98922617583458
145.95412372304017	19.018716677696
57.04399903725229	69.25028412481657
-114.80289804608456	76.43856886780128
135.8265906447339	37.23865671449135
-128.65358782198118	1.0882090017955435
110.8645917520865	62.927492440544704
-69.56054906621688	33.95947506937995
52.094114649428526	-60.29683490250583
65.58823071126325	41.373112302014185
