59.00167208434212	31.64944861545789
90.45831263868537	-84.18702916308366
111.1249416354844	-51.20886248898477
141.7284386439309	-43.54655156106923
22.32833560597019	55.856009374891215
14.573826414493428	69.10941142484194
21.45790962995174	42.78070479077387
21.50444509105435	36.090494022319774
-110.86501781033274	16.429012774774918
135.65923109808804	8.014965056680595
48.7072903908223	29.54875139210068
118.29336564394542	-26.44299884446207
115.94590786210695	-9.791626303885508
-104.14061463004468	-41.08835676554593
127.66666720479822	57.88177328417183
18.386964599705347	58.798105876041916
117.50740157981112	-57.92434428902939
27.540770312880632	80.72642402373104
8.498002614362571	63.89394687275412
143.6233586910562	-36.542623127896334
87.58307760255262	70.47301490490918
104.82591513527122	50.60936662573288
117.40014184722482	-31.32028312130738
25.09431990106119	15.709133082961044
127.17578521201611	-42.52039381825463
19.565062638873275	69.52242614680243
32.29066122333049	20.606601355720997
33.687242263636456	83.2019731389586
111.78820527232028	-27.06008170937884
-106.79049956805866	-54.73225359086444
128.0571846047131	-77.80901596167023
-87.44622319037957	-66.09785623899887
-24.424624706733653	73.38891509510576
108.86000340881608	-40.629813431839665
133.4579031522734	-20.893785042348103
86.4791424165427	-122.03585858794213
-123.02966172903727	23.313828535427252
148.94373836189038	-14.345252409239777
128.09821051390344	69.16739514310113
106.74826055841758	16.943147059808428
89.0053929195624	-60.18405744914343
94.39861161472575	7.285366440263531
36.98208696546723	94.20860965055793
133.43719191478473	-67.51502294372142
80.8511058838691	3.832051760732323
147.56499189828992	3.64368831288605
12.741568687848906	43.00310692980228
141.59893867844858	-31.279835111013362
117.31156987471334	11.176001612051104
52.96797045446145	-118.68509297519178
142.46993350341168	34.5198742782343
34.840539850926056	88.93904044102881
63.97264997349379	46.61528114079615
146.1821666341782	0.016913476462093076
30.751272399489103	20.958848552958738
132.61681305643094	-22.596163836767943
133.3123246116988	32.819353352713705
-110.11693510578934	26.08725097473476
-36.5731133640554	95.07154181148539
-20.402590351695192	-67.10777656206348
146.22673317813175	-29.070543237809616
20.383049049057576	29.597321756634397
-84.98183964605136	88.09086591464434
135.6817864656549	9.748405376506225
38.76535904770125	56.88284116160896
120.36785749995992	-52.939555320644196
127.49417919460244	-78.01812984207336
138.71251366812749	-10.094504852404569
57.77962714772133	14.783040150997959
132.33202593154832	22.173101616599062
-57.92100278112236	82.91808319693871
115.19458732349116	95.88454014523079
109.09773556544667	8.298753026896371
-92.16115791727819	-37.839715999119996
146.11712459026842	11.713591765946388
40.55319936054795	-97.8857151692342
-56.16855587483361	-128.97536583752472
50.75595630192425	74.74589846483454
128.50419494744554	47.77601396164346
24.65366353895134	67.15068986340283
-14.844836065002049	60.22280603040613
134.44407720596936	31.532102176947248
94.4281314858816	-83.32508878113832
115.7449050266829	-70.26015386083303
51.45339526812245	80.82998935790891
36.47614464496621	-81.43752292899835
89.67438319802466	-110.2249064183819
144.38787343969804	-27.060431335438324
5.918697422371297	72.2163496615505
74.65175415672365	32.024450842490495
62.83670388157978	50.963616835909846
117.6663135002982	34.59380100114719
41.04014050201667	99.85398545205474
108.46598069800113	-76.30673415970494
1.2683697271035788	54.63679118117684
50.130272167155404	29.322848004033013
-91.25252867573309	25.46327416606568
106.87756212606281	-47.743314731708594
108.40168410248467	21.34966685693624
17.64602955054621	87.97358992907836
128.87206421415053	-76.65413348898211
27.848489928315352	-74.45186490842914
102.7402119958088	21.79559158150763
79.57718575312101	-88.02283727991389
112.01766207117439	-88.35337296036919
136.8184961122099	-30.45971546657176
139.67310397504124	54.66295189708725
-116.8279462742101	26.96664615301389
96.94248751456344	-50.415975866002
121.8169424796885	35.075013448219
121.98577223342991	31.19934868371659
120.26759986017925	-63.945733765411056
144.60408486705225	25.112993949360774
52.505254283323794	97.39757584068302
-120.57672574005062	5.4127531496130565
-1.2538223952313217	112.35658906807609
72.73391588742318	109.75375741690488
91.12450881637623	-118.68404038800193
86.42827135510156	-89.99899288475284
142.27284686458225	-2.864303309232171
140.75015005746087	-0.5369890069126488
-86.89572611765009	-66.41654858865215
127.87701941588587	-65.71335362052703
-112.53694066198167	3.4637716949908137
40.98064243826465	58.88334582395285
92.63098817368464	41.398033503798914
74.47187247555328	70.30242438967122
79.82667794660435	-10.140062505020477
133.1245109056466	-33.83921581606285
54.26940942220133	32.479429291456015
-20.526418523333827	-88.3324930298662
28.425287900616503	52.550277690525164
122.24630590273578	72.98205349628408
-93.55000028577685	-12.165741225673282
103.32478124656069	74.05872611093768
40.47678723357425	34.43537316349837
52.476083507591596	63.56573242997291
-100.48446444097914	37.7426337666567
77.74129229747156	-57.649291626787964
-39.49611679819794	-117.70026577118176
116.73105161908613	-69.22214796286582
124.48144348657048	28.63673498694992
116.49572233041499	-44.00109008144338
1.3079436600481038	97.19925484830026
-138.65707516781393	18.126949264987484
120.19560453429943	-83.4829489125545
102.62537730735794	52.27246926473082
7.2158069292114035	126.60885717293381
148.87109549249092	-4.1943826171475775
27.888812389717472	74.57786806198094
-111.06023159999867	37.82090673524061
91.26979039744955	-106.2085778877299
128.9163713385106	-26.57947260668615
22.287299203388837	46.68274724500285
96.22401365541691	-44.35038476159399
92.97260579044462	-71.14505113769928
2.2294302391445626	76.00942318128838
111.12511506567232	-100.75230885718732
114.59754023550175	-61.54245814613402
9.279579187448828	103.63933789271039
102.38970665107081	50.60719057853329
139.93287705361996	-28.80444692833771
115.81097596002503	-95.32852422190176
149.85699994125045	-6.461939562775686
145.16083394934878	21.691795423318087
47.00209665735233	120.86384003711251
98.37508941839356	70.61012916176975
148.1960260452311	14.469493290567971
97.81596467528243	-100.82903562152721
-117.06561965401897	-63.64418748408286
1.5744074226752982	99.58083685778548
117.99827408243318	69.07996302657315
142.70929305594953	1.6252951866886267
101.91164539502986	104.5961168641117
42.820053215911166	21.986919480099363
101.13315285085646	-73.5682379761548
131.10207646560394	70.73419184458841
127.99813753455034	-41.91122392229962
143.01115364927983	45.10221848127315
24.857357897502776	58.44061861205294
138.20449120729316	-54.761914676289095
50.794054396720085	74.30135402587551
130.81366569128912	32.89972949457797
134.57031949863133	-44.04224952822747
54.365991200389075	38.920107465089046
83.06066661644869	36.99048911359209
97.25662142644717	-69.67016131424353
-3.0848614647305403	78.13888073403062
72.13939404613213	80.05084654062327
144.33492260744416	-25.648868501699106
-80.18689687673931	-36.966063255620966
-100.86268213790115	-6.740027974837478
53.35751042728489	-117.25410054818013
18.080332849974067	35.54265405379929
100.8820425212811	-96.0681274518825
146.09631562269806	20.502069988657183
128.57808620407604	75.53531106612701
24.043235026467933	22.11212714935066
136.45871393862268	43.79682837264087
56.125756206809164	108.24999639005264
