-2.9887483019900296	31.238799734305786
-111.83784883879348	-2.756045256091071
146.6896084708024	21.569243777144987
56.70834214227705	-21.97497437154929
22.0554058784197	93.89510631569493
73.75597634089445	-54.65629138444364
122.23099158138987	-60.40339989351216
17.49695833855125	78.91110558117359
-56.083428224621436	-48.44999567246465
120.25065314904145	22.286736055580004
147.28500317012794	10.629719938618708
35.8710870090058	47.464922685726606
83.01428805773239	90.32777230790093
-21.149648309462652	-108.23742005560968
111.02690828017046	32.39978094225933
142.81370459147493	-15.872315197179711
32.512525995991375	32.237727601290125
20.263548871040538	69.67063583770053
147.56012008603986	-24.50213860129475
146.92105775073	23.460673855185544
47.53321277672801	51.92853891080723
6.299990519432394	50.8949051278695
141.85634236962414	47.6636182148782
132.91478314253058	-21.614920909698444
116.08696781562679	93.37043908611412
50.548187735712794	37.06472710526382
109.40964114435916	-39.38237879819563
145.2291334665729	-4.606344649138776
51.011165800461875	39.31453354228217
119.1658758064255	56.88967648352013
53.50421064607781	74.40190342229923
57.18876605462134	-134.5818104153222
8.58782689252819	47.91679942819906
90.556880155326	106.38063909821165
146.1226611655465	-2.349255559802605
71.62076104942088	-91.30986842044776
37.43108169645292	100.29791165650784
126.0353666940763	65.58409556388297
97.00148547397606	-45.171129014348004
139.45681722504446	-51.56193431378736
110.94757322694163	-89.02791085773312
122.87261210794851	73.10056060669788
146.86342879086487	9.0352568351589
124.99689010716754	-36.453975583175044
83.49650752338194	28.652271685460004
90.28879516031544	-119.21605901422514
-57.3785074632318	106.12473144817935
122.1747464016914	-36.82784710654757
33.443045586002164	55.21697451404663
58.92924869902946	-70.21391327256052
31.453783525102434	-78.69672822578109
101.09310688298127	-33.2419454856195
127.519894383171	21.089746417627815
-82.35416294809717	80.06549063555784
70.7464227455878	-131.35820337941368
117.99999992232148	75.37206769969423
145.92179737122333	-21.748165365427003
59.593996403548175	56.540460368826885
140.35735700898886	-35.70556508776845
146.28219293676597	32.820615668241736
-70.70731714228555	-50.82125707278369
-55.32814771285973	-95.22520561325679
93.5107134024771	85.79747996276843
48.157576327923735	-110.8351409727372
25.138577686490432	129.79121330263146
139.25287295054412	0.47984871887868646
149.56802164013556	10.009247368743512
-111.20396355005076	-70.05732185874275
128.98964192166946	75.9258142033675
-65.49577901646165	37.11101400556359
32.34316584159207	52.895341958920135
126.9164171412901	-15.053668062306775
48.337636428293074	-99.26193626447295
32.41887892224905	80.206534021312
117.16909080665388	0.35693372004438306
-69.27889792634622	-92.35750840151849
-72.87138233361654	-100.70887163077212
144.71357635748993	33.18799413684416
-48.49169913642927	-101.96992182392836
108.67569704520672	83.78100351008031
133.8188625002375	-11.836260324752873
20.756699811685678	48.9486748136151
148.3252339343453	13.568556169544529
48.427086699467914	53.61078064085019
94.22294360145271	-7.0215174280190205
122.67999040221017	13.624579428234533
128.08346486775156	-27.397636470467596
34.99200097168632	79.4129399725788
-104.00899703456203	29.524477200911278
121.21383661945039	-29.80904380393502
89.99684087630581	28.69285201581599
97.13673742882176	-9.44666746002344
148.02886227222453	22.647522733338292
145.18208747919235	-35.326975049120584
45.98952502478295	64.75219681659395
143.51770963575274	6.731598053105217
102.3340773428447	-71.3596189058313
-134.86043212786132	4.6037282677989175
63.59043040477448	-129.561235357781
-0.5619067224168006	29.00817353087743
137.79025428074434	-10.404216760473515
124.6094272262537	-46.98257558859494
70.62384513406917	47.41791984801874
133.83051531275743	39.5335010707708
-138.89621948995844	6.815873145821637
62.94595079166465	88.70743654026968
41.36196862313269	40.28786617219142
49.99787501225761	-17.507750458332364
71.0471585539073	46.94539690287677
127.13271943804659	78.85716454392205
100.58014365182422	-90.432509249274
147.3047847480134	-12.652402297774387
115.11737987247099	40.94357080885035
132.07679339764326	50.45322691953099
-74.07918240449143	-76.27720565737316
131.81513678429428	-8.431213289149111
-134.66549343045276	20.43654433482288
146.76497709462467	24.793045701524047
90.25040848092648	-110.78077131407136
137.59958498170013	-21.725676092817473
-96.42118926462233	60.276210061246836
119.03074106169767	-7.013245654432989
142.89148402404533	-15.84507366485748
125.04500314193393	42.784332959115105
-120.57395009409151	-39.993717260030664
114.48344259543293	-93.02922307609242
6.70449434665516	-145.1512168604878
82.10671102874784	-40.14163806803768
-102.72633479788117	69.59142063518318
113.9145812106225	46.19938062856372
-134.96020175133648	-34.845208464120105
59.5618245442945	-52.95979760610078
98.27068206369162	-100.27606276028182
126.22167202248232	-72.81428499982202
142.93172821406304	-45.49165317436475
145.30521253545723	36.54382821923418
112.3814587527887	32.50386639136808
131.4434432224777	-70.47540739484714
95.48430044914451	-63.31558602129485
-117.24094271978225	-49.20120837589766
24.996316524002154	32.839937216429846
-90.76644631719802	-69.4106945740183
121.79381629944747	23.868741415448422
75.04968954351999	21.96481995848903
49.70526672964364	-63.259606626811944
75.50564605399235	-22.33105980838245
119.97149167783893	12.338923570406644
-10.26704479877034	86.18267953749364
68.14939892746642	52.008850964813305
106.81177436304039	-53.51325257873367
94.4065456572648	-10.583800127890104
133.697042526574	19.936365622436025
142.96393802765505	32.74987109114857
59.433297066970354	50.335744413484676
39.387524708388334	44.36793820963408
135.4461604947738	-33.41792059885689
131.09325376499248	8.132768432054522
28.82963631801055	68.91104368326829
108.45661396975014	-102.0426781565525
39.55223492652109	72.0463800682753
113.21963052165195	-45.011124936932696
139.67766829467055	-2.0094054340751786
133.542870189095	2.3124118553498594
149.7175007479129	-2.327384124988962
131.8760356812288	-68.97911825263243
126.95312464481853	39.96127855219171
127.38678577996063	50.643674081695515
116.82777075372628	46.018321062272214
51.456384337791995	45.18163820983698
-24.876197395657186	57.93690775822029
-9.880604632665412	47.566069746794746
13.856577714465256	33.53090393509131
-127.22006121249933	45.26000785774691
80.17597730420712	-60.01583813949789
16.90891895068457	-117.62273193929413
35.53763217135901	60.08673525959307
-113.49744875832016	-29.777047907386567
-0.616864367341931	86.73181154343156
48.883418970369206	-91.34358737631614
26.829085123363615	65.40908970758056
61.007685867740655	37.76582449727112
146.81295815373952	4.591271251159905
-22.086256132058434	76.93149548812447
136.94543426778472	4.660260031647076
15.868342358005714	26.443921530312057
29.28739560767198	38.61907078511645
141.3633598964057	-25.595572715180822
16.65772078635714	68.14330049003851
124.40208991944235	-83.7391987865811
-63.23172612100009	73.64011314103938
111.69761148989284	-11.736017044223601
76.92086554407584	-101.59864585469403
14.83429371383383	21.748729274905408
13.316590417490648	19.748367295139943
-117.35422076109792	-36.53296172971785
134.45932255511943	15.50286022075853
-50.99240761482547	-100.97449052777588
116.21201922363699	-80.8854294736542
68.66003566232187	37.2334040374506
144.29857399650106	-34.66974536871162
