4.26207428198967	14.654506205212172
134.6424992027334	42.708686569898745
48.79679795494854	63.739849324340774
125.43241436575366	9.872399177571346
-125.53668242136574	-42.67707392832285
148.4492108833118	-18.370634921816876
30.946370950673952	92.03831959173559
-117.41897181212441	5.472195900343075
149.3227986349415	8.297197378856865
145.66484192823975	-25.357403808376493
-0.7433846572137834	10.15888614723411
-22.828649231599957	-133.04507577455638
141.65575867513184	48.55265901596511
-105.9780886844371	14.391444303147033
18.682713362624597	36.22064263517595
112.39404642398083	92.5385236978357
114.57146137042528	40.75671088834336
52.05748325563312	60.133468322261564
142.58487373101653	23.803513431649858
85.00014522586677	-105.7095762107612
-92.69529311736996	16.903040160966558
117.67298900470102	70.37750173391919
148.44728065734793	-1.8439364848910922
149.12666571828467	2.1962672286510987
140.87660289493232	14.293212584550714
-137.27609997063533	37.1243659278008
-102.45229136096165	61.373581410646
110.55901822829786	-38.330771980731996
106.41687945379465	73.68861313210574
118.88939191012516	55.69063072452729
-45.30183545760981	123.17190837097175
121.13920896368214	-88.43721179702669
141.02836597476715	50.63887624120763
147.30675216162172	15.767772497690478
-1.0099098795868233	85.00326537219908
139.65716309401088	-28.954325545348937
141.0499509827801	-24.675176431410122
-116.01893460330479	-3.375068566424163
-71.62453788855576	71.4338352315208
106.9070727941221	13.604107214390062
86.53360176646859	-89.26399733140089
23.376280904837337	64.8914724937835
92.34280555939156	-112.21706007448469
141.5319043572629	3.7489344547804597
140.56616813096232	17.073592387347915
86.90703094181269	98.89000529851539
131.87627285105637	33.406178485892575
114.2559496753551	55.21524267935097
15.52532005398955	57.88938793623812
116.70789929757362	-8.961751547552876
136.99510645156002	-43.87783117037971
-8.09323811208994	41.04685187887717
-101.39617940179745	-92.27730539707545
145.38730912513128	-7.311782506360074
-93.6014624730661	1.4680276770153096
73.4106759822884	58.97795613263284
109.76214884610283	-22.749962922890855
86.33980827027048	42.54025104049232
39.3403752135855	42.54872571175206
-126.4454213154285	17.00424021132659
-9.330741019185172	35.664053193251476
47.90013407663696	51.59274041723375
67.0257766661872	62.59571712323238
126.58143863485603	11.901846774378265
132.97177866705022	-17.378607410975746
125.45736461376809	-54.96734277322629
97.03540383390755	76.06611380946458
146.89808598005942	10.078737965699272
136.0454166936307	-63.06995955462868
147.5674597520205	26.74930045868838
114.6414756487527	-48.207998605991584
130.49583919471164	-56.85092985179013
-111.90655024757544	66.38521276756741
-89.7527510676523	-92.36757690315504
58.71112313984974	55.51275277413025
96.31758488943913	-89.17905504975519
-74.12631055284868	81.62721746085728
119.70447318130591	-84.61757691986608
-38.60186035255683	-128.9102663885112
122.93558332616855	-32.80183281009313
-99.35924703490963	-0.4551081308257473
129.0084033060556	3.2949829105348485
-9.233595915186637	119.22348843427456
79.64999623309616	66.16864918984382
23.074340242664835	59.344377600484364
57.547814896820796	-137.67229026318824
144.06226547743032	10.713171341251236
148.82601061679145	-8.931769108111611
-8.04215397893067	52.81953317898768
54.25118919783139	9.660752470603958
131.57252819997123	55.00471243975641
-3.0635045139006936	70.95658683866657
146.1330172973226	23.137641807225965
119.27093057475756	-21.75525232962501
29.294363735769934	71.34901482951896
-61.9323913551204	-91.49107694991909
140.4837374512086	-23.302306337190668
100.5563042438942	-111.29709698106834
102.3033974294175	-16.24594171826607
2.5214773920473106	60.248813676752334
34.65910960373363	94.01518922677278
126.78637274319496	64.75896262395024
73.07634402215784	47.95133829582408
129.73619628985207	75.26376605160148
130.91617890744067	2.911143284976886
131.8129749844885	66.51220804886623
140.59782066552776	-42.445819918725924
12.443025279085631	72.04575509206462
21.464797431853796	72.57861612720605
41.59088305386696	56.949823013400334
-13.647188796541755	-100.93943767558166
67.27476789431535	56.74762329300511
20.78134664930292	77.49245262635925
73.58268105080043	-48.394474695508315
-87.4791779337668	61.503945724905066
89.58093507439558	-115.61217702111257
147.4096216873963	10.743792555692076
32.68272093248121	42.95709998165864
16.662164973805154	88.75762923778831
138.41296727830283	-51.88237117192207
29.66273129794523	42.01216561792833
-138.07848610078972	-50.52002891413104
125.86004319101933	-67.96733267402898
129.36212605466704	-20.50181748874433
141.25529294292838	-16.912667933713774
20.917068801082326	34.047950673158596
87.6276758150558	47.30855452557689
147.46394863839208	-15.850513320054965
140.827346181029	-1.7510420031855622
48.14447675824709	78.22191795605549
8.773830106238407	43.79967875322153
38.69183944959602	65.98553203617897
126.08787528885713	79.11047909356913
112.37392702055213	55.811271174920435
88.02565694746134	-114.68022545735647
124.96677369944575	-52.084203255329996
-91.47340665089972	-96.72452099948266
23.87719375200791	10.240910725794798
-70.82656048762931	77.99576239801571
127.01449283519686	-64.58215363136158
106.29388462102447	-68.34323413450937
146.8898759389462	-19.006306516403207
133.96736235424757	-37.113969648202975
78.52551722727442	-79.25580180926109
131.20523978080922	42.0073752660562
94.33310652515551	19.434290117697127
148.53846587906645	-17.818458273033404
111.29712371582883	-52.59452939653038
145.62800111389112	33.76275751627545
140.45715035513672	48.87808376290102
34.289582462368415	45.331920918369065
-79.27592013453355	-114.37351743856458
34.490817923007995	35.52642482425892
120.6272686213274	-2.1807923081799427
17.963804390837748	64.41255062969726
9.817400554764303	69.78527793758357
-119.13833213759821	-25.320641686487555
70.26931308775922	81.36512526699676
134.14770067193828	31.56229872245309
149.3807645914138	13.009960036182942
-70.65599886489795	-45.38317179492985
114.1187143155258	29.32273953454185
138.66756299635813	36.386851259611255
-31.250130292504174	-101.7622804962776
140.4605851264799	-2.3554585382442776
101.56744656625655	-102.05916821763049
-78.3094141304626	100.06477548523443
115.1478933965351	66.20127690860666
116.53545866305458	15.483816492066222
122.96300836818276	-82.98031990318587
136.7396671936682	20.143086948180933
96.88007762466299	-47.576517957714856
48.158879274778826	31.1640204927795
-101.77656966390875	12.278745326454468
93.48395033899516	-108.9144760548828
147.1833235356691	15.138896933860659
135.58332376807917	-6.1316778158253955
-130.42536896034332	28.80847601404441
141.5118887161763	34.86397034331639
137.82747939756877	38.50023876866953
-40.81469029479547	-124.80086091504087
-125.82188546479566	39.62354126977927
21.271985924696068	76.05744261972313
20.145431194020052	61.677828561572916
104.61133365978468	-82.31004743605878
53.74400783260207	95.38690800521101
-70.49431241967456	113.17021696770304
107.65613797102026	-99.1780003059045
18.270505542240826	40.70981007088412
75.75528516938228	86.20741236963767
94.16797983394845	-43.469479783402285
102.28736273531477	-19.312592914899163
-5.783356001967862	78.68189846339422
128.14569451460392	11.508993645176728
4.040214275887222	77.08546123806275
-78.32386495986755	-29.490557547410912
105.13197275127943	-98.60087625228608
107.09196681588688	-19.909580948140118
141.05053293934904	-39.260062374425345
8.938594196294453	33.874355499873204
