131.11953869763377	53.211463041751706
7.582914909340304	88.82141448934695
41.175588092656845	51.498568188410154
133.73691920620172	1.5119905849359105
-8.771499633788716	26.72710890195037
-109.82208339323236	4.943439905106922
124.09582573895278	4.032816812479777
-111.30771607045689	-55.684279818161386
127.71398033770724	57.46858511655789
-76.95798278938896	48.43421670573833
123.83578167356023	-74.4091094338908
103.10933829893814	-44.89197666731567
19.70899443464679	54.16697170184457
-117.52117845045528	-27.060402444948902
131.5595552027819	-68.6799537985074
23.270739414503726	61.25615366254247
113.5250325982126	45.76304303654971
-26.27248945386659	-117.04193131469542
98.58590833363944	-0.01758729441448172
13.571222758573182	54.746938448732166
121.95116240946075	-77.3567277929821
33.631280313442225	81.01048124500818
16.76721688998353	36.43101266184142
144.24136490475857	-3.409574983746341
31.710886078262334	84.25900057843127
148.60267803454514	-15.460909788625319
-2.307079887915095	71.12855486563228
142.5839181611235	-15.229911794377466
6.908900288892672	27.4633677020196
124.34012562056003	7.823538918040694
58.942323988150456	69.58936507793624
-100.15991506320388	-41.927261598746426
117.04801948745192	62.330204327825655
67.10048849070976	-49.378985614577715
147.7305641939964	3.3429998455939027
-122.00014626556094	20.159261441669383
146.65156556637115	-29.860353892401427
115.1926350741094	56.19681843613329
148.54392386437354	3.0515219138917904
30.005007430172114	94.65172070045986
43.30811364678733	88.44053588682529
8.51204690920122	51.92413253936644
117.32005403504563	9.747073359542469
138.4277455385531	48.23804319528574
12.962532153367	70.42746715039371
147.19114257428993	7.989707571378201
-97.22169130016226	-28.177401338099465
98.74119774660502	-97.86937787034054
13.188178213858494	-129.86583306644405
148.994420700106	-8.830612888551693
122.56846299358224	21.941318914359307
133.607173366705	-12.499162772151651
127.99789004606897	-23.10923228173248
88.31394297627367	-81.8700088598572
92.11424174001858	-48.60399624258145
-108.16397649299383	-2.2037608685941694
125.56392890378584	-56.55178491745956
113.66994960766316	-72.75938197383378
23.726241791232948	113.4349297414808
133.9805710597125	-34.52317007718292
122.35239770231045	-48.24432947314419
90.83379682850438	107.59443153046597
101.52046993941407	20.458573426254336
146.20804691285605	33.27499343107864
96.41476963689695	71.19987143365424
127.88044486371909	13.531971240049879
33.606635243221625	44.564303610833655
61.72880132090598	77.97931479899907
81.11254896022011	-97.22581695754793
-97.01154395323661	0.6467503764852649
127.63701670700452	-78.6796347039093
115.14989701868554	-90.05031641522575
106.78773253284184	-65.01748042066885
125.67049671176248	-81.5134900388214
-126.12131014785714	-19.632676254390738
7.252037153332207	86.73259112936532
-96.41686744269025	-29.32741903891428
39.61253495509337	50.83404055228141
57.280211586890154	71.05914487371447
104.01290562692716	11.395632450028295
40.515029658782865	67.77206606831481
135.94400049410584	3.1941969271214905
6.454995851350347	26.577081936274443
144.50460890731225	35.44681800214801
114.8998495005222	-87.35894431149082
68.68096380964607	-130.60282414308716
88.93967860994971	-98.74613284286853
35.134924319450306	68.5831528672197
148.1010040400615	11.059812696948361
-58.71784858585034	63.69927291016451
53.07497911306422	61.09922975177585
108.3110600072449	-96.00967292815716
41.83390798230348	-46.68219171841399
92.61825090172592	-95.40044766795961
39.8288867638124	36.791817425733015
-82.74260152551672	-93.78787753490889
138.01789153918344	-2.4173533157813307
52.5709103274358	-135.9004432175392
99.04638146067612	-98.98592696858707
104.32030204662978	-74.54710161663367
48.629647777556634	50.045188608071136
138.88301392240342	31.430617627659917
105.74211069934736	-104.42844713921977
107.56218585234548	-104.51029973994724
82.40848132506912	-48.331970775901695
107.48560102457704	26.25519675738218
129.75698323226547	-74.30743711894051
128.7194493488437	-52.63667639454159
59.100743630725766	54.951748391476954
116.81549198634046	-8.020996332984542
41.836247353076594	57.2516842382006
9.325517800113378	123.21167111642167
44.28224362623901	67.0568358356338
145.53867624755895	-5.846901175968582
140.81643688318266	-48.36824019005886
-86.68477810198029	-39.39850423370097
137.37300808572917	-47.78021504907548
67.10883364470742	-132.5200672715326
37.32474622456919	113.426010097877
72.98296164392835	52.60243251283885
17.259019530539476	39.43238876921046
140.378494729388	49.513261724592596
20.783639362856714	10.72205417997968
149.05639110388108	-15.578856327713362
129.28498769003718	-0.07059258555046902
27.74922584626381	43.92937948588688
85.7064851842985	41.801246739807176
49.36275544150851	114.26169551497553
94.84666018114773	-30.04182703132269
-84.06523727698712	14.031544498752792
101.61640710477778	-66.37970409809576
-114.03126123786355	-31.942106615679226
101.67606388850805	104.73436778498403
115.62480870950644	-76.594936866906
128.39859644832146	-34.88863258938224
23.014962330631505	-124.69944514465143
100.85392574920057	-36.53265203478447
-99.47283744245897	-31.411155823284595
115.48578798471377	42.87023837626192
5.008994796188777	13.358967835781726
-5.0966681112671	112.27598334773305
31.519553465571853	77.93913375324705
43.659311013224844	54.21297914612759
48.572049459791266	64.24041217084817
50.27865451979614	55.17141370460682
15.12542822157245	31.703526613974805
-51.639461342238626	-75.46993525299953
121.37149417513623	-79.70017726409405
84.98529767013216	-101.5335597882286
121.3491432999554	40.067338936694895
148.3258036494229	-15.771063340433141
-106.7495333059119	-88.37715943573292
116.6674011540491	0.4154388974923135
12.498815333087459	23.991651861083326
95.9076649466026	95.63702406599951
112.04160026004642	-60.337988485051156
80.08333873391602	102.89694126600786
24.68499346496606	64.69760233122744
47.05403760843331	48.149915335112134
98.83865657668966	-43.03768038422356
-93.055075589465	-48.837581748982025
69.46669907415566	-88.59468552536859
121.54759836055545	24.686253175994043
68.90397406490959	50.288189527632866
38.68806388644272	67.66842038924938
-92.35095760383626	-70.12704525902382
-23.218218930001658	-93.53233620524988
40.5259913773426	102.0105096019787
127.10898659902325	17.997631752751243
33.388445092341335	78.03860501642441
132.32182072617334	-65.34036726924631
142.25727526897265	-45.209331077485636
58.48545805991073	83.02708339406131
31.196038173492614	101.87512122103378
133.88772393977828	67.4597016407688
149.63173812545367	5.147433979080261
139.50610175450848	40.604968609886036
122.9577381636578	78.6706259289948
-137.73913259282466	-6.022845560239323
-66.47225018374397	-44.63135488139079
100.60987513047239	-81.72640646225271
97.49910245099582	113.69717175938247
135.57722136905647	-31.882893589651502
30.159331125089953	128.57384006248412
111.27818354679032	-73.80781706053463
141.14565126654105	-46.426804117967286
-91.51708377409149	-50.76851678145301
15.099845434007594	73.88932612862524
128.24215756176332	-70.89531038985791
128.29457003315463	77.70634228181297
67.07871734736463	21.508836967701612
128.17217702863394	-45.40784873449327
26.05417075577613	-146.2947549171663
25.948982699223887	36.51816392224406
53.645314930133814	90.95331067348748
23.176235675896976	-132.53150404504615
-64.97977359807575	-38.037723997787566
121.37353958599032	-65.87497284017488
148.1904411826395	14.24321321574783
90.51778915298588	-116.97118892641369
