139.91095133728658	-35.39348207721092
0.38832136395605565	60.65181113581413
59.11880350736228	87.07289166963078
105.26501554046594	-89.67955487008399
-74.10579301404303	-98.49824535428966
135.3906709630483	56.36531597766617
9.533832798846591	23.99886942490205
105.05320590124818	55.9997454498805
122.91759722856949	37.630244487252
129.90244873548593	-34.45880051862578
127.00447532076846	-78.81920411210848
47.475253352818456	77.92218248746957
72.28268196544103	99.23179925727415
36.732523718459	47.243479885703245
118.33689541347206	-69.08265335173564
-120.47045116286029	4.576458774581567
115.39922418103647	-84.78933082458641
109.65611136610369	-101.63180664398388
46.87173884089628	44.16689216348551
146.2017818077286	-0.035890207503578665
-105.535118284449	-45.36691762257655
31.185972819592465	113.68808881723982
45.512078469500274	76.23073700525501
34.31893151620406	73.6620567740965
89.11608925616797	83.24276872780982
135.38742703446326	37.343016625944905
145.75474970730372	-22.425404612877575
-85.78135682818444	-83.77569055445146
55.846857101251715	29.627356377570564
-2.3064943626340386	67.09999364518677
84.29503781569035	-73.66328989860241
32.53920793422945	22.331761631942044
47.853754445058804	35.34440755698735
91.19430785196762	26.495696109031876
112.19469130496684	-86.85924213091344
28.282537114126104	119.79388969046377
86.93882291146848	-119.83740373192701
46.75638304226146	68.21830224947014
95.01353239544638	-49.437338449335
138.14469478007297	35.04201137345274
138.88185127978085	-49.04530151202667
147.37315165882043	19.44935445336328
145.02018216703843	2.7178250839447013
144.27502184201634	-37.40668461965901
92.28052590992225	-115.88462238335157
-91.43830277839344	-37.82858922201094
-113.66182544912044	-44.89355478451673
116.59927824638034	-89.88667495795691
121.54368990896525	-83.98656553210525
79.69811959348516	-124.0009387089514
12.421506441946164	67.3930509407332
140.0624894531127	31.506895695185417
2.6676723008930434	65.50106807016786
43.75039688038825	53.881490945330505
136.65386461409892	-44.170590137601636
120.74553610658889	41.15382643062
124.14621831078553	-12.576570035311448
58.924131767499105	89.37091253541132
109.88342355649424	-10.788569162086086
48.97587201193006	60.405161060650954
86.9483714969333	85.30496882117785
41.451920906170834	73.76386334964562
-110.15470220310084	40.46051014798036
116.52378182996976	59.85924002642058
134.72287252519146	-61.0677700938797
58.72987164106088	-134.15397205482134
7.537259286082336	56.13330038825
113.429885258754	-61.154760173673694
18.04201159712597	58.30444776291823
-37.637463448388175	-130.6628974127996
82.34272029596214	44.97200243528609
36.13620375589973	67.91568729289632
108.37267027339051	-88.39228357193217
147.46927824562644	23.076443260818845
72.81106407793304	-50.54576121578394
132.5393854224551	-30.02452767963527
121.23357380872783	22.829518414459102
69.48707723568307	105.77282813634328
16.961057627859958	51.08570506420656
86.75252424781178	51.298223604555005
55.48668027258376	-131.18228915707576
68.5697298931328	-112.82534395569398
17.11960637600204	12.406951149306044
138.0520895771106	-47.326962166000236
-71.90009752929733	89.36994756435776
42.45415737078942	71.05822858553165
133.47270225704315	-68.40150923419066
120.10368650743706	42.85159108869223
-122.4011600211486	44.340799790935726
-93.41177720323924	-38.14823316629466
-12.25861406612519	72.62683550525793
105.5556882073921	-97.55421908825026
27.154712805862758	105.65957020471278
-133.96806206973827	-27.405800316545232
67.7000165557524	120.2670574290258
13.169348689875713	62.646610758951354
48.434667611766955	59.38857187422952
81.62864850006265	66.46558468951969
141.6149846979751	-48.62334864805003
98.49660734804921	26.6563050814067
115.98588028820744	79.98003162322253
97.45328509228597	88.13082636190852
54.2440428506537	61.21117723835339
114.2844912289479	59.5621079640226
-3.86022568333898	83.0772073004883
116.73107553813477	-71.95736084017416
143.73384656656935	-40.35486296076709
137.83434810370505	56.67861320210153
23.22583639126927	67.45290101337604
62.55867293088047	-50.853344439318334
20.38958207096781	47.96251399984008
-90.03681648834608	-94.26726048669092
128.93607339468556	12.339045682102325
95.49832642265947	54.49535213002566
-69.21532018966474	51.42214273637948
-18.233639625788044	53.051474952359264
38.64777582426023	90.18472100108089
39.098931014323426	45.65171855218222
100.91638119835346	25.045798611627195
73.70070363739515	71.76346009155783
96.7013038756836	-7.100669377083542
-44.12928152743203	67.93302878251585
115.965518099507	78.04220856931917
129.00984836726045	-64.40379049419147
76.6574870060483	121.62166202992061
148.49355451543303	-19.045518385268817
128.61024549181448	-18.94846861153274
120.63104627402427	-72.19458186920923
37.28550745995008	-96.35662473779672
72.65736416282726	120.28738340581607
138.96652671077723	28.03398061061875
149.7283208907713	-6.257116535746067
127.3413259981882	-78.40417809501943
136.35181467654874	5.266921593749477
-100.58795393585996	0.6165166162668433
34.837299140494686	49.19700943306205
119.37430340926417	68.6927175776039
73.62871460907327	-129.94752176096432
-93.4413922377729	-80.61090141791378
43.05373529154019	116.46767526166339
143.64139677123103	-13.78438567971355
132.83039891065738	4.972436545064612
17.673746027494566	27.755443527608495
-112.62031528679279	-65.7532857793207
145.981952352221	17.943748921209444
137.8831835867939	-58.93127613477631
-97.49053070907247	42.43924544348788
130.08600618776148	26.917591541747353
39.53544362149685	92.89530306005217
139.19461875717357	25.418920358882268
42.61833449219651	62.02178919781102
111.29287620706398	-18.266252150593328
89.1875837773427	-31.75592261418909
97.17983073489779	84.89748220788275
120.9857648078135	27.754333679883786
48.02794256339195	-33.96076249927396
92.34690253199395	-117.29487473555896
31.492004378819242	48.45986779888035
125.01175435470826	-15.512265032928026
115.00019712744896	-61.155429450066976
59.76402787769979	70.81124859273183
107.78337725711714	56.3675116422731
146.4028882054928	-1.0057131051316823
75.99774199492397	-124.16090620413085
52.348473581058954	93.21685843774331
-84.95501913794868	-42.348773463839244
27.13014966077139	58.60604903859159
139.95455863588876	45.114995245929535
-86.45555778317859	25.46589532838825
145.75101666242546	30.647091866205354
131.14562985207917	-61.11570777588269
145.54778903582312	16.267966843737412
-80.56225994112759	-72.21490877208156
94.23522593994203	-114.44227212164608
79.4524375880628	83.1341866162673
65.89558703454989	-9.365791979500615
12.05434331654368	60.87924637771885
131.0227690701018	-58.29534831407427
116.84139946894135	63.86905187025148
114.27098166931411	-27.90021360849321
116.35274658355016	-93.39100310781443
102.61005903585344	-105.64154485870422
108.71481657167685	83.84125541686645
47.134105355625124	-27.59983156251888
7.146175625905101	-147.2358094732588
129.96457147496747	-4.398108740641254
95.32537664291368	-42.56545956353226
121.5916199239532	-36.00256158561446
29.16513760887744	11.837736837366082
-81.32536402317926	-87.00398808878118
136.07659158192612	61.66643147388851
59.722880871205085	84.36624284102942
2.9421450797387405	63.21124674152198
-101.74151295741346	42.98833056032799
11.214897138408668	38.36033013244612
30.8431535796622	25.23517396702914
-114.65106324303908	-9.804380328805813
9.214256424521484	35.09497085621466
67.68244831006815	-52.915435531255625
-107.88996863221075	-90.79601955597037
