17.161035568896274	67.42564115410585
141.52125798371947	48.804867342172045
120.7576434290842	41.373198815032694
-15.28371282517533	40.91524527118125
-98.02666012693261	63.19609454565957
100.4738146393955	-100.22010276682916
134.3375070660109	-11.33282831272854
-7.689840339820874	91.2687293178547
34.26167199640895	38.30262927881818
98.65789469673662	-0.9346678157534647
53.97942123968883	-138.80619511603962
122.87198466351289	60.18290429546699
86.68908390521615	-33.38853064318259
31.75618443209696	30.72334768488238
128.54514596895055	52.45730101568306
38.14481091502228	68.22818935762194
38.512940804349384	20.94726659425009
64.62234868619113	102.05580937762359
119.35096238368004	51.852697049891326
134.30275155458656	-45.73312959835658
-103.13734368508219	-2.4925361372206787
133.13346689028356	-54.24714464960785
136.7418099091711	26.40861516952824
-130.0818161238349	7.818211729080882
0.6001104384445557	107.24088752223207
12.40695939215635	50.84998815445209
-139.499284528279	1.741400786079813
132.192360640628	-67.8082319106562
122.16376155219024	-25.05331727294517
140.94719297779304	43.52137164640147
130.76603919772296	17.63991882663773
124.1584520167076	-46.351732279640466
134.7427531425888	52.988040565242386
73.4600715450519	44.994210373954836
139.720269542422	16.871844193965263
106.63030692928511	-61.62905199245982
104.67912162903826	-96.21024790750982
-21.909220243926235	90.147878811525
105.22285168335978	-95.38996110423403
134.36062737131525	17.47560826342898
136.79803762370838	-55.95110172298599
138.87593681592287	29.202252197565965
148.9371158126742	-17.05346254090882
122.50621360442436	-86.48297309952176
139.49518824097302	-11.918102945819669
120.03881163659157	-33.57007630273772
-2.4145957221893046	64.89843201815216
100.49564763580736	41.4762110273058
146.78354344656051	-15.471289518214219
34.80650746576126	61.550059103439594
-108.93363612677342	-2.883217583995626
-108.59648262262947	-38.24383156175247
123.99129251416296	-53.69062217490021
91.97702854976941	51.127461349069
99.36390181223838	-16.772058220655826
113.54255284525001	-54.71556254078042
147.27457501560315	-27.05991606374417
22.71227257466443	19.80424936920515
46.64894134024293	43.42888302114183
138.64868178510886	51.82163345456764
9.60166768238672	27.28931033769946
107.71231641591757	-101.86267264147106
-97.2625597608795	27.49649975778178
123.66066624293077	27.16696031577429
90.69844154906545	-90.0813225434138
147.9373268993997	12.072093789602013
140.40661271319308	-20.965557717280475
121.94689293515903	79.76390627484686
122.84417647348103	-21.446930958663195
130.29874241044976	-4.509183362351021
-26.486028685451767	81.00463102644638
136.26111238494178	-62.66840289821449
136.9353829662257	21.469053575291017
112.86714153059383	-5.726559805916679
148.35124635055806	-5.290375898809404
5.210369649886441	56.24590258831606
65.71709237501766	61.79466876077538
131.23927607437594	-38.76690261831654
95.33328701033086	-97.16662063791175
107.99075994484762	-73.0669495083359
-55.003318490535605	-116.11994184887008
92.114522564386	-114.06190156933282
122.5687608947751	-58.37023858307022
146.7433324448782	-21.729488438923514
-134.9547133985358	-13.100134657793127
91.02187656132246	-81.20170385940355
74.33990971671251	-97.6744884722822
101.69468357971265	-104.18585386797366
140.86998843583322	-16.747668547261185
30.664035080848187	32.59152707324051
122.19685233242281	-36.42376437269309
86.67182957828759	-57.24240053482438
148.61632217539534	11.11633971809784
-112.27542632139442	-0.5867820021193934
92.28264240999154	-83.3045057473746
145.38691972746867	-23.441522783283325
24.820499825729303	62.38550050422965
23.345807661802365	70.02679581811897
143.78694398468627	-40.45687816936105
54.82343052492421	-139.23954786007246
95.62160483678163	-108.61456615988355
125.01647923320765	-79.76444004943603
97.17156940543154	-83.45332024346823
13.596252616295176	104.91463450478044
136.88946998744325	46.251570820452585
28.948488618661756	56.69614947182666
68.79445184531413	71.05679401780066
100.67228330927311	-86.48871682899969
15.667259435182363	72.22871581253517
53.448390898397065	49.417397251026046
121.91124905370894	-66.14357579004212
20.025526038139766	39.109132172658946
136.51567680116958	-1.9132037613739858
10.47420282174989	53.84014315003827
117.82301379245907	-45.68245758678678
122.00052244077915	9.98100538982501
-77.6456825907946	-90.80099004710043
93.02949832777449	64.10262371133892
137.0872660262761	30.285655519520393
130.74154110754085	19.41701692653017
144.38224660711796	-18.85815569612472
127.02714155715152	54.541107651029726
18.521412210494002	109.06462774971112
-105.52494902355177	2.7792123280456953
-136.38147457467736	1.6904000791604512
-94.89988660604243	-55.822068426339385
33.4451377312018	45.09638748177788
137.62293319046245	56.55235016468224
145.75810622465806	-19.79843112864417
-124.58272606384959	5.130810348206602
147.62769507283178	7.62131848287878
-77.6752657105591	-105.83330930602307
107.81946916328346	-75.59244253842536
102.59372972461337	-95.54138832876315
126.8854252654128	-27.62970162456089
135.7257855490302	43.84390031028221
94.23396558932797	67.65013980610802
113.97479179490111	-26.507191873566143
-119.30634405442348	-43.86607101379108
43.20606684233145	38.33307764289299
148.87636660962724	-17.81771201733923
32.77958158935696	41.09788569528156
-86.28959051586327	-72.59975322830451
134.37899103082503	-25.972013358311305
52.37181242044508	50.283737543243724
4.229236677680255	87.66618959548597
104.94222149246369	9.12061715277569
21.345128709576848	59.31663983026915
44.04696453345942	49.780086789085146
9.438876196570837	61.77176960480322
-124.39268515847166	-43.527859744441855
25.254055395416675	62.827310988407994
131.82610298439175	-33.94734019615636
131.81559291804058	-49.63679616016725
3.977617538675743	55.462060637187996
87.49307478413199	36.83694875920287
17.41508887626254	-95.62054648870345
139.58780209011778	-14.906674885646316
66.63433752361068	38.906745530174334
-72.65763419926107	-36.81098137967005
149.09120837557282	-3.9140647175487557
129.53360963990687	-50.49395819942511
-89.41074781890023	85.64612049168504
-51.893818307157424	-72.28019639214048
93.61547506903412	-84.72058163316338
123.85012250182135	-76.0106918407199
47.760214008161334	65.56269918718303
38.46037345249255	26.5136576144015
-55.56911579535282	-11.276676337870496
137.13058223944972	-23.537496702623855
-114.15792170994906	19.893278344263596
-110.1282356033106	-7.864515392836785
3.8077757053435226	85.33238172482382
148.69181837124884	-12.424029818706298
128.0355155625825	65.6487248626551
-98.47479616719565	47.234456390479515
105.27999770256702	55.47086120541806
131.08196544860095	60.542544821527734
130.83364325577244	-25.094757740411143
138.56345646689087	31.419740788514364
128.88135926781993	-5.690994942564572
-81.34358381353069	36.158433583644516
97.70657432535774	83.70672654168725
126.29359240925223	-78.68670931959518
-72.63942162717507	-98.57252481305636
137.6306378034386	-58.94787224185325
23.781744196895378	90.80873528804712
12.965116092086845	31.227697734313285
131.74679500349882	-46.78363135564453
28.86036735027944	65.76045292679976
115.52013209417086	69.22725821910173
113.35721920065703	22.88288321007866
137.02163859138162	60.02806067331549
19.463996733327605	104.82771868219734
-72.01251118134087	-8.60192463366018
17.578432493374393	50.86880589615367
24.783477191642216	113.99282885775301
141.89098741093588	40.24271063511622
102.71677338851545	-4.988283244215202
-74.28660095074814	98.4895220317539
