120.04956892439215 -31.387024088270646
-101.56324941542539 -40.73832641474678
-63.89808861136947 -119.96974056050796
20.02074112148893 102.98338977876558
-41.85533933394156 -132.18484369997233
142.1839439066725 12.022573555909487
-7.213364471310359 145.06101018168252
40.628073002047294 10.309969537471579
61.006891096138304 55.19314557886726
126.83476472644804 -67.4605434125545
20.202527995648566 -16.128482769972823
90.59305397336237 16.036325441114215
-14.103639003870176 49.53054260263068
-46.68777379869756 49.44001602005048
5.258290192789679 -115.74894700278503
-30.58839377786343 100.42643126456149
-5.3937591279233645 113.0854067914689
-18.924744730805106 -69.43763147836385
-103.94680361616976 65.68131890409056
-53.522721483231706 -3.0115382885209128
-48.37146253007427 55.478266619054956
-134.11678940247037 -24.60488627881054
68.50445953392519 66.14716703165473
-72.99634963427343 -28.306889316413173
-11.899998580295318 -89.30978849636351
109.16622668021645 -40.24621723948827
129.7277634551246 -31.802064150205354
-60.66150480141944 112.50103724427785
-140.57485974643487 -36.89021467520495
115.95325444357277 -52.4012676606753
54.155327049187505 3.5608830222851586
105.87474672687753 31.762488533574892
-12.452986087040932 -140.5038024271062
-21.621981586313513 129.1556575851595
8.777787535799797 4.8854612455410855
-106.65736682028025 -79.69110285387696
-23.19786791737709 -40.4135909279502
36.00277610587285 27.498200249944986
-33.1222740939974 -31.327109356415793
-91.04012109047648 105.20319719907823
-66.47427891072493 112.68164709342388
22.59634730539228 -127.84010571162672
66.83271216809787 6.538437146192982
-41.17401039081937 -17.523759933514242
-98.16708500458307 -66.83056382315844
-51.34724196226354 -78.7735980555677
-10.510857888626001 -0.2610346347353087
-4.873750312992688 -143.45037911568355
-76.77568835792519 -46.91254506506557
28.152323176675562 -113.03386659533001
71.70118118403697 -131.2876551550562
-46.975092129870056 93.76720239879808
67.55108679745166 52.762299243758804
59.82790427681115 -80.70484781185796
-100.9709097358907 -97.79234046684388
82.08327569822443 49.63515569591039
-92.39771383043605 55.68462747016799
-70.7506250807701 -16.071584609036925
-36.52802048152128 34.264522658876416
-53.368649276081214 95.54313034760588
57.109941526868106 76.8938046346592
-18.234025390255702 92.78856703728444
4.192979431144949 106.2708572908346
-69.87438087524457 0.4842523167691189
67.0952985717847 -103.88481949171951
-38.16457419070299 -22.689659380210248
99.93732452147378 74.93297658265786
-36.14247890741277 -117.67558190849928
16.358533750887375 -73.53376170292957
73.05445227931581 54.33081475504059
124.16075103559324 5.48117042793483
7.114311966059138 68.71331601133204
132.52706073655472 -35.6968522312848
28.038821839135995 45.173409074674794
79.96238765393045 -43.77019385668687
60.019592501173584 110.4237497046059
81.26920962760038 -7.684340809955068
-22.574741940157466 -58.62271983010171
-10.211959623428559 122.15070925083066
17.834590017862705 -35.04311705976107
-65.25356353778012 -126.73683544762679
41.47182675957085 37.11351224996018
-114.19896194875368 9.296288522329393
-71.42330773745266 100.84722604492192
1.3998399051335488 80.71527151540921
-115.26977371542243 -10.001088138388747
-8.43263773191206 -117.40573262242246
55.3715144832069 -83.658154831761
-59.38773363912299 69.1670745655529
-137.606820109999 -22.82497588093021
39.33457016520459 -49.25077439274153
74.71501515331899 -2.145514328098811
-64.5119852405792 115.03815412716796
37.119654287897546 45.456061018558344
15.504078976118295 -107.92828574506314
-12.981323712360235 -8.408509181103776
-88.10557783988206 6.609911990542364
-134.70173586396086 61.314798168378736
11.456219758308427 -112.28901762256318
48.59104030702926 -26.30964682101185
-106.44224613363443 -37.27862928005181
-56.01810259382584 18.80691648674339
-47.60063621970448 -52.14949227005651
-119.22042702162666 -36.48187647070812
80.25028091152886 -87.12368536582878
86.40160448662648 -93.49433385123315
-117.01633131728968 -13.52753459782199
8.639563568716792 -108.52657614870152
-36.13258021827662 -107.2020188228099
-73.56732451738645 8.912287543158621
-13.350277766867531 -100.93987555420941
60.673986159398545 8.500897611343047
-26.646378512022995 39.80131632080537
103.0691137946284 -54.35404988114785
-78.07999818863698 84.90928392309168
-44.50976148711564 137.1517180836357
88.50407193933869 108.4750364633566
92.13076895301865 32.30491946974916
-82.61917813828987 0.41054233527074846
68.90238414485015 34.31002327520415
-15.800393942662046 -143.27604781035782
-41.30220053026015 -33.55473938643375
51.22660060804433 80.93089238589833
-42.87225635644889 143.39585093191138
42.54014879406709 -54.50439174138367
61.81702868133788 -27.45061043645816
42.274436177927036 -12.02201809649176
29.649951373268774 112.32506431498922
-117.77796937301912 -60.17609565631411
-63.56990432646834 -93.21468840115531
62.133422018603774 12.788294578461686
24.973042973877593 -96.90446678879735
12.062350288942945 -31.75029545770642
-32.21526613631586 -3.5975865850873503
-7.521375761003912 -56.195503823335514
-7.244394532620452 28.75857099948452
70.82403749535376 55.01323950223294
74.48020454839683 17.417431149541965
24.339551394137338 -106.37004839929155
115.82240526609742 39.32639439971859
60.08896953399066 79.51167054160567
-12.77607064498221 -61.547552425909196
-115.21465222046794 21.078781447699445
65.27235861696046 28.729304094104563
-69.95501522491413 -64.70026899389354
46.3786116274753 -67.34260125068721
-72.77576990405022 -7.834088356194178
-32.59760476934091 -125.93257713529842
3.2498958024136964 9.55251898212598
51.595486955896874 126.14784293827685
-74.5483309786891 107.77120438311212
96.42856471102982 91.12487975873104
13.8147967562043 78.02309435922758
75.87158252640414 -110.74921878821651
-66.8032851758365 120.96087369307368
-61.57470623080825 -42.73861459762631
43.59379147716903 -133.94651725940324
34.91836498971066 -132.21354908552107
48.284433894888366 -35.20733135499479
99.33418765408797 37.36043671032753
30.407521155652745 -80.97522807014411
103.16796676001393 -86.77830573750903
65.55052930464852 43.445257936510174
-107.73503738151663 -84.01492143248335
16.398346379858094 76.21888629985163
112.50520015888853 -79.90766563399512
32.78766710829503 58.45397267856964
81.01417528047197 46.77901400777543
-64.92573923804024 77.73188765612548
91.2683370956104 -108.28821111935211
125.30004791821085 -69.96774008166304
-42.48995360623576 135.2771698561779
75.86277539291544 -8.323007684836355
-29.61845756712691 95.0304857068363
-76.65554476700878 -6.384510459106079
80.51481869317873 10.774365770147835
-112.79292924554105 -9.643949384980232
-86.26175678170235 64.3792238148276
45.688707798368796 133.7128592814337
-35.33010799251306 50.939992023669724
-35.326488610500206 92.5979129171954
31.90803452721289 -45.311923764400575
102.94532190826158 10.97970049530185
45.89294390997305 -2.51988734755997
-107.11844704616301 51.973018961300006
73.52895480356537 -54.361193602907434
65.83304011575812 -31.54269771308494
118.10215900957625 -65.07289368602802
93.56839123609194 -77.42753695893565
-140.61444354842757 -28.013595591602453
138.0735046204415 41.24119229670576
148.74542263407994 15.641790753539762
-21.01976363188447 92.84544059781001
76.55582315008955 -78.16970032278905
61.52753760371776 -127.05169447098699
-41.542143664366435 72.28909665015435
-19.03023042795638 -120.45670726408616
86.57633944875732 -18.497967806115152
42.40017538090833 -27.45614485946861
-148.05416203121322 -5.302927319402465
