140.9002488330949 -41.35857968735938
-107.15861863482378 -18.303986867414945
-149.43879926095738 -11.002440890573313
-33.32398403367037 -28.840172852951103
72.60801781897463 -6.486722408918764
46.353512240795496 -61.98896812794515
-57.60995497698276 -40.92249486900405
-17.722338747259233 33.1176734487295
-34.029943162599025 65.61199276671017
-105.14532655595731 -93.79150888568094
-30.708099639854172 -139.68229199553616
2.0086861590059404 84.3907354925703
-103.22435364681512 -28.440511373704716
-59.446762338937326 0.9304148260786583
-123.68575743343773 14.147192592762384
129.99651772458242 74.51617828326751
-100.48896686159591 -74.58635351659578
62.76154279792528 39.91773813034171
-98.52546472986361 23.852893461220084
-84.90782751963044 99.58268087635534
-44.92862635940005 42.645958621813925
68.36584498502586 0.09306947718005401
35.888233664110935 17.6774967884028
-132.29088346676085 54.8792912260023
124.74317506051507 -71.22217179808679
-98.57012389678508 25.69452121197542
-134.61878236028986 -32.88319047142136
8.985689728228374 -119.98500200953222
-46.6163500216036 25.597574631437134
-42.38246751532904 120.39005375735056
85.6258454857215 -88.61104910870966
-97.19696842814135 8.230596317676365
-106.91725646646584 30.195965812477425
43.90917248748295 59.054094342268854
85.68803965798034 113.35608712591605
96.33149587608102 30.326208274234457
-42.170138025994575 -83.40035497490169
104.76582716213831 98.76957132028814
42.44640553083429 24.735410229736736
33.21589625124148 74.0626047035394
148.68329025518128 13.100352744242556
52.134526091317255 4.953663594018005
-127.31864783330467 -41.09929199676528
-76.81747261877685 -58.34546169920013
79.37605637284038 -66.56319506331054
-42.91105216920583 -50.10467732345417
-102.61205927269073 -82.77837755695086
107.41345182923027 -6.867007797358216
54.00965224897586 -99.8154470922778
-114.3871323588741 -59.32492695608244
74.73726074039546 -97.51740026150175
4.588894674216842 -15.240037392845098
-40.962440254298855 -26.487084961999106
-6.644678011752944 36.698382019935785
-77.0727324363565 102.48091497856001
-25.984313203030172 29.29904078515682
-1.1233835458374506 84.16660192689703
14.273364322957846 -63.892222752761825
45.5973292566246 -132.51138268758984
-43.29711353865225 -93.90881777553601
28.457949120388946 102.04389394866385
62.65523403708962 109.64456087113115
82.13269355956119 -117.29909648481637
62.589378743066874 115.58835413725093
42.62003902429346 -133.84001845212205
-1.66004326589281 41.66450334217341
66.40229335875405 12.653340125204231
92.49325637042304 -55.92475299203218
-10.80949483416151 123.0288426368375
-80.53566404546005 -14.019239474368066
-76.59519372090469 -103.40679647897322
-105.02360010565371 68.64294195391608
-119.56707205938963 -42.47603974108883
47.00119610417545 121.62439148137823
124.13719187296581 -55.57313404145077
-140.1646861861466 -7.460509071031487
-124.39123032770533 -37.00525404821616
59.52022706288449 -33.90014382541162
86.81731340377546 -70.95624120957721
43.098534460703135 -140.32676689849689
-63.73933002697599 -59.577311586572
-112.27198445132828 36.091614630511884
4.140672147956495 -82.89159200570744
-30.91853348429051 -8.416218686832694
-39.9853365420325 -121.0979722092946
1.1576537100687057 11.714457467851263
-58.06012405321082 60.624600864827094
-125.10343714565931 -52.0368199269077
7.064601748706178 82.18183499900388
-61.62114482485939 115.34813590767693
11.738696223787292 87.30022618342426
-47.66078241093338 17.359491348569087
-120.0293906235606 -36.443881051441466
96.09193831132717 -4.137383033898567
-69.35820499701367 10.692127116172783
-37.8741266269263 -103.06833281309856
-117.36813016597246 7.650993164946425
123.42945744940934 -76.10131455653327
-96.59773132539821 -74.14079396823227
78.0227632414889 -32.684710798850794
-125.28932389712983 7.835641152435379
-141.90302968236682 -12.837797469510146
110.2278958171431 47.92597248787998
-100.34514198462921 -63.813409641978716
28.99998536245576 112.64572838468695
-55.841031390011395 110.82087533635676
68.52275013042525 -114.68683277411286
-6.845497548423287 103.54244418888852
114.10230445298153 -25.519481754448847
-113.96613545812599 6.202872442785911
42.442468048865614 -23.67235086758624
20.614790272127728 35.55863497409087
115.19818762332545 -71.5858665351161
76.27361843309588 51.608408115192546
-24.181067046652007 112.72707437679217
-62.74959979201217 -7.848995365139605
-94.97317883449794 -104.76846376587001
21.114350209653836 107.24417894015694
130.28071273030963 68.99554952269088
23.28658465794173 51.761881410711496
-10.680233048063428 61.30293692891289
-70.51963900036986 -131.60544387989307
25.874657677761526 31.374475947158146
-54.341865596876026 134.33009046042272
-89.8967227733922 -108.0874719255399
-130.10343564666545 -33.67613043472627
28.712917388314427 34.37802107671751
61.138179770629606 -134.4796623538138
-123.61474192629827 23.49142669203534
45.64419666421654 -17.81068477548696
16.85132024391541 24.431006208648625
-77.47354505409858 -97.56274915163668
-40.00996075496182 -52.86449284496463
86.12436851608189 -31.889823208471302
46.84907708989936 -120.10208238481475
-115.88479493463656 71.74653311609194
-27.27931309082583 102.49052396043946
-26.496599219554007 -55.10456392316728
-143.82379489192064 23.918968079143774
17.56494956186074 -85.58553394620947
25.289394717485063 109.02560141323227
-91.56940284756887 -101.93688118924148
-56.7595700944227 -87.22380867625388
-128.6522612346877 -15.156328848061166
35.694008782781346 -87.38735582112231
97.00053295840063 -85.33285991581208
143.3276477027929 30.889839405183977
-57.52789878847863 45.98914065784367
-0.9736947342253071 -53.75010116733034
88.47221672026397 -74.93529287187258
-35.063429556515594 -74.06688829261273
131.95681461798353 59.535268005705014
116.79288064401894 5.951537243790886
3.7943380898917787 48.65977914886922
126.46440799361264 29.14498481659567
73.75201487272837 38.80424896679296
15.994460194551367 145.40718622359313
-61.321871901229976 -87.78675343267732
43.347781130121106 93.1367421898139
128.77607967633782 -37.27915054451142
-62.65234737001247 0.6572894768545471
-50.07648961153508 -81.1779926830576
-57.37805429037061 7.559117420080978
104.39561573211282 36.966768849698575
-97.8601346369432 0.7975691850140143
61.043765318625184 59.819458979404516
70.00484481358981 -72.35188303629658
-16.941963986835788 96.41008342180464
-120.55631713750878 -8.600360759980811
134.79789389836534 -20.41765556832033
101.77180796724261 64.83837485659882
-65.91351049729913 41.786194334130755
-52.16902407310952 94.00691929193086
20.284264434158843 44.11706360397198
13.235967469615177 -93.9407970872505
-73.76857096187224 -68.14980561099696
2.4742177274991466 -128.54508251286092
92.75399013293845 116.01214645660811
-92.39939856778183 -61.84222408102618
116.8646067365251 83.03473453402258
95.43811473223177 -14.989800407078654
143.14033735859806 6.288428766720675
109.24531663876873 -16.94440579302795
-60.718100682981174 95.51909315378327
-122.20241066353523 41.533079825036545
16.1723062745489 26.148540925418942
77.65690307332518 -51.94131765908192
94.90541833620782 -21.153645583932196
92.53803361382549 13.869957680126998
10.519491063742779 83.69754748141041
-41.587401087651955 -83.20175258886628
1.5273873269766851 48.249528848193734
-130.9455198657154 9.585163862660096
58.02569188009073 -132.93259870678838
-21.38527234544123 33.04420100358549
80.08515130419423 119.22021489980355
-56.901351259364006 -86.25217806688288
39.98281690256308 110.22282929190733
87.26525392389648 73.1419735546626
-74.07158632629833 -18.492972007559665
