88.58164027970119 -113.05821501533204
34.881274250141516 3.037470393293332
24.56891025239655 116.7114941613601
0.8712725471463983 118.91659608980498
-91.13596022168493 -103.81912325367206
-5.511140760743512 60.55039726243789
-144.18914329585252 12.163441686453009
-97.86174912368156 62.46578357474703
65.91792748548312 105.70268912353755
34.83262949183827 -34.251947763433755
-132.9686567649715 60.76301672249785
65.89802037538104 21.83800747072094
33.12335362087805 73.20154566298663
126.53273207836173 33.17022644664127
-39.46725350399354 16.672799282597705
65.53965311012722 -107.19382957455078
88.2915632225802 23.687362494832623
71.0323780912485 82.70315205553355
-77.97882020311012 -38.572478620450774
-143.027432694732 -43.015882224313934
-144.3497447167068 -34.656503725543224
-27.06157275410762 -126.77726255234207
90.66857816266877 89.63657706781268
-48.03707592383962 -69.41705528174371
2.4023854645174447 132.94798827817942
-59.05794878409937 -38.13675562938331
73.72407469629401 104.51136792073488
-19.973658634048217 -145.41592888129324
-65.79158127089698 -86.12648955473455
39.551527754918325 32.71210799868847
-23.576623647787287 -105.98888396546786
137.95792543795554 -32.988315809121325
-76.58315018608668 76.68115540906096
-114.05709535083369 -0.6513827129732961
-97.08396282812676 99.87294412020539
-93.76623638649725 -62.60069893412877
104.66572081653747 -87.88794418568393
94.45307561038258 -32.74907686533454
123.73569482704252 68.90462118340534
-130.21456857764065 30.815107376482114
50.643806226570945 -62.93688616920614
75.13970291304246 -35.76200232922039
48.021667046353734 -84.10625387844618
58.57427114731175 -17.88497431415626
97.43096430559562 -57.343115856832085
-85.66738617320358 -41.949926803083166
17.954049187481317 29.970125622282566
2.4092378734454094 62.16521110793118
100.94859031235572 6.897646960116277
-70.60075838366393 -44.917921068374774
48.641133205499216 61.320398647479124
-127.30017629957177 -27.694351961926483
25.37538799197699 136.01126334658662
-40.548719928107644 80.30177156058924
102.19307711270115 -50.149121616169566
-109.61349884573575 -37.4214192838884
-50.013005118419336 -59.90504818056228
115.90154821844651 -37.344101991397935
60.957103623961025 -45.505885818579394
-103.59357397180952 9.831952191220472
-109.69926463850238 -40.86015524205296
-3.9615918565159554 75.34327657236048
9.247163119842192 -142.6232532661094
-21.542076108802334 8.156465926381538
-105.59646110661298 35.30460023681377
119.08439692934078 88.06735161472098
-106.73638953199512 -7.535405006001785
120.69767823447259 -72.84900848664434
-63.4038751399975 54.60050514391446
66.37520029577854 -41.23678175005809
-15.4234024549638 -121.85896485039441
13.192836178112787 6.957881446318407
-137.05983754191467 34.81318318866216
-142.7812297562733 28.732664762208614
51.189970931835965 -34.63221141191546
-70.09766928635302 -46.62124726449747
-47.35758512294463 71.61886867373319
85.18803013798815 25.764242356986163
-1.718558034019753 125.1060627439824
-44.091127133928204 -56.4288919927436
-63.182307021991 -116.61332812368607
-67.35950823615386 -4.895163425458809
125.6573172233399 -74.2235731867304
104.87142383324618 76.28805701172021
-4.4421552215527 -108.01003918785014
1.5777086755260865 136.58964337215141
-109.97779121179576 77.81974632753996
49.494555337659705 -58.63800524682996
70.10662882908107 -132.11667636459347
-75.63840341166006 -86.89981592793661
-21.47858772279952 76.22435520184457
5.779948625314582 80.63871786397854
24.532862317406334 -135.15375675693167
69.0883816548263 55.56929659338983
140.2424627725205 -28.87789231604139
-70.93170143217107 2.712409628745399
-124.6658291831351 -55.22254141864315
-87.89709584052873 -36.98965547354716
-0.9426756569890566 68.19405659336039
90.6326524629764 -82.12517716486984
-42.64706262541179 -52.21600961551673
-9.507942415541178 13.626023280999053
18.83440083220857 68.19729036697973
-1.7933309854083714 135.3533528433469
122.37492148526306 -3.215978751320408
-103.35528054746979 -76.07574527328408
-105.58326033135764 -103.97264844442842
63.51382543214192 32.79078616657588
-49.11102132551352 91.69649342013567
2.595074206881621 100.46137730108354
2.2391746064831937 -65.07970323175216
-89.66257672005754 24.74002169538021
11.210247837747369 139.89909855033397
-87.66988459247331 114.24516162620627
108.56626482938131 44.401038628230936
-122.43310442940658 17.49731969714688
14.62195120100869 -111.32249757420713
106.03519368428438 14.713691425886916
-66.04452655287353 -133.7624281707441
-54.66500783628485 77.79827332664223
-47.477883532249315 -101.63364249882203
89.73924872739455 106.19074583421101
24.16217237095485 -72.9820590643413
49.87364900178202 -67.23732042661935
37.79195743258311 -49.62438644186567
-120.80837562594826 18.408388179255365
46.31658331296896 115.15658256925511
12.143761499793621 28.913103511467774
72.5281448660776 121.5969851618322
116.59636836480823 -2.059590187696505
-102.50978775969678 -37.68138990330804
-125.54861051682558 44.64837680949988
-68.35071215746008 100.31554880433613
22.882450097592436 45.65652041860922
-63.41549274535047 -93.76881353136658
-125.80562493156744 51.35954402694
20.01616234569401 -88.63412077546991
-88.26669108784274 -78.42369992081245
-69.34602712251794 -51.33839212194964
-87.91069432086513 97.4868155737012
18.661084674376113 -43.75134827002108
113.2963134110484 -92.87214145889082
-22.547050256778967 -111.46139296988481
-74.41162038153435 65.04214351299804
-86.24553324184365 -37.009188634175814
15.955666447075703 2.3660054377629645
17.375881075296686 -28.745265466395107
128.89938842441143 -14.779516794056105
-19.968864465168693 50.050570063512076
-87.41954653459008 -78.94761895229959
-69.49457512286982 -61.07186530449926
75.59796288459206 -22.30304877597445
-92.4731284749604 104.39283178796504
69.51926676960771 68.86942310194264
-1.6732527757024096 -125.55981145799291
136.86810836561793 -4.205438891862814
-5.367930876843096 85.59920740161758
115.46524640532523 -11.177900397777067
-129.93118856314592 2.6531812598207813
118.59974667522222 17.749335557376167
145.58495236279006 -2.6887144784652035
-79.94401125992283 -101.05028548588012
-50.245303681371716 44.56514205816726
73.16713787937344 -80.48743080036068
-86.63826523649877 18.41043702160035
-69.64569134703027 117.51200565596713
15.381335489981177 -104.00308880870239
-94.26080991595535 -81.87210142235679
-123.1927565516129 68.85202375725389
91.37900970492986 -26.76504368860539
-63.14314495545201 96.3033433742655
-9.598376485853388 128.80183023265806
67.76058135141014 38.595333863639695
-118.98864189320628 78.89963823073914
24.749444846524145 5.548440648170518
37.305151345536586 42.64542204567115
-139.6352162131675 29.801290112832742
-93.81382568730253 19.609671760879664
95.2801099169738 101.72769393697703
131.62952721041052 65.16286705249456
90.3042971895911 -1.383191148187411
59.1854772101122 134.44221226625504
15.586726114968378 64.83853697623606
-125.51210006748578 78.4388045312493
59.024821025256685 100.49787725886645
71.47702814418007 -3.6797730544643357
129.34878986044464 -41.85545548438373
37.664390477565675 76.11865837922794
67.29218052680662 -74.08121757432185
-127.29138894931651 -48.47261240200358
17.95483619266151 -114.26457430545504
40.614329238138296 -83.71883320934907
-137.27199036539477 38.61734934712579
-94.10905206709121 56.2253377335763
45.20441268949627 40.00636790800307
2.6966813962958573 131.37691382360518
-102.7981536481091 -2.2148316006121247
110.02589040882148 -96.71968777098256
-109.64409493122017 -24.297739779473048
56.93750318929427 76.84459263559101
